0	1.000000	0.000000	0.000000	0.000000	1.000000	0.000000	
1	1.002112	-0.001798	5.796082	0.001798	1.002112	-2.066559	
2	1.001709	-0.002265	6.739563	0.002265	1.001709	-2.675964	
3	1.002577	-0.002318	5.806519	0.002318	1.002577	-3.496002	
4	1.002031	-0.001697	5.547058	0.001697	1.002031	-2.668182	
5	1.002196	-0.001628	5.334717	0.001628	1.002196	-2.837097	
6	1.002300	-0.002142	4.725403	0.002142	1.002300	-3.183441	
7	1.002448	-0.000738	3.899536	0.000738	1.002448	-1.915649	
8	1.001274	0.000167	4.251099	-0.000167	1.001274	-1.857971	
9	1.002486	-0.000789	1.487549	0.000789	1.002486	-3.267090	
10	1.001915	-0.000458	1.814453	0.000458	1.001915	-1.186371	
11	1.001591	-0.000640	0.994629	0.000640	1.001591	-2.756912	
12	1.002168	-0.000802	-1.711609	0.000802	1.002168	-5.814667	
13	1.001603	-0.001100	-2.331055	0.001100	1.001603	-4.984695	
14	1.001538	-0.000797	-3.497559	0.000797	1.001538	-3.968613	
15	1.001528	-0.000237	-3.659302	0.000237	1.001528	-1.651672	
16	1.001521	-0.000567	-5.142517	0.000567	1.001521	-2.046860	
17	1.001513	-0.000099	-6.068481	0.000099	1.001513	-2.031403	
18	1.001032	0.000252	-5.655762	-0.000252	1.001032	-1.089432	
19	1.001080	0.000453	-6.034546	-0.000453	1.001080	-0.408035	
20	1.001240	0.000700	-6.267761	-0.000700	1.001240	-1.043625	
21	1.000608	0.000976	-4.624268	-0.000976	1.000608	0.422302	
22	1.001080	0.001058	-5.491089	-0.001058	1.001080	0.326065	
23	1.001189	0.000941	-5.105225	-0.000941	1.001189	-0.833069	
24	1.001398	0.001001	-4.418457	-0.001001	1.001398	0.148071	
25	1.000432	0.001055	-1.690186	-0.001055	1.000432	1.914642	
26	1.001048	0.000540	-2.232300	-0.000540	1.001048	2.784561	
27	1.001227	0.000522	-1.659180	-0.000522	1.001227	0.825821	
28	1.001474	0.000997	-1.798340	-0.000997	1.001474	1.300156	
29	1.001276	0.000515	-0.516968	-0.000515	1.001276	2.390884	
30	1.000612	0.001257	1.540039	-0.001257	1.000612	3.449097	
31	1.001051	0.001189	1.401367	-0.001189	1.001051	-1.105103	
32	1.000852	0.000644	2.683838	-0.000644	1.000852	-0.348740	
33	1.001932	0.000098	2.772583	-0.000098	1.001932	0.704697	
34	1.001606	-0.000457	4.573975	0.000457	1.001606	1.074585	
35	1.002984	-0.000701	4.364990	0.000701	1.002984	2.873199	
36	0.999987	-0.003651	8.142883	0.003651	0.999987	0.514664	
37	1.001860	-0.003775	5.813232	0.003775	1.001860	-1.377228	
38	1.001879	-0.002513	4.458374	0.002513	1.001879	0.612701	
39	1.001945	-0.002523	2.666626	0.002523	1.001945	0.537903	
40	1.001017	-0.002450	2.611816	0.002450	1.001017	0.767822	
41	1.001598	-0.002081	0.447998	0.002081	1.001598	0.922455	
42	1.001062	-0.001619	0.832031	0.001619	1.001062	0.895844	
43	1.000925	-0.001076	-0.520264	0.001076	1.000925	0.987152	
44	1.001078	-0.000802	-1.384644	0.000802	1.001078	0.220703	
45	1.001174	-0.000219	-2.292603	0.000219	1.001174	0.252625	
46	1.000431	0.000210	-1.720825	-0.000210	1.000431	0.993958	
47	1.001151	0.000400	-3.423218	-0.000400	1.001151	-0.163849	
48	1.001326	0.000530	-4.339478	-0.000530	1.001326	0.094299	
49	1.000724	0.000685	-3.557251	-0.000685	1.000724	0.611145	
50	1.000980	0.001303	-4.327393	-0.001303	1.000980	0.491699	
51	1.001820	0.000101	-6.938782	-0.000101	1.001820	-2.640930	
52	1.001611	0.000611	-6.595459	-0.000611	1.001611	-3.390640	
53	1.001052	0.000789	-5.458496	-0.000789	1.001052	-2.323212	
54	1.000948	0.001688	-5.464966	-0.001688	1.000948	-0.930573	
55	1.000278	0.002198	-5.152100	-0.002198	1.000278	1.260635	
56	1.001569	0.002488	-8.497131	-0.002488	1.001569	0.575317	
57	1.001687	0.001604	-9.670654	-0.001604	1.001687	-0.619278	
58	1.004080	0.004016	-11.508972	-0.004016	1.004080	1.377136	
59	1.001568	0.003517	-10.712036	-0.003517	1.001568	1.129715	
60	1.003699	0.003393	-10.145691	-0.003393	1.003699	-0.043396	
61	1.000535	0.002742	-6.526855	-0.002742	1.000535	0.280136	
62	0.999887	0.002667	-4.900269	-0.002667	0.999887	-0.184799	
63	1.001179	0.002119	-5.588501	-0.002119	1.001179	-0.929459	
64	1.001235	0.002110	-5.634277	-0.002110	1.001235	-1.106003	
65	1.000974	0.001857	-3.340332	-0.001857	1.000974	0.831421	
66	1.000564	0.001738	-2.221313	-0.001738	1.000564	0.619308	
67	1.000893	0.001877	-2.354004	-0.001877	1.000893	-0.566803	
68	1.001557	0.001115	-2.520386	-0.001115	1.001557	-1.159225	
69	1.001283	0.002055	0.415527	-0.002055	1.001283	2.009674	
70	1.001949	0.002053	-1.107666	-0.002053	1.001949	-2.288361	
71	1.001775	0.001099	0.770020	-0.001099	1.001775	-3.556412	
72	1.001869	0.000596	0.967773	-0.000596	1.001869	-1.188828	
73	1.002243	0.000912	1.610840	-0.000912	1.002243	-0.740982	
74	1.002208	0.000665	2.743896	-0.000665	1.002208	0.805878	
75	1.001993	0.000547	3.195801	-0.000547	1.001993	0.375854	
76	1.001538	-0.000207	3.662659	0.000207	1.001538	0.086060	
77	1.001706	-0.000628	4.013184	0.000628	1.001706	0.365234	
78	1.001481	-0.001132	4.862061	0.001132	1.001481	0.489410	
79	1.001680	-0.001132	4.161011	0.001132	1.001680	0.592926	
80	1.001755	-0.001077	4.218994	0.001077	1.001755	0.346680	
81	1.001597	-0.001079	4.027222	0.001079	1.001597	0.474762	
82	1.001168	-0.000469	3.835876	0.000469	1.001168	0.822388	
83	1.001616	-0.000867	2.315796	0.000867	1.001616	-0.518250	
84	1.000803	-0.000556	2.060181	0.000556	1.000803	0.214905	
85	1.000754	-0.000598	1.010254	0.000598	1.000754	0.391312	
86	1.001441	-0.000811	0.356689	0.000811	1.001441	-1.223785	
87	1.000605	-0.000675	-0.763184	0.000675	1.000605	-3.029388	
88	1.000660	-0.001489	-1.680786	0.001489	1.000660	-0.568314	
89	1.000090	-0.001758	-1.131470	0.001758	1.000090	0.173828	
90	1.000990	-0.001091	-2.808594	0.001091	1.000990	-4.667236	
91	1.001644	-0.001698	-3.823242	0.001698	1.001644	-4.846573	
92	1.000248	-0.001566	-1.673340	0.001566	1.000248	-1.533493	
93	1.000004	-0.001945	-2.145996	0.001945	1.000004	-0.986115	
94	1.001805	-0.002275	-4.574585	0.002275	1.001805	-2.918762	
95	0.999793	-0.001583	-3.979004	0.001583	0.999793	-2.417221	
96	0.999728	-0.001141	-4.821533	0.001141	0.999728	-0.418884	
97	0.999257	-0.000412	-4.900513	0.000412	0.999257	0.864380	
98	1.002849	-0.000767	-7.863831	0.000767	1.002849	-0.577209	
99	0.999614	-0.000105	-4.605591	0.000105	0.999614	1.150726	
100	1.001753	0.000571	-6.116150	-0.000571	1.001753	1.006714	
101	0.999662	0.000652	-3.677124	-0.000652	0.999662	2.180069	
102	1.000368	0.000852	-3.820923	-0.000852	1.000368	2.091248	
103	1.000026	0.000531	-2.837646	-0.000531	1.000026	2.710281	
104	1.000458	0.000953	-2.251221	-0.000953	1.000458	3.522568	
105	1.000223	0.001325	-1.795288	-0.001325	1.000223	1.556534	
106	1.000975	0.000959	-0.574341	-0.000959	1.000975	1.058289	
107	1.001330	0.000378	-0.077881	-0.000378	1.001330	1.107880	
108	1.001040	0.000308	0.475464	-0.000308	1.001040	1.768707	
109	1.001478	0.001348	1.353516	-0.001348	1.001478	-2.280304	
110	1.001092	0.000957	2.796143	-0.000957	1.001092	0.741394	
111	1.001096	0.000905	5.114319	-0.000905	1.001096	0.588715	
112	1.002564	0.001090	5.373047	-0.001090	1.002564	0.863312	
113	1.002857	0.000482	5.836548	-0.000482	1.002857	0.963104	
114	1.002620	-0.000741	5.486877	0.000741	1.002620	-1.165070	
115	1.002312	-0.001569	5.206665	0.001569	1.002312	-0.990631	
116	1.002179	-0.001872	4.823364	0.001872	1.002179	-0.879578	
117	1.001937	-0.001248	4.405029	0.001248	1.001937	0.048645	
118	1.001629	-0.001367	4.824219	0.001367	1.001629	0.050140	
119	1.001931	-0.001724	4.551331	0.001724	1.001931	-0.451538	
120	1.001219	-0.001679	5.043274	0.001679	1.001219	-0.309753	
121	1.001952	-0.001714	3.813232	0.001714	1.001952	-0.977692	
122	1.002003	-0.001753	2.700256	0.001753	1.002003	-1.406311	
123	1.001704	-0.000835	1.229980	0.000835	1.001704	-0.608398	
124	1.001104	-0.000826	1.391907	0.000826	1.001104	0.756195	
125	1.001150	-0.000645	0.141479	0.000645	1.001150	-1.616943	
126	1.001225	-0.001014	-0.286865	0.001014	1.001225	-1.566238	
127	1.000230	-0.001623	-0.050659	0.001623	1.000230	2.913315	
128	1.000031	-0.001315	-2.497803	0.001315	1.000031	-1.050659	
129	1.003988	-0.000844	-4.736755	0.000844	1.003988	-3.080719	
130	1.000418	0.000140	-2.822388	-0.000140	1.000418	-0.837616	
131	1.003108	0.000136	-4.894348	-0.000136	1.003108	0.186707	
132	1.001328	-0.000456	-4.723083	0.000456	1.001328	0.391632	
133	1.003685	0.000009	-7.119019	-0.000009	1.003685	-1.398773	
134	1.004572	0.000334	-8.216431	-0.000334	1.004572	-1.345703	
135	1.000054	0.000435	-4.930176	-0.000435	1.000054	1.310516	
136	0.999662	0.000028	-4.614746	-0.000028	0.999662	0.515167	
137	0.999756	0.000366	-4.296509	-0.000366	0.999756	0.604858	
138	0.999500	0.000998	-3.565308	-0.000998	0.999500	1.865936	
139	1.000149	0.001119	-3.890137	-0.001119	1.000149	1.171906	
140	1.000087	0.000396	-3.501465	-0.000396	1.000087	-0.009384	
141	1.000311	0.001145	-3.409668	-0.001145	1.000311	1.177399	
142	1.000715	0.000800	-3.216370	-0.000800	1.000715	1.484589	
143	1.000687	0.001277	-2.576050	-0.001277	1.000687	1.409943	
144	1.000741	0.002501	-2.587646	-0.002501	1.000741	1.579254	
145	1.001532	0.001864	-2.257996	-0.001864	1.001532	1.497589	
146	1.000348	0.001650	-0.780762	-0.001650	1.000348	5.330994	
147	1.000941	0.002236	-0.071289	-0.002236	1.000941	2.738251	
148	1.001331	0.003013	0.470459	-0.003013	1.001331	1.266357	
149	1.001460	0.002366	0.649231	-0.002366	1.001460	2.644348	
150	1.000888	0.001701	1.767944	-0.001701	1.000888	3.388794	
151	1.001204	0.001918	2.700989	-0.001918	1.001204	5.201569	
152	1.001080	0.000926	3.727173	-0.000926	1.001080	3.910553	
153	1.001613	0.000308	3.707031	-0.000308	1.001613	1.833160	
154	1.001083	-0.001000	5.490540	0.001000	1.001083	0.342651	
155	1.001010	-0.001188	5.869507	0.001188	1.001010	-0.103912	
156	1.001329	-0.001771	5.880859	0.001771	1.001329	-1.673035	
157	1.001393	-0.001464	4.596252	0.001464	1.001393	-1.064850	
158	1.001450	-0.001618	4.194946	0.001618	1.001450	-1.016632	
159	1.001091	-0.001639	2.837219	0.001639	1.001091	-0.313202	
160	1.000937	-0.002114	1.988586	0.002114	1.000937	-0.397797	
161	1.000907	-0.002312	1.760010	0.002312	1.000907	-0.287262	
162	1.001001	-0.001626	1.323914	0.001626	1.001001	1.603790	
163	1.001137	-0.001510	0.994568	0.001510	1.001137	0.595093	
164	1.000715	-0.001960	0.572937	0.001960	1.000715	-0.624268	
165	1.000170	-0.001788	0.100952	0.001788	1.000170	0.507416	
166	1.000769	-0.002079	-1.383972	0.002079	1.000769	0.758606	
167	1.000106	-0.001161	-3.207031	0.001161	1.000106	-1.420410	
168	1.000268	-0.000599	-2.520752	0.000599	1.000268	-0.227783	
169	1.001185	-0.000764	-4.109802	0.000764	1.001185	-0.669403	
170	1.000080	-0.000558	-3.941162	0.000558	1.000080	0.547729	
171	1.000007	-0.000480	-4.804810	0.000480	1.000007	1.028290	
172	0.999768	0.000002	-5.738525	-0.000002	0.999768	-0.264313	
173	0.999852	0.000337	-5.656494	-0.000337	0.999852	0.959869	
174	0.999041	0.000198	-4.631714	-0.000198	0.999041	0.672394	
175	0.999860	0.000611	-5.509521	-0.000611	0.999860	0.749329	
176	0.999660	0.000709	-5.174805	-0.000709	0.999660	1.413239	
177	0.999684	0.000985	-4.934814	-0.000985	0.999684	1.639771	
178	0.999755	0.001135	-4.779907	-0.001135	0.999755	1.849518	
179	1.000145	0.001594	-4.092285	-0.001594	1.000145	1.464874	
180	1.000248	0.001146	-3.309082	-0.001146	1.000248	1.661011	
181	1.000752	0.001471	-2.948730	-0.001471	1.000752	1.958862	
182	1.000628	0.001978	-2.555054	-0.001978	1.000628	2.770508	
183	1.000732	0.001791	-1.567383	-0.001791	1.000732	1.036591	
184	1.001426	0.002295	-2.480591	-0.002295	1.001426	4.081879	
185	1.000586	0.001711	-2.476074	-0.001711	1.000586	5.870636	
186	1.000563	0.002048	-3.158447	-0.002048	1.000563	0.245514	
187	1.000906	0.002820	-0.779053	-0.002820	1.000906	3.067932	
188	1.000604	0.002824	-0.223755	-0.002824	1.000604	3.224426	
189	1.001660	0.002496	-0.678589	-0.002496	1.001660	2.568268	
190	1.001423	0.001917	1.239563	-0.001917	1.001423	3.564148	
191	1.001477	0.001974	1.038330	-0.001974	1.001477	1.899170	
192	1.001820	0.000548	1.919250	-0.000548	1.001820	0.166595	
193	1.001209	0.000127	1.573486	-0.000127	1.001209	0.914093	
194	1.001485	0.000288	0.314941	-0.000288	1.001485	0.452728	
195	1.000923	0.000049	0.122192	-0.000049	1.000923	0.807129	
196	1.000644	-0.000354	0.209229	0.000354	1.000644	0.413086	
197	1.000357	-0.000090	0.509644	0.000090	1.000357	0.597809	
198	1.000233	-0.000323	0.369751	0.000323	1.000233	0.364868	
199	1.000749	-0.000980	-0.273315	0.000980	1.000749	-1.025391	
200	1.000420	-0.000630	-1.214966	0.000630	1.000420	0.016876	
201	1.000011	0.000105	-1.678833	-0.000105	1.000011	1.734863	
202	1.000773	0.000073	-3.938721	-0.000073	1.000773	-1.231171	
203	1.005333	-0.000825	-6.427185	0.000825	1.005333	-2.699554	
204	1.000383	-0.000460	-5.088806	0.000460	1.000383	0.959656	
205	0.998602	0.000410	-2.293579	-0.000410	0.998602	3.078827	
206	0.999373	0.000070	-3.531738	-0.000070	0.999373	-2.462708	
207	1.000726	-0.000001	-4.744019	0.000001	1.000726	-2.241730	
208	1.000222	0.000089	-3.791260	-0.000089	1.000222	-0.950653	
209	1.003085	-0.000195	-5.864502	0.000195	1.003085	-1.620667	
210	0.998728	-0.000343	-2.686646	0.000343	0.998728	-0.062347	
211	0.998498	0.000943	-4.201294	-0.000943	0.998498	1.869263	
212	0.999359	0.000347	-5.615601	-0.000347	0.999359	1.082428	
213	0.998971	0.000691	-4.987183	-0.000691	0.998971	0.885529	
214	1.000665	0.000368	-7.826660	-0.000368	1.000665	-0.847778	
215	0.999125	0.000976	-5.386963	-0.000976	0.999125	0.577118	
216	0.999299	0.000914	-4.973755	-0.000914	0.999299	0.459717	
217	0.999725	0.000660	-5.137329	-0.000660	0.999725	-0.052338	
218	1.004609	0.000520	-8.079712	-0.000520	1.004609	-1.801147	
219	0.999827	0.000304	-3.088623	-0.000304	0.999827	1.160461	
220	1.000140	0.001044	-3.001953	-0.001044	1.000140	0.952499	
221	1.000073	0.001101	-2.187622	-0.001101	1.000073	-0.371811	
222	1.001552	0.000411	-2.774292	-0.000411	1.001552	0.530609	
223	1.001138	-0.000116	-3.176392	0.000116	1.001138	0.063171	
224	1.001188	0.000173	-2.589600	-0.000173	1.001188	1.109619	
225	1.001179	0.000616	-2.455811	-0.000616	1.001179	-2.693451	
226	1.001373	0.000498	-1.975342	-0.000498	1.001373	-1.100769	
227	1.001565	0.000825	-1.123169	-0.000825	1.001565	-0.799744	
228	1.001255	0.000846	0.147095	-0.000846	1.001255	0.621887	
229	1.000889	0.000459	1.429321	-0.000459	1.000889	0.903961	
230	1.001510	0.000243	1.704468	-0.000243	1.001510	-0.606384	
231	1.001473	-0.000577	1.999390	0.000577	1.001473	-1.037994	
232	1.001296	-0.000603	3.159302	0.000603	1.001296	-0.287048	
233	1.001481	-0.000904	3.875000	0.000904	1.001481	-1.780426	
234	1.001645	-0.001314	4.540833	0.001314	1.001645	-2.515778	
235	1.002051	-0.001401	4.704956	0.001401	1.002051	-3.586304	
236	1.002281	-0.000578	3.567993	0.000578	1.002281	-3.441284	
237	1.002232	-0.001436	3.326233	0.001436	1.002232	-5.428284	
238	1.002267	-0.001421	2.657593	0.001421	1.002267	-5.648163	
239	1.002339	-0.000442	0.948120	0.000442	1.002339	-4.467072	
240	1.002049	-0.000116	-0.018799	0.000116	1.002049	-4.190674	
241	1.001508	-0.000969	-0.554932	0.000969	1.001508	-4.979767	
242	1.001747	-0.000798	-1.463379	0.000798	1.001747	-4.844299	
243	1.001341	-0.000414	-2.948242	0.000414	1.001341	-4.212952	
244	1.001820	-0.000971	-3.432617	0.000971	1.001820	-2.459015	
245	1.006564	0.000632	-6.731934	-0.000632	1.006564	-7.937500	
246	1.001481	-0.001194	-2.154114	0.001194	1.001481	-6.422302	
247	1.001694	-0.000903	-1.519836	0.000903	1.001694	-6.986481	
248	1.004745	-0.001823	-3.264954	0.001823	1.004745	-6.998169	
249	1.004215	-0.002964	-4.238525	0.002964	1.004215	-4.777618	
250	1.004630	-0.002021	-6.122925	0.002021	1.004630	-7.020538	
251	1.006096	-0.001611	-6.954010	0.001611	1.006096	-7.427643	
252	1.004070	-0.002009	-6.283813	0.002009	1.004070	-7.061371	
253	1.005091	-0.000165	-6.436523	0.000165	1.005091	-7.441467	
254	1.004516	-0.000365	-5.154724	0.000365	1.004516	-6.934479	
255	1.003601	-0.001500	-3.518188	0.001500	1.003601	-7.340912	
256	1.004080	-0.000103	-3.917053	0.000103	1.004080	-7.648895	
257	1.004246	-0.000637	-3.645691	0.000637	1.004246	-8.277435	
258	1.005289	-0.002000	-4.461487	0.002000	1.005289	-8.006348	
259	1.005268	-0.001131	-4.630493	0.001131	1.005268	-6.130219	
260	1.005109	-0.001023	-5.118591	0.001023	1.005109	-5.785583	
261	1.006153	-0.000694	-5.846436	0.000694	1.006153	-7.281952	
262	1.004573	0.000937	-4.719666	-0.000937	1.004573	-1.973419	
263	1.004128	0.001100	-4.164764	-0.001100	1.004128	-3.450531	
264	1.003807	0.001624	-3.938171	-0.001624	1.003807	-3.964142	
265	1.004457	0.000365	-4.591187	-0.000365	1.004457	-5.344421	
266	1.003305	-0.000092	-3.273193	0.000092	1.003305	-3.263550	
267	1.003866	-0.000609	-3.909119	0.000609	1.003866	-3.327026	
268	1.005401	0.000293	-5.428345	-0.000293	1.005401	-1.833313	
269	1.005374	-0.000681	-5.275757	0.000681	1.005374	-3.373444	
270	1.005274	-0.001491	-4.749969	0.001491	1.005274	-4.445557	
271	1.004496	-0.002283	-4.060089	0.002283	1.004496	-4.168915	
272	1.003337	-0.001700	-3.695435	0.001700	1.003337	-4.210358	
273	1.004089	-0.001392	-4.754395	0.001392	1.004089	-4.890442	
274	1.003158	-0.002311	-4.972778	0.002311	1.003158	-4.253662	
275	1.004631	-0.000929	-7.491455	0.000929	1.004631	-4.919800	
276	1.003018	-0.002413	-7.229431	0.002413	1.003018	-5.754608	
277	0.999215	-0.002149	-2.900635	0.002149	0.999215	-4.973129	
278	1.005268	-0.001444	-9.919861	0.001444	1.005268	-6.051849	
279	0.998863	-0.001705	-2.940430	0.001705	0.998863	-2.964828	
280	0.997691	0.000017	-2.129883	-0.000017	0.997691	-0.666702	
281	0.999526	-0.001118	-5.036011	0.001118	0.999526	-5.272156	
282	1.000065	0.000449	-4.942627	-0.000449	1.000065	2.780365	
283	0.999973	-0.001919	-7.234009	0.001919	0.999973	-2.751678	
284	0.998601	-0.002201	-4.432739	0.002201	0.998601	-4.469452	
285	0.996133	-0.002881	-3.561157	0.002881	0.996133	-4.214294	
286	0.994693	-0.001006	-9.381714	0.001006	0.994693	0.133636	
287	0.994415	-0.001677	-12.333740	0.001677	0.994415	1.576477	
288	1.002120	-0.001315	-16.252563	0.001315	1.002120	-0.734131	
289	0.999351	-0.000919	-8.391602	0.000919	0.999351	-0.045380	
290	0.995751	0.001008	-7.658203	-0.001008	0.995751	3.589554	
291	0.997511	-0.000007	-8.331299	0.000007	0.997511	1.540710	
292	0.997324	0.000214	-8.447388	-0.000214	0.997324	1.108948	
293	0.997289	-0.000081	-8.738525	0.000081	0.997289	1.167969	
294	0.996442	0.000515	-7.426392	-0.000515	0.996442	2.042007	
295	0.996431	0.000283	-6.860596	-0.000283	0.996431	1.525955	
296	0.996471	0.000293	-6.143066	-0.000293	0.996471	1.783218	
297	0.996536	0.000545	-4.570312	-0.000545	0.996536	3.237305	
298	0.997210	0.000699	-4.307373	-0.000699	0.997210	4.625992	
299	0.997925	0.001021	-3.931396	-0.001021	0.997925	2.554504	
300	0.999578	0.002194	-4.489136	-0.002194	0.999578	3.206665	
301	0.999102	0.002198	-3.261963	-0.002198	0.999102	4.815338	
302	0.998775	0.000969	-1.847046	-0.000969	0.998775	2.351822	
303	1.000321	0.001747	-3.054565	-0.001747	1.000321	-0.070953	
304	1.000684	0.001392	-2.106689	-0.001392	1.000684	1.415558	
305	1.000105	0.000465	-0.721436	-0.000465	1.000105	2.023087	
306	1.000509	0.001289	0.134644	-0.001289	1.000509	4.064972	
307	1.001061	0.001113	0.344360	-0.001113	1.001061	3.894394	
308	1.001969	-0.000736	-0.125732	0.000736	1.001969	0.199783	
309	1.000874	-0.000187	1.395752	0.000187	1.000874	2.346191	
310	1.001798	-0.000291	0.575928	0.000291	1.001798	1.818192	
311	1.001617	-0.000435	0.960083	0.000435	1.001617	1.340515	
312	1.001369	-0.000331	1.797607	0.000331	1.001369	0.869461	
313	1.001420	-0.000128	1.703247	0.000128	1.001420	0.208374	
314	1.000965	0.000154	1.561035	-0.000154	1.000965	0.251953	
315	1.002009	-0.000308	-0.748657	0.000308	1.002009	-1.292770	
316	1.001405	-0.000084	-1.044312	0.000084	1.001405	-0.674988	
317	1.000896	-0.000897	-1.063110	0.000897	1.000896	-0.678116	
318	1.000697	-0.000288	-1.462158	0.000288	1.000697	-1.698624	
319	1.001362	-0.002858	-3.515259	0.002858	1.001362	-6.477402	
320	0.999738	-0.002267	-0.945679	0.002267	0.999738	-0.530167	
321	0.998040	-0.005213	-0.536499	0.005213	0.998040	-6.793777	
322	1.000941	-0.002852	-4.889160	0.002852	1.000941	-6.471603	
323	1.000015	-0.001464	-4.614990	0.001464	1.000015	-4.553940	
324	0.999443	-0.000608	-5.017456	0.000608	0.999443	-1.965317	
325	0.998502	-0.001694	-4.386963	0.001694	0.998502	-1.147919	
326	0.998580	-0.001183	-5.989868	0.001183	0.998580	-1.147537	
327	0.998604	-0.000908	-6.134155	0.000908	0.998604	-1.265793	
328	0.997994	-0.000235	-5.116821	0.000235	0.997994	-0.014847	
329	0.997358	0.001946	-3.638916	-0.001946	0.997358	2.593994	
330	0.998600	0.001788	-4.484497	-0.001788	0.998600	1.777649	
331	1.000037	0.001040	-4.270508	-0.001040	1.000037	0.732559	
332	0.999497	0.000732	-2.756836	-0.000732	0.999497	0.244232	
333	1.001365	0.000825	-4.971069	-0.000825	1.001365	-0.178528	
334	1.000696	0.000445	-2.029175	-0.000445	1.000696	-0.413864	
335	1.000137	-0.000282	-0.720215	0.000282	1.000137	0.624054	
336	1.000205	0.000264	-0.271118	-0.000264	1.000205	2.181305	
337	0.999754	0.000048	1.034302	-0.000048	0.999754	1.593948	
338	1.001706	0.001243	0.603638	-0.001243	1.001706	1.139008	
339	1.001410	0.000333	2.936157	-0.000333	1.001410	2.538101	
340	1.001082	0.001553	4.379517	-0.001553	1.001082	3.530090	
341	1.003945	0.002395	3.177368	-0.002395	1.003945	-1.054977	
342	1.005496	0.003162	3.160522	-0.003162	1.005496	1.115814	
343	1.003704	0.002698	5.674194	-0.002698	1.003704	3.246796	
344	1.002749	0.002618	6.870117	-0.002618	1.002749	4.243225	
345	1.004970	0.001232	1.982422	-0.001232	1.004970	3.608124	
346	1.002135	0.001391	4.057861	-0.001391	1.002135	3.729248	
347	1.002329	-0.000028	3.376831	0.000028	1.002329	2.469009	
348	1.002058	-0.000102	3.291382	0.000102	1.002058	3.508728	
349	1.001702	0.000019	2.876831	-0.000019	1.001702	3.035095	
350	1.001159	-0.000535	3.256348	0.000535	1.001159	2.295776	
351	1.001809	-0.001360	3.558960	0.001360	1.001809	0.923752	
352	1.002412	-0.001550	2.239136	0.001550	1.002412	0.031601	
353	1.002106	-0.001161	2.397827	0.001161	1.002106	0.116486	
354	1.001464	-0.001463	2.098389	0.001463	1.001464	-1.424820	
355	1.001656	-0.001483	1.580933	0.001483	1.001656	-1.231979	
356	1.001432	-0.001457	1.579468	0.001457	1.001432	-0.984833	
357	1.001913	-0.001445	-0.147095	0.001445	1.001913	-3.108582	
358	1.001541	-0.002768	0.385864	0.002768	1.001541	-4.092239	
359	1.001661	-0.003376	0.580688	0.003376	1.001661	-0.721939	
360	1.001492	-0.002691	-2.143433	0.002691	1.001492	-6.554337	
361	1.001416	-0.001498	-2.105713	0.001498	1.001416	-4.766022	
362	1.001157	-0.000465	-2.210205	0.000465	1.001157	-3.311783	
363	1.001438	-0.000006	-1.978638	0.000006	1.001438	-0.953873	
364	1.000979	0.000161	-2.524536	-0.000161	1.000979	-0.355011	
365	1.000468	0.000436	-3.207397	-0.000436	1.000468	-0.662949	
366	1.000384	0.001270	-3.780518	-0.001270	1.000384	1.121185	
367	0.999959	0.000900	-3.458130	-0.000900	0.999959	0.386032	
368	1.000174	0.001176	-4.098022	-0.001176	1.000174	0.056580	
369	1.000816	0.001470	-3.430908	-0.001470	1.000816	1.321533	
370	0.999881	0.002384	-2.238159	-0.002384	0.999881	1.998489	
371	1.000757	0.001745	-2.794678	-0.001745	1.000757	1.097153	
372	1.000751	0.001242	-1.463257	-0.001242	1.000751	0.753479	
373	1.001146	0.001733	-0.754150	-0.001733	1.001146	1.187775	
374	1.000188	0.002150	0.637695	-0.002150	1.000188	2.478607	
375	1.005876	0.001104	-5.753845	-0.001104	1.005876	-1.275177	
376	1.001521	0.001395	0.826904	-0.001395	1.001521	-0.506943	
377	1.001843	0.001130	1.024536	-0.001130	1.001843	2.488571	
378	1.001824	0.001951	1.046265	-0.001951	1.001824	2.228638	
379	1.003154	0.002259	0.089233	-0.002259	1.003154	-1.095779	
380	1.002857	0.002288	1.336914	-0.002288	1.002857	1.244858	
381	1.004870	0.000266	-0.542603	-0.000266	1.004870	-1.063141	
382	1.002126	0.001591	3.381592	-0.001591	1.002126	1.325714	
383	1.001747	0.000942	4.597961	-0.000942	1.001747	1.920685	
384	1.001868	0.000113	4.927063	-0.000113	1.001868	0.655670	
385	1.001785	-0.000476	5.298950	0.000476	1.001785	-0.068176	
386	1.001333	-0.000438	5.433105	0.000438	1.001333	-0.329712	
387	1.001702	0.000119	4.542114	-0.000119	1.001702	-0.260345	
388	1.001279	-0.000457	4.819824	0.000457	1.001279	-0.631470	
389	1.001003	-0.001225	5.511963	0.001225	1.001003	-2.078033	
390	1.001985	-0.000685	3.671143	0.000685	1.001985	-1.897156	
391	1.001326	-0.001075	4.537720	0.001075	1.001326	-3.661743	
392	1.001221	-0.001145	4.457764	0.001145	1.001221	-4.004852	
393	1.001686	-0.001021	1.989746	0.001021	1.001686	-4.856628	
394	1.001713	-0.000331	0.704224	0.000331	1.001713	-3.334686	
395	1.001588	0.000143	-0.304932	-0.000143	1.001588	-5.011658	
396	1.002247	0.000135	-2.059448	-0.000135	1.002247	-4.896362	
397	1.000355	-0.000137	-0.688721	0.000137	1.000355	-1.303360	
398	1.000034	-0.000894	-1.973267	0.000894	1.000034	-5.557510	
399	1.000823	-0.000141	-2.527344	0.000141	1.000823	-5.869537	
400	1.001097	-0.000553	-3.114380	0.000553	1.001097	-6.290878	
401	1.000194	-0.000857	-1.940918	0.000857	1.000194	-5.385406	
402	1.000605	0.000041	-2.504272	-0.000041	1.000605	-1.990662	
403	1.000534	-0.000908	-3.563232	0.000908	1.000534	-4.307434	
404	1.000407	-0.000693	-4.341797	0.000693	1.000407	-4.614197	
405	0.999169	-0.000665	-3.152344	0.000665	0.999169	-2.464005	
406	0.999112	0.001502	-4.014160	-0.001502	0.999112	-0.851486	
407	1.000084	0.000650	-5.103027	-0.000650	1.000084	-1.831940	
408	1.001281	0.000823	-5.368286	-0.000823	1.001281	-2.294846	
409	0.998887	0.002315	-0.684204	-0.002315	0.998887	0.238403	
410	1.001266	0.001341	-2.438843	-0.001341	1.001266	-1.322159	
411	0.999113	0.002184	0.390625	-0.002184	0.999113	1.173218	
412	1.001043	0.002030	-0.975830	-0.002030	1.001043	0.811096	
413	1.002703	0.003163	-2.353638	-0.003163	1.002703	2.290405	
414	1.001078	0.002503	-0.732666	-0.002503	1.001078	1.210953	
415	1.001648	0.003797	-2.028564	-0.003797	1.001648	5.302048	
416	1.000886	0.007913	-3.842651	-0.007913	1.000886	9.576874	
417	1.001241	0.003620	-3.084717	-0.003620	1.001241	3.392853	
418	1.001237	0.003636	-2.504761	-0.003636	1.001237	4.031708	
419	1.000878	0.003736	-1.970459	-0.003736	1.000878	6.263687	
420	1.000504	0.002937	-1.581177	-0.002937	1.000504	5.789856	
421	1.001014	0.002919	-1.466919	-0.002919	1.001014	5.116913	
422	1.001094	0.002609	-1.536255	-0.002609	1.001094	4.315231	
423	1.001421	0.001512	-1.449219	-0.001512	1.001421	2.775146	
424	1.000946	0.000819	-0.328735	-0.000819	1.000946	2.114746	
425	1.000409	0.000387	-0.809570	-0.000387	1.000409	1.036133	
426	1.000133	0.000603	-1.369629	-0.000603	1.000133	0.331055	
427	1.000615	-0.000617	-2.174805	0.000617	1.000615	-1.237839	
428	1.000375	-0.000977	-1.789673	0.000977	1.000375	-1.629105	
429	1.001361	-0.001576	-2.858276	0.001576	1.001361	-3.120148	
430	1.000325	-0.001496	-1.543945	0.001496	1.000325	-1.701874	
431	1.001123	-0.002116	-2.644775	0.002116	1.001123	-2.351151	
432	1.001184	-0.002139	-4.401367	0.002139	1.001184	-3.880539	
433	1.001024	-0.002195	-4.225830	0.002195	1.001024	-4.377274	
434	1.000123	-0.003107	-2.480713	0.003107	1.000123	-2.136932	
435	0.998111	-0.005940	0.253662	0.005940	0.998111	-3.904251	
436	0.999545	-0.003443	-4.278076	0.003443	0.999545	-5.117645	
437	0.998073	-0.003629	-4.220825	0.003629	0.998073	-4.127457	
438	0.998556	-0.003441	-12.638794	0.003441	0.998556	-1.795563	
439	0.999151	-0.002876	-11.426147	0.002876	0.999151	0.125916	
440	0.999746	-0.002512	-10.216187	0.002512	0.999746	0.335968	
441	0.997353	-0.001654	-6.810913	0.001654	0.997353	1.392426	
442	0.998953	-0.000933	-7.026611	0.000933	0.998953	2.741272	
443	1.000320	-0.001087	-7.701416	0.001087	1.000320	1.844849	
444	0.999668	-0.000116	-5.998901	0.000116	0.999668	2.887238	
445	0.999550	0.000024	-5.073486	-0.000024	0.999550	2.842804	
446	0.999743	0.000031	-2.223145	-0.000031	0.999743	2.954193	
447	0.999925	0.000555	-1.208252	-0.000555	0.999925	1.937988	
448	1.001805	0.000758	-0.574951	-0.000758	1.001805	1.799438	
