1.000000,1.000000,831.967285,528.233704,60.625854,22.047729,1.000000,2.000000,1.000000
1.000000,2.000000,839.141479,456.383881,54.965515,20.873291,1.000000,2.000000,1.000000
1.000000,3.000000,834.387634,430.224792,58.523438,22.974701,1.000000,2.000000,1.000000
1.000000,4.000000,838.257507,405.379669,56.559814,20.873352,1.000000,2.000000,1.000000
1.000000,5.000000,838.026550,382.357697,60.555969,23.011597,1.000000,2.000000,1.000000
1.000000,6.000000,846.292053,337.558960,54.929626,22.907837,1.000000,2.000000,1.000000
1.000000,7.000000,846.164673,294.585327,54.490234,21.803345,1.000000,2.000000,1.000000
1.000000,8.000000,850.453430,275.667358,52.931946,17.806061,1.000000,2.000000,1.000000
1.000000,9.000000,851.731384,251.717392,53.388855,19.803665,1.000000,2.000000,1.000000
1.000000,10.000000,852.464294,229.732193,54.457336,21.835266,1.000000,2.000000,1.000000
1.000000,11.000000,853.197205,208.778687,56.896423,20.943146,1.000000,2.000000,1.000000
1.000000,12.000000,849.004761,186.581085,59.452515,17.981491,1.000000,2.000000,1.000000
1.000000,13.000000,852.700256,166.700241,48.495300,18.664276,1.000000,2.000000,1.000000
1.000000,14.000000,854.397095,144.782761,61.557800,20.047974,1.000000,2.000000,1.000000
1.000000,15.000000,853.167114,123.689697,57.523682,17.910675,1.000000,2.000000,1.000000
1.000000,16.000000,860.895874,102.948746,56.524780,18.943359,1.000000,2.000000,1.000000
1.000000,17.000000,858.362305,77.824478,62.858521,26.113701,1.000000,2.000000,1.000000
1.000000,18.000000,859.362122,58.870956,55.595825,21.870117,1.000000,2.000000,1.000000
1.000000,19.000000,859.095215,38.882580,56.490906,20.873138,1.000000,2.000000,1.000000
1.000000,20.000000,572.301575,89.701027,43.162354,50.864403,1.000000,2.000000,1.000000
1.000000,21.000000,582.375977,172.615738,61.440002,46.439072,1.000000,2.000000,1.000000
1.000000,22.000000,593.102173,151.049347,63.472412,48.400818,1.000000,2.000000,1.000000
1.000000,23.000000,838.709412,479.438690,55.523926,20.873291,1.000000,2.000000,1.000000
1.000000,24.000000,835.162903,553.358093,60.521118,22.012756,1.000000,2.000000,1.000000
1.000000,25.000000,634.696960,76.422066,62.576294,44.438896,1.000000,2.000000,1.000000
1.000000,26.000000,831.360718,576.241455,59.522339,20.012024,1.000000,2.000000,1.000000
1.000000,27.000000,782.010132,503.433960,38.395264,15.318787,1.000000,2.000000,1.000000
1.000000,28.000000,782.603516,481.446716,43.601746,19.488556,1.000000,2.000000,1.000000
1.000000,29.000000,774.983398,409.143158,55.628601,25.904297,1.000000,2.000000,1.000000
1.000000,30.000000,777.447937,389.189423,52.932983,20.803528,1.000000,2.000000,1.000000
1.000000,31.000000,773.589172,362.065430,60.929749,26.113800,1.000000,2.000000,1.000000
1.000000,32.000000,776.495178,339.185150,59.559326,24.009369,1.000000,2.000000,1.000000
1.000000,33.000000,774.300476,315.060638,61.624634,24.114014,1.000000,2.000000,1.000000
1.000000,34.000000,779.206238,294.246765,51.422913,19.698883,1.000000,2.000000,1.000000
1.000000,35.000000,777.903442,269.157288,59.626953,24.974335,1.000000,2.000000,1.000000
1.000000,36.000000,767.783813,245.789429,70.479492,23.428284,1.000000,2.000000,1.000000
1.000000,37.000000,780.473755,224.219925,57.593384,23.977539,1.000000,2.000000,1.000000
1.000000,38.000000,784.310791,203.336258,54.489258,19.876495,1.000000,2.000000,1.000000
1.000000,39.000000,780.115417,177.212051,63.520569,26.116867,1.000000,2.000000,1.000000
1.000000,40.000000,793.841125,160.642838,50.527771,19.697983,1.000000,2.000000,1.000000
1.000000,41.000000,815.028503,107.339630,35.221191,12.179245,1.000000,2.000000,1.000000
1.000000,42.000000,804.370117,119.982964,44.392212,18.524651,1.000000,2.000000,1.000000
1.000000,43.000000,790.540710,141.514465,57.929199,19.013214,1.000000,2.000000,1.000000
1.000000,44.000000,826.038269,611.078857,72.512024,26.427734,1.000000,2.000000,1.000000
1.000000,45.000000,621.726807,105.879517,60.579712,41.442337,1.000000,2.000000,1.000000
1.000000,46.000000,647.350952,57.852261,57.720703,42.230007,1.000000,2.000000,1.000000
1.000000,47.000000,390.695862,11.696652,53.176300,33.443741,1.000000,2.000000,1.000000
1.000000,48.000000,209.511597,133.404327,51.039062,27.415375,1.000000,2.000000,1.000000
1.000000,49.000000,208.280777,109.314743,61.136978,32.831329,1.000000,2.000000,1.000000
1.000000,50.000000,220.320831,84.714233,49.005524,23.383911,1.000000,2.000000,1.000000
1.000000,51.000000,222.017670,60.869053,60.069366,30.656307,1.000000,2.000000,1.000000
1.000000,52.000000,237.649490,15.280258,55.072311,29.589363,1.000000,2.000000,1.000000
1.000000,53.000000,246.516571,0.000000,55.107239,20.164230,1.000000,2.000000,1.000000
1.000000,54.000000,399.528076,0.000000,56.176788,22.539318,1.000000,2.000000,1.000000
1.000000,55.000000,385.827087,36.506924,51.213501,33.376743,1.000000,2.000000,1.000000
1.000000,56.000000,681.148254,8.895086,48.726318,38.093826,1.000000,2.000000,1.000000
1.000000,57.000000,373.367126,81.058304,52.072845,32.449257,1.000000,2.000000,1.000000
1.000000,58.000000,265.976013,180.366852,69.781433,31.182739,1.000000,2.000000,1.000000
1.000000,59.000000,188.756271,158.621048,36.117416,17.039291,1.000000,2.000000,1.000000
1.000000,60.000000,221.421478,165.803604,47.969727,27.380539,1.000000,2.000000,1.000000
1.000000,61.000000,335.443329,198.766235,35.048798,20.997574,1.000000,2.000000,1.000000
1.000000,62.000000,369.039642,208.911285,36.152283,21.140320,1.000000,2.000000,1.000000
1.000000,63.000000,403.333832,201.174271,53.106567,24.590439,1.000000,2.000000,1.000000
1.000000,64.000000,412.061401,179.466202,42.149261,24.136765,1.000000,2.000000,1.000000
1.000000,65.000000,418.756409,160.686874,46.145538,24.346146,1.000000,2.000000,1.000000
1.000000,66.000000,423.415771,139.838089,47.146454,25.348969,1.000000,2.000000,1.000000
1.000000,67.000000,434.039246,121.199333,39.184662,24.068947,1.000000,2.000000,1.000000
1.000000,68.000000,436.909363,99.318474,37.152130,22.962723,1.000000,2.000000,1.000000
1.000000,69.000000,443.569427,78.539574,46.075836,27.241158,1.000000,2.000000,1.000000
1.000000,70.000000,456.236755,32.883881,55.002411,28.621883,1.000000,2.000000,1.000000
1.000000,71.000000,459.899353,7.108705,56.208557,33.551331,1.000000,2.000000,1.000000
1.000000,72.000000,329.287140,171.572433,70.919861,31.180695,1.000000,2.000000,1.000000
1.000000,73.000000,338.049591,148.901505,66.924591,33.005829,1.000000,2.000000,1.000000
1.000000,74.000000,338.852264,122.987793,73.955292,37.105820,1.000000,2.000000,1.000000
1.000000,75.000000,843.434143,318.500397,46.494629,17.562775,1.000000,2.000000,1.000000
1.000000,76.000000,986.584106,484.603821,36.415894,20.914215,1.000000,2.000000,1.000000
1.000000,77.000000,996.441650,421.852051,26.558350,18.576721,1.000000,2.000000,1.000000
1.000000,78.000000,1007.476440,237.173203,15.523560,12.500122,1.000000,2.000000,1.000000
1.000000,79.000000,991.441711,507.728455,31.558289,15.111755,1.000000,2.000000,1.000000
1.000000,80.000000,993.706238,528.821533,29.293762,14.292969,1.000000,2.000000,1.000000
1.000000,81.000000,998.041321,547.984802,24.958679,16.514160,1.000000,2.000000,1.000000
1.000000,82.000000,986.859375,567.658203,36.140625,15.972168,1.000000,2.000000,1.000000
1.000000,83.000000,961.814392,619.787537,61.185608,21.151917,1.000000,2.000000,1.000000
1.000000,84.000000,979.130798,586.367798,43.869202,18.366882,1.000000,2.000000,1.000000
1.000000,85.000000,754.256042,23.342646,161.644165,607.749329,1.000000,8.000000,1.000000
1.000000,86.000000,576.883484,337.644623,186.100159,292.126617,1.000000,8.000000,1.000000
1.000000,87.000000,569.801941,0.000000,194.495789,219.054810,1.000000,8.000000,1.000000
1.000000,88.000000,343.276703,0.000000,177.038971,223.079285,1.000000,8.000000,1.000000
1.000000,89.000000,193.660919,0.000000,110.544922,164.923798,1.000000,8.000000,1.000000
1.000000,90.000000,600.218506,340.504517,56.140930,41.787109,1.000000,2.000000,1.000000
1.000000,91.000000,608.551941,371.346649,34.081848,23.147217,1.000000,2.000000,1.000000
1.000000,92.000000,610.955139,387.544281,38.046204,25.042236,1.000000,2.000000,1.000000
1.000000,93.000000,620.459778,404.850525,36.942749,22.042694,1.000000,2.000000,1.000000
1.000000,94.000000,627.864197,417.086731,37.081238,28.143311,1.000000,2.000000,1.000000
1.000000,95.000000,638.367676,436.319794,32.945496,22.252075,1.000000,2.000000,1.000000
1.000000,96.000000,642.806396,448.660645,37.012512,27.109741,1.000000,2.000000,1.000000
1.000000,97.000000,656.715942,481.025116,34.944214,27.249298,1.000000,2.000000,1.000000
1.000000,98.000000,666.219727,497.398193,34.874207,25.216736,1.000000,2.000000,1.000000
1.000000,99.000000,671.658264,513.634766,34.944031,24.147156,1.000000,2.000000,1.000000
1.000000,100.000000,679.059570,529.971985,36.977661,24.112183,1.000000,2.000000,1.000000
1.000000,101.000000,688.494385,548.100525,31.017639,21.290222,1.000000,2.000000,1.000000
1.000000,102.000000,691.934387,560.409546,38.011353,28.179321,1.000000,2.000000,1.000000
1.000000,103.000000,699.266907,577.747620,40.150635,28.038757,1.000000,2.000000,1.000000
1.000000,104.000000,652.250671,532.261292,25.077148,36.152222,1.000000,2.000000,1.000000
1.000000,105.000000,627.767822,486.451385,26.109863,37.116241,1.000000,2.000000,1.000000
1.000000,106.000000,606.492859,437.641022,26.178650,32.189880,1.000000,2.000000,1.000000
1.000000,107.000000,569.643433,376.318268,21.359070,26.089233,1.000000,2.000000,1.000000
1.000000,108.000000,189.606094,92.697327,18.721802,28.226471,1.000000,2.000000,1.000000
1.000000,109.000000,198.578949,65.027817,18.756622,27.089500,1.000000,2.000000,1.000000
1.000000,110.000000,203.518463,32.326542,21.894791,34.050220,1.000000,2.000000,1.000000
2.000000,1.000000,832.302307,525.025269,60.454346,21.465515,1.000000,2.000000,1.000000
2.000000,2.000000,838.570557,453.124023,54.981934,20.340668,1.000000,2.000000,1.000000
2.000000,3.000000,833.745422,427.007019,58.381226,22.412720,1.000000,2.000000,1.000000
2.000000,4.000000,837.367004,402.114594,56.406982,20.340698,1.000000,2.000000,1.000000
2.000000,5.000000,836.916382,379.095734,60.404419,22.439636,1.000000,2.000000,1.000000
2.000000,6.000000,844.535706,334.233673,54.955994,22.365845,1.000000,2.000000,1.000000
2.000000,7.000000,844.158813,291.247223,54.356812,21.290955,1.000000,2.000000,1.000000
2.000000,8.000000,848.079651,272.303680,52.957703,17.292450,1.000000,2.000000,1.000000
2.000000,9.000000,849.278137,248.336578,53.284973,19.290680,1.000000,2.000000,1.000000
2.000000,10.000000,849.801697,226.344818,54.333923,21.312851,1.000000,2.000000,1.000000
2.000000,11.000000,850.325256,205.375076,56.933350,20.390549,1.000000,2.000000,1.000000
2.000000,12.000000,845.902039,183.230698,59.330505,17.418076,1.000000,2.000000,1.000000
2.000000,13.000000,849.399048,163.313995,48.360107,18.190842,1.000000,2.000000,1.000000
2.000000,14.000000,850.896790,141.370026,61.406555,19.465179,1.000000,2.000000,1.000000
2.000000,15.000000,849.446960,120.300583,57.381165,17.367188,1.000000,2.000000,1.000000
2.000000,16.000000,856.968445,99.483582,56.381958,18.390175,1.000000,2.000000,1.000000
2.000000,17.000000,854.014954,74.391754,62.907288,25.512741,1.000000,2.000000,1.000000
2.000000,18.000000,855.015076,55.422588,55.432800,21.337757,1.000000,2.000000,1.000000
2.000000,19.000000,854.538513,35.428242,56.358093,20.340485,1.000000,2.000000,1.000000
2.000000,20.000000,568.507507,88.876404,42.835938,50.909546,1.000000,2.000000,1.000000
2.000000,21.000000,579.133789,171.825851,61.607971,46.033813,1.000000,2.000000,1.000000
2.000000,22.000000,589.653564,150.133270,63.631104,48.006104,1.000000,2.000000,1.000000
2.000000,23.000000,838.547485,476.165771,55.380859,20.340637,1.000000,2.000000,1.000000
2.000000,24.000000,835.728394,550.117188,60.379517,21.440552,1.000000,2.000000,1.000000
2.000000,25.000000,630.512329,75.104507,62.704773,44.033035,1.000000,2.000000,1.000000
2.000000,26.000000,832.154602,573.037354,59.380432,19.439209,1.000000,2.000000,1.000000
2.000000,27.000000,782.040833,500.737000,38.286987,14.944153,1.000000,2.000000,1.000000
2.000000,28.000000,782.464722,478.743195,43.435181,19.065277,1.000000,2.000000,1.000000
2.000000,29.000000,774.163757,406.517853,55.455627,25.363190,1.000000,2.000000,1.000000
2.000000,30.000000,776.209900,386.548187,52.958801,20.290833,1.000000,2.000000,1.000000
2.000000,31.000000,772.310120,359.456024,60.957886,25.512817,1.000000,2.000000,1.000000
2.000000,32.000000,774.957520,336.538971,59.407410,23.437714,1.000000,2.000000,1.000000
2.000000,33.000000,772.532654,312.447174,61.453369,23.512482,1.000000,2.000000,1.000000
2.000000,34.000000,777.180420,291.577179,51.308533,19.215790,1.000000,2.000000,1.000000
2.000000,35.000000,775.677612,266.510162,59.455200,24.412964,1.000000,2.000000,1.000000
2.000000,36.000000,765.305542,243.245087,70.350769,22.736725,1.000000,2.000000,1.000000
2.000000,37.000000,777.799622,221.549408,57.430969,23.415863,1.000000,2.000000,1.000000
2.000000,38.000000,781.398315,200.629547,54.355835,19.343567,1.000000,2.000000,1.000000
2.000000,39.000000,776.972168,174.537476,63.379883,25.515915,1.000000,2.000000,1.000000
2.000000,40.000000,790.492371,157.843552,50.383240,19.214874,1.000000,2.000000,1.000000
2.000000,41.000000,811.057434,104.334824,35.161865,11.843605,1.000000,2.000000,1.000000
2.000000,42.000000,800.585449,117.081741,44.285706,18.091095,1.000000,2.000000,1.000000
2.000000,43.000000,786.991455,138.749405,57.956421,18.440094,1.000000,2.000000,1.000000
2.000000,44.000000,827.209778,607.925049,72.374023,25.737122,1.000000,2.000000,1.000000
2.000000,45.000000,617.817749,104.720444,60.707581,41.035583,1.000000,2.000000,1.000000
2.000000,46.000000,642.980530,56.409397,57.807800,41.883366,1.000000,2.000000,1.000000
2.000000,47.000000,385.909515,12.864549,53.132294,33.034595,1.000000,2.000000,1.000000
2.000000,48.000000,205.898621,136.384857,51.034363,27.014435,1.000000,2.000000,1.000000
2.000000,49.000000,204.447891,112.318024,61.105362,32.312241,1.000000,2.000000,1.000000
2.000000,50.000000,216.192169,87.600403,49.010162,22.991722,1.000000,2.000000,1.000000
2.000000,51.000000,217.689926,63.708187,60.057358,30.186443,1.000000,2.000000,1.000000
2.000000,52.000000,232.857391,17.996002,55.058807,29.139160,1.000000,2.000000,1.000000
2.000000,53.000000,241.477661,0.000000,55.083740,22.342558,1.000000,2.000000,1.000000
2.000000,54.000000,394.504883,0.000000,56.133698,23.181561,1.000000,2.000000,1.000000
2.000000,55.000000,381.288788,37.732132,51.158936,32.987526,1.000000,2.000000,1.000000
2.000000,56.000000,676.269043,7.148215,48.810730,37.785873,1.000000,2.000000,1.000000
2.000000,57.000000,369.244232,82.416550,52.058441,32.039833,1.000000,2.000000,1.000000
2.000000,58.000000,262.808990,182.792587,69.852173,30.563354,1.000000,2.000000,1.000000
2.000000,59.000000,185.356644,161.828659,36.088287,16.744995,1.000000,2.000000,1.000000
2.000000,60.000000,218.121429,168.674057,47.984039,26.989548,1.000000,2.000000,1.000000
2.000000,61.000000,332.436768,200.508896,35.039307,20.714447,1.000000,2.000000,1.000000
2.000000,62.000000,366.152893,210.327682,36.113190,20.817291,1.000000,2.000000,1.000000
2.000000,63.000000,400.367523,202.229080,53.082458,24.138733,1.000000,2.000000,1.000000
2.000000,64.000000,408.888123,180.434723,42.111938,23.814636,1.000000,2.000000,1.000000
2.000000,65.000000,415.385529,161.589905,46.109436,23.964203,1.000000,2.000000,1.000000
2.000000,66.000000,419.856659,140.694962,47.110657,24.967361,1.000000,2.000000,1.000000
2.000000,67.000000,430.303711,121.950859,39.136475,23.766777,1.000000,2.000000,1.000000
2.000000,68.000000,432.925201,100.033516,37.113312,22.690178,1.000000,2.000000,1.000000
2.000000,69.000000,439.397644,79.188560,46.059662,26.890030,1.000000,2.000000,1.000000
2.000000,70.000000,451.589722,33.429405,55.008881,28.161411,1.000000,2.000000,1.000000
2.000000,71.000000,455.063843,7.586673,56.155518,33.112263,1.000000,2.000000,1.000000
2.000000,72.000000,326.039246,173.366852,70.951019,30.561325,1.000000,2.000000,1.000000
2.000000,73.000000,334.584778,150.599335,66.954529,32.436905,1.000000,2.000000,1.000000
2.000000,74.000000,335.158142,124.657928,73.977386,36.508163,1.000000,2.000000,1.000000
2.000000,75.000000,841.637024,315.189392,46.358826,17.118958,1.000000,2.000000,1.000000
2.000000,76.000000,986.476318,479.855499,36.523682,20.570496,1.000000,2.000000,1.000000
2.000000,77.000000,995.518494,417.025116,27.481506,18.347412,1.000000,2.000000,1.000000
2.000000,78.000000,1004.830139,232.231277,18.169861,12.424683,1.000000,2.000000,1.000000
2.000000,79.000000,991.375244,502.947113,31.624756,14.794220,1.000000,2.000000,1.000000
2.000000,80.000000,993.850037,524.016602,29.149963,14.020691,1.000000,2.000000,1.000000
2.000000,81.000000,998.376038,543.135681,24.623962,16.218750,1.000000,2.000000,1.000000
2.000000,82.000000,987.530090,562.904785,35.469910,15.594238,1.000000,2.000000,1.000000
2.000000,83.000000,963.066284,615.289124,59.933716,20.536255,1.000000,2.000000,1.000000
2.000000,84.000000,980.008667,581.699768,42.991333,17.894287,1.000000,2.000000,1.000000
2.000000,85.000000,755.356262,20.612152,155.764709,606.753174,1.000000,8.000000,1.000000
2.000000,86.000000,575.495789,336.295288,188.381042,291.555176,1.000000,8.000000,1.000000
2.000000,87.000000,566.436279,0.000000,191.286682,217.859665,1.000000,8.000000,1.000000
2.000000,88.000000,340.032990,0.000000,175.335480,223.591782,1.000000,8.000000,1.000000
2.000000,89.000000,190.003311,0.000000,109.672379,167.474655,1.000000,8.000000,1.000000
2.000000,90.000000,598.737976,339.195953,56.107788,42.138855,1.000000,2.000000,1.000000
2.000000,91.000000,607.263550,370.087189,34.062073,23.393646,1.000000,2.000000,1.000000
2.000000,92.000000,609.837097,386.229797,38.037598,25.319122,1.000000,2.000000,1.000000
2.000000,93.000000,619.484253,403.451385,36.963745,22.318726,1.000000,2.000000,1.000000
2.000000,94.000000,627.060547,415.621368,37.062378,28.391235,1.000000,2.000000,1.000000
2.000000,95.000000,637.706848,434.790314,32.965332,22.468292,1.000000,2.000000,1.000000
2.000000,96.000000,642.306580,447.035095,37.013611,27.367279,1.000000,2.000000,1.000000
2.000000,97.000000,656.529663,479.299438,34.964539,27.466980,1.000000,2.000000,1.000000
2.000000,98.000000,666.175903,495.567627,34.914612,25.443787,1.000000,2.000000,1.000000
2.000000,99.000000,671.775757,511.739227,34.964478,24.393829,1.000000,2.000000,1.000000
2.000000,100.000000,679.348999,527.981506,36.988647,24.368896,1.000000,2.000000,1.000000
2.000000,101.000000,688.946289,546.075500,31.016907,21.496216,1.000000,2.000000,1.000000
2.000000,102.000000,692.546936,558.298462,38.012756,28.417236,1.000000,2.000000,1.000000
2.000000,103.000000,700.071289,575.541870,40.112671,28.316528,1.000000,2.000000,1.000000
2.000000,104.000000,652.482178,530.760437,25.344055,36.113159,1.000000,2.000000,1.000000
2.000000,105.000000,627.562866,485.176392,26.367126,37.087402,1.000000,2.000000,1.000000
2.000000,106.000000,605.792603,436.590942,26.415955,32.139648,1.000000,2.000000,1.000000
2.000000,107.000000,568.323425,375.639099,21.545044,26.067078,1.000000,2.000000,1.000000
2.000000,108.000000,185.677826,95.875267,18.517822,28.165047,1.000000,2.000000,1.000000
2.000000,109.000000,194.373932,68.107681,18.542709,27.067657,1.000000,2.000000,1.000000
2.000000,110.000000,199.045502,35.316822,21.641861,34.040417,1.000000,2.000000,1.000000
3.000000,1.000000,832.605469,521.815491,60.276794,20.881165,1.000000,2.000000,1.000000
3.000000,2.000000,837.967102,449.870026,54.992920,19.806000,1.000000,2.000000,1.000000
3.000000,3.000000,833.071167,423.797729,58.233276,21.848511,1.000000,2.000000,1.000000
3.000000,4.000000,836.444092,398.860443,56.248596,19.806000,1.000000,2.000000,1.000000
3.000000,5.000000,835.773926,375.846954,60.246826,21.865479,1.000000,2.000000,1.000000
3.000000,6.000000,842.746277,330.926117,54.976929,21.821594,1.000000,2.000000,1.000000
3.000000,7.000000,842.119934,287.931091,54.217957,20.776428,1.000000,2.000000,1.000000
3.000000,8.000000,845.672424,268.963837,52.978210,16.777130,1.000000,2.000000,1.000000
3.000000,9.000000,846.791321,244.981979,53.175903,18.775742,1.000000,2.000000,1.000000
3.000000,10.000000,847.105469,222.985840,54.205078,20.788345,1.000000,2.000000,1.000000
3.000000,11.000000,847.419678,202.001953,56.964661,19.835938,1.000000,2.000000,1.000000
3.000000,12.000000,842.766113,179.913025,59.202637,16.852905,1.000000,2.000000,1.000000
3.000000,13.000000,846.064270,159.962433,48.220093,17.715576,1.000000,2.000000,1.000000
3.000000,14.000000,847.362793,137.994156,61.249207,18.880447,1.000000,2.000000,1.000000
3.000000,15.000000,845.693237,116.950432,57.232910,17.000587,1.000000,2.000000,1.000000
3.000000,16.000000,853.006653,96.059448,56.233643,17.835159,1.000000,2.000000,1.000000
3.000000,17.000000,849.633606,71.002548,62.949707,24.909256,1.000000,2.000000,1.000000
3.000000,18.000000,850.633911,52.019630,55.264282,20.803284,1.000000,2.000000,1.000000
3.000000,19.000000,849.947754,32.021305,56.219666,19.805809,1.000000,2.000000,1.000000
3.000000,20.000000,564.707764,88.093872,42.505310,50.949600,1.000000,2.000000,1.000000
3.000000,21.000000,575.884949,171.069809,61.769836,45.623978,1.000000,2.000000,1.000000
3.000000,22.000000,586.197327,149.253204,63.783386,47.606613,1.000000,2.000000,1.000000
3.000000,23.000000,838.353088,472.896393,55.232239,19.806000,1.000000,2.000000,1.000000
3.000000,24.000000,836.261719,546.872498,60.231873,20.866211,1.000000,2.000000,1.000000
3.000000,25.000000,626.315979,73.830414,62.826965,43.622787,1.000000,2.000000,1.000000
3.000000,26.000000,832.916687,569.827148,59.232605,18.864502,1.000000,2.000000,1.000000
3.000000,27.000000,782.044678,498.041168,38.174927,14.568085,1.000000,2.000000,1.000000
3.000000,28.000000,782.299011,476.042999,43.264282,18.640076,1.000000,2.000000,1.000000
3.000000,29.000000,773.318054,403.903015,55.277100,24.819550,1.000000,2.000000,1.000000
3.000000,30.000000,774.945618,383.919434,52.979309,19.776093,1.000000,2.000000,1.000000
3.000000,31.000000,771.005127,356.861786,60.979980,24.909332,1.000000,2.000000,1.000000
3.000000,32.000000,773.393677,333.910217,59.249634,22.863770,1.000000,2.000000,1.000000
3.000000,33.000000,770.738831,309.853546,61.276123,22.908630,1.000000,2.000000,1.000000
3.000000,34.000000,775.128174,288.929504,51.189026,18.730835,1.000000,2.000000,1.000000
3.000000,35.000000,773.425598,263.887451,59.277405,23.849152,1.000000,2.000000,1.000000
3.000000,36.000000,762.802002,240.727478,70.215149,22.042938,1.000000,2.000000,1.000000
3.000000,37.000000,775.099060,218.907776,57.262817,22.851883,1.000000,2.000000,1.000000
3.000000,38.000000,778.459106,197.953812,54.216980,18.808701,1.000000,2.000000,1.000000
3.000000,39.000000,773.802612,171.896469,63.232788,24.912415,1.000000,2.000000,1.000000
3.000000,40.000000,787.115967,155.079498,50.233643,18.729858,1.000000,2.000000,1.000000
3.000000,41.000000,807.056580,101.370567,35.099060,11.506775,1.000000,2.000000,1.000000
3.000000,42.000000,796.772095,114.219795,44.174805,17.655739,1.000000,2.000000,1.000000
3.000000,43.000000,783.414856,135.873810,57.977905,18.012802,1.000000,2.000000,1.000000
3.000000,44.000000,828.349976,604.761719,72.228699,25.043884,1.000000,2.000000,1.000000
3.000000,45.000000,613.898193,103.601875,60.829407,40.624748,1.000000,2.000000,1.000000
3.000000,46.000000,638.597107,55.011852,57.889160,41.532558,1.000000,2.000000,1.000000
3.000000,47.000000,381.135742,14.082091,53.083008,32.622162,1.000000,2.000000,1.000000
3.000000,48.000000,202.316101,139.402740,51.024551,26.610794,1.000000,2.000000,1.000000
3.000000,49.000000,200.645584,115.361061,61.067642,31.789940,1.000000,2.000000,1.000000
3.000000,50.000000,212.092926,90.528778,49.009949,22.597260,1.000000,2.000000,1.000000
3.000000,51.000000,213.391449,66.591911,60.039398,29.713577,1.000000,2.000000,1.000000
3.000000,52.000000,228.093079,20.760881,55.039825,28.686060,1.000000,2.000000,1.000000
3.000000,53.000000,236.465637,0.000000,55.054810,24.569590,1.000000,2.000000,1.000000
3.000000,54.000000,389.493378,0.000000,56.085022,23.872423,1.000000,2.000000,1.000000
3.000000,55.000000,376.763489,39.004517,51.099304,32.595024,1.000000,2.000000,1.000000
3.000000,56.000000,671.373413,5.451560,48.890320,37.474163,1.000000,2.000000,1.000000
3.000000,57.000000,365.135559,83.817528,52.038849,31.627213,1.000000,2.000000,1.000000
3.000000,58.000000,259.666779,185.251083,69.915955,29.940933,1.000000,2.000000,1.000000
3.000000,59.000000,181.989502,165.071106,36.055557,16.449036,1.000000,2.000000,1.000000
3.000000,60.000000,214.850601,171.578659,47.993576,26.595871,1.000000,2.000000,1.000000
3.000000,61.000000,329.448090,202.282532,35.026306,20.429276,1.000000,2.000000,1.000000
3.000000,62.000000,363.280609,211.774078,36.070526,20.492203,1.000000,2.000000,1.000000
3.000000,63.000000,397.412292,203.314713,53.053131,23.684616,1.000000,2.000000,1.000000
3.000000,64.000000,405.725098,181.436203,42.070435,23.490158,1.000000,2.000000,1.000000
3.000000,65.000000,412.024261,162.527771,46.068726,23.579910,1.000000,2.000000,1.000000
3.000000,66.000000,416.306732,141.588776,47.070129,24.583267,1.000000,2.000000,1.000000
3.000000,67.000000,426.576294,122.741180,39.084412,23.462250,1.000000,2.000000,1.000000
3.000000,68.000000,428.948914,100.789536,37.070801,22.415375,1.000000,2.000000,1.000000
3.000000,69.000000,435.233093,79.880600,46.038879,26.536224,1.000000,2.000000,1.000000
3.000000,70.000000,446.948730,34.022530,55.009857,27.698135,1.000000,2.000000,1.000000
3.000000,71.000000,450.233948,8.114814,56.096893,32.669903,1.000000,2.000000,1.000000
3.000000,72.000000,322.809875,175.194962,70.975098,29.938889,1.000000,2.000000,1.000000
3.000000,73.000000,331.137573,152.333130,66.977844,31.864731,1.000000,2.000000,1.000000
3.000000,74.000000,331.481628,126.366600,73.992126,35.906883,1.000000,2.000000,1.000000
3.000000,75.000000,839.807129,311.897980,46.218384,16.673431,1.000000,2.000000,1.000000
3.000000,76.000000,986.321289,475.110382,36.678711,20.224701,1.000000,2.000000,1.000000
3.000000,77.000000,994.547241,412.207642,28.452759,18.103546,1.000000,2.000000,1.000000
3.000000,78.000000,1002.134888,227.317154,20.865112,12.296097,1.000000,2.000000,1.000000
3.000000,79.000000,991.261108,498.166687,31.738892,14.477600,1.000000,2.000000,1.000000
3.000000,80.000000,993.945923,519.210449,29.054077,14.013489,1.000000,2.000000,1.000000
3.000000,81.000000,998.662354,538.283447,24.337646,15.935852,1.000000,2.000000,1.000000
3.000000,82.000000,988.153442,558.146301,34.846558,15.230347,1.000000,2.000000,1.000000
3.000000,83.000000,964.273376,610.780457,58.726624,19.997559,1.000000,2.000000,1.000000
3.000000,84.000000,980.840027,577.024780,42.159973,17.439636,1.000000,2.000000,1.000000
3.000000,85.000000,756.432251,17.930534,149.869812,605.696716,1.000000,8.000000,1.000000
3.000000,86.000000,574.101807,334.963409,190.643250,290.954742,1.000000,8.000000,1.000000
3.000000,87.000000,563.065186,0.000000,188.153931,216.693787,1.000000,8.000000,1.000000
3.000000,88.000000,336.806366,0.000000,173.614563,224.132965,1.000000,8.000000,1.000000
3.000000,89.000000,186.377731,0.000000,108.757370,170.059769,1.000000,8.000000,1.000000
3.000000,90.000000,597.248840,337.904572,56.069092,42.486420,1.000000,2.000000,1.000000
3.000000,91.000000,605.965637,368.841858,34.038879,23.637756,1.000000,2.000000,1.000000
3.000000,92.000000,608.709290,384.927795,38.025208,25.593536,1.000000,2.000000,1.000000
3.000000,93.000000,618.498047,402.063019,36.981079,22.592529,1.000000,2.000000,1.000000
3.000000,94.000000,626.245422,414.165619,37.039856,28.636322,1.000000,2.000000,1.000000
3.000000,95.000000,637.033508,433.268524,32.981873,22.682281,1.000000,2.000000,1.000000
3.000000,96.000000,641.793762,445.415985,37.011047,27.622131,1.000000,2.000000,1.000000
3.000000,97.000000,656.328979,477.576996,34.981445,27.681946,1.000000,2.000000,1.000000
3.000000,98.000000,666.116821,493.738708,34.951477,25.668335,1.000000,2.000000,1.000000
3.000000,99.000000,671.877380,509.843658,34.981445,24.638153,1.000000,2.000000,1.000000
3.000000,100.000000,679.621704,525.989441,36.996033,24.623169,1.000000,2.000000,1.000000
3.000000,101.000000,689.380554,544.047119,31.013062,21.700012,1.000000,2.000000,1.000000
3.000000,102.000000,693.141541,556.182739,38.010315,28.652344,1.000000,2.000000,1.000000
3.000000,103.000000,700.856934,573.329834,40.070801,28.591492,1.000000,2.000000,1.000000
3.000000,104.000000,652.699707,529.257751,25.608459,36.070496,1.000000,2.000000,1.000000
3.000000,105.000000,627.346436,483.904083,26.621765,37.054901,1.000000,2.000000,1.000000
3.000000,106.000000,605.083008,435.548401,26.650696,32.086151,1.000000,2.000000,1.000000
3.000000,107.000000,566.997803,374.973480,21.728943,26.042358,1.000000,2.000000,1.000000
3.000000,108.000000,181.782013,99.094604,18.312012,28.100815,1.000000,2.000000,1.000000
3.000000,109.000000,190.200516,71.231705,18.326920,27.043106,1.000000,2.000000,1.000000
3.000000,110.000000,194.603668,38.354515,21.386795,34.027229,1.000000,2.000000,1.000000
4.000000,1.000000,832.876770,518.604797,60.093262,20.294739,1.000000,2.000000,1.000000
4.000000,2.000000,837.331299,446.622192,54.998352,19.269379,1.000000,2.000000,1.000000
4.000000,3.000000,832.365051,420.597198,58.079407,21.282135,1.000000,2.000000,1.000000
4.000000,4.000000,835.488953,395.617523,56.084595,19.269348,1.000000,2.000000,1.000000
4.000000,5.000000,834.599243,372.611725,60.083252,21.289154,1.000000,2.000000,1.000000
4.000000,6.000000,840.923950,327.636536,54.992371,21.275208,1.000000,2.000000,1.000000
4.000000,7.000000,840.048157,284.637238,54.073792,20.259827,1.000000,2.000000,1.000000
4.000000,8.000000,843.231995,265.648163,52.993469,16.260132,1.000000,2.000000,1.000000
4.000000,9.000000,844.271240,241.653946,53.061462,18.258957,1.000000,2.000000,1.000000
4.000000,10.000000,844.375977,219.655624,54.070801,20.261749,1.000000,2.000000,1.000000
4.000000,11.000000,844.480713,198.659668,56.990234,19.279343,1.000000,2.000000,1.000000
4.000000,12.000000,839.597290,176.628372,59.068848,16.286072,1.000000,2.000000,1.000000
4.000000,13.000000,842.696289,156.645874,48.075256,17.238586,1.000000,2.000000,1.000000
4.000000,14.000000,843.795471,134.655487,61.085693,18.293839,1.000000,2.000000,1.000000
4.000000,15.000000,841.906311,113.639572,57.078979,17.002274,1.000000,2.000000,1.000000
4.000000,16.000000,849.010986,92.676689,56.079651,17.278374,1.000000,2.000000,1.000000
4.000000,17.000000,845.218689,67.657211,62.985840,24.303284,1.000000,2.000000,1.000000
4.000000,18.000000,846.219116,48.662426,55.090210,20.266735,1.000000,2.000000,1.000000
4.000000,19.000000,845.323425,28.662113,56.075623,19.269161,1.000000,2.000000,1.000000
4.000000,20.000000,560.902832,87.353500,42.170410,50.984604,1.000000,2.000000,1.000000
4.000000,21.000000,572.629700,170.347687,61.925598,45.209579,1.000000,2.000000,1.000000
4.000000,22.000000,582.733643,148.409210,63.929382,47.202408,1.000000,2.000000,1.000000
4.000000,23.000000,838.126221,469.630920,55.078186,19.269348,1.000000,2.000000,1.000000
4.000000,24.000000,836.762817,543.624329,60.078247,20.289795,1.000000,2.000000,1.000000
4.000000,25.000000,622.108276,72.599899,62.942871,43.208206,1.000000,2.000000,1.000000
4.000000,26.000000,833.646790,566.611267,59.078918,18.287842,1.000000,2.000000,1.000000
4.000000,27.000000,782.021667,495.346741,38.059021,14.190460,1.000000,2.000000,1.000000
4.000000,28.000000,782.106506,473.346375,43.088989,18.213043,1.000000,2.000000,1.000000
4.000000,29.000000,772.446350,401.298950,55.093079,24.273438,1.000000,2.000000,1.000000
4.000000,30.000000,773.655151,381.303406,52.994568,19.259399,1.000000,2.000000,1.000000
4.000000,31.000000,769.674438,354.282959,60.995972,24.303375,1.000000,2.000000,1.000000
4.000000,32.000000,771.803894,331.299194,59.085938,22.287506,1.000000,2.000000,1.000000
4.000000,33.000000,768.919373,307.280029,61.092651,22.302490,1.000000,2.000000,1.000000
4.000000,34.000000,773.049744,286.304016,51.064514,18.243988,1.000000,2.000000,1.000000
4.000000,35.000000,771.147522,261.289429,59.093872,23.282990,1.000000,2.000000,1.000000
4.000000,36.000000,760.273560,238.236847,70.072510,21.346954,1.000000,2.000000,1.000000
4.000000,37.000000,772.372375,216.295288,57.088989,22.285629,1.000000,2.000000,1.000000
4.000000,38.000000,775.493347,195.309311,54.072693,18.271973,1.000000,2.000000,1.000000
4.000000,39.000000,770.606934,169.289276,63.079529,24.306458,1.000000,2.000000,1.000000
4.000000,40.000000,783.712158,152.350937,50.079041,18.242981,1.000000,2.000000,1.000000
4.000000,41.000000,803.026428,98.447151,35.032715,11.168808,1.000000,2.000000,1.000000
4.000000,42.000000,792.930359,111.397415,44.059570,17.218628,1.000000,2.000000,1.000000
4.000000,43.000000,779.811218,132.614716,57.993652,18.004623,1.000000,2.000000,1.000000
4.000000,44.000000,829.458618,601.589172,72.076355,24.348206,1.000000,2.000000,1.000000
4.000000,45.000000,609.968506,102.523933,60.945129,40.209862,1.000000,2.000000,1.000000
4.000000,46.000000,634.201050,53.659763,57.964783,41.177616,1.000000,2.000000,1.000000
4.000000,47.000000,376.374969,15.349161,53.028442,32.206482,1.000000,2.000000,1.000000
4.000000,48.000000,198.764389,142.457703,51.009674,26.204498,1.000000,2.000000,1.000000
4.000000,49.000000,196.874252,118.443550,61.023849,31.264473,1.000000,2.000000,1.000000
4.000000,50.000000,208.023514,93.499084,49.004837,22.200539,1.000000,2.000000,1.000000
4.000000,51.000000,209.122681,69.519936,60.015472,29.237762,1.000000,2.000000,1.000000
4.000000,52.000000,223.356979,23.574625,55.015366,28.230104,1.000000,2.000000,1.000000
4.000000,53.000000,231.481033,0.000000,55.020340,26.845104,1.000000,2.000000,1.000000
4.000000,54.000000,384.494049,0.000000,56.030762,24.611839,1.000000,2.000000,1.000000
4.000000,55.000000,372.251617,40.323948,51.034607,32.199284,1.000000,2.000000,1.000000
4.000000,56.000000,666.461975,3.805288,48.964966,37.158730,1.000000,2.000000,1.000000
4.000000,57.000000,361.041504,85.261086,52.014069,31.211464,1.000000,2.000000,1.000000
4.000000,58.000000,256.549622,187.742081,69.972809,29.315521,1.000000,2.000000,1.000000
4.000000,59.000000,178.655182,168.348053,36.019257,16.151443,1.000000,2.000000,1.000000
4.000000,60.000000,211.609329,174.517136,47.998367,26.199524,1.000000,2.000000,1.000000
4.000000,61.000000,326.477539,204.086975,35.009857,20.142059,1.000000,2.000000,1.000000
4.000000,62.000000,360.423157,213.250336,36.024231,20.165085,1.000000,2.000000,1.000000
4.000000,63.000000,394.468475,204.431061,53.018494,23.228134,1.000000,2.000000,1.000000
4.000000,64.000000,402.572632,182.470581,42.024780,23.163315,1.000000,2.000000,1.000000
4.000000,65.000000,408.672943,163.500412,46.023438,23.193237,1.000000,2.000000,1.000000
4.000000,66.000000,412.766327,142.519424,47.024933,24.196716,1.000000,2.000000,1.000000
4.000000,67.000000,422.857391,123.570213,39.028442,23.155388,1.000000,2.000000,1.000000
4.000000,68.000000,424.980865,101.586456,37.024658,22.138344,1.000000,2.000000,1.000000
4.000000,69.000000,431.076172,80.615616,46.013519,26.179787,1.000000,2.000000,1.000000
4.000000,70.000000,442.314178,34.663200,55.005402,27.232101,1.000000,2.000000,1.000000
4.000000,71.000000,445.410248,8.693073,56.032654,32.224297,1.000000,2.000000,1.000000
4.000000,72.000000,319.599304,177.056564,70.992126,29.313492,1.000000,2.000000,1.000000
4.000000,73.000000,327.708374,154.102692,66.994507,31.289398,1.000000,2.000000,1.000000
4.000000,74.000000,327.823059,128.113617,73.999481,35.302032,1.000000,2.000000,1.000000
4.000000,75.000000,837.944641,308.626465,46.073303,16.226227,1.000000,2.000000,1.000000
4.000000,76.000000,986.119141,470.368958,36.880859,19.875244,1.000000,2.000000,1.000000
4.000000,77.000000,993.528015,407.400085,29.471985,17.843567,1.000000,2.000000,1.000000
4.000000,78.000000,999.390808,222.431366,23.609192,12.112839,1.000000,2.000000,1.000000
4.000000,79.000000,991.099304,493.387634,31.900696,14.160400,1.000000,2.000000,1.000000
4.000000,80.000000,993.993896,514.403564,29.006104,14.004944,1.000000,2.000000,1.000000
4.000000,81.000000,998.900269,533.428589,24.099731,15.664001,1.000000,2.000000,1.000000
4.000000,82.000000,988.729492,553.383179,34.270508,14.879028,1.000000,2.000000,1.000000
4.000000,83.000000,965.435486,606.261963,57.564514,19.999512,1.000000,2.000000,1.000000
4.000000,84.000000,981.624756,572.343384,41.375244,17.001282,1.000000,2.000000,1.000000
4.000000,85.000000,757.483948,15.298059,143.959961,604.580017,1.000000,8.000000,1.000000
4.000000,86.000000,572.701599,333.649139,192.886475,290.325409,1.000000,8.000000,1.000000
4.000000,87.000000,559.688965,0.000000,185.094666,215.557266,1.000000,8.000000,1.000000
4.000000,88.000000,333.597198,0.000000,171.876343,224.702774,1.000000,8.000000,1.000000
4.000000,89.000000,182.784531,0.000000,107.798660,172.678909,1.000000,8.000000,1.000000
4.000000,90.000000,595.751221,336.630493,56.024780,42.829742,1.000000,2.000000,1.000000
4.000000,91.000000,604.658386,367.610748,34.012329,23.879517,1.000000,2.000000,1.000000
4.000000,92.000000,607.571838,383.638428,38.009094,25.865417,1.000000,2.000000,1.000000
4.000000,93.000000,617.501221,400.685608,36.994751,22.864105,1.000000,2.000000,1.000000
4.000000,94.000000,625.418945,412.719574,37.013611,28.878601,1.000000,2.000000,1.000000
4.000000,95.000000,636.347778,431.754578,32.995056,22.894012,1.000000,2.000000,1.000000
4.000000,96.000000,641.268066,443.803528,37.004761,27.874207,1.000000,2.000000,1.000000
4.000000,97.000000,656.113953,475.857971,34.994873,27.894196,1.000000,2.000000,1.000000
4.000000,98.000000,666.042358,491.911591,34.984924,25.890350,1.000000,2.000000,1.000000
4.000000,99.000000,671.963074,507.948334,34.994934,24.879974,1.000000,2.000000,1.000000
4.000000,100.000000,679.877747,523.995972,36.999695,24.874939,1.000000,2.000000,1.000000
4.000000,101.000000,689.797180,542.015564,31.006165,21.901672,1.000000,2.000000,1.000000
4.000000,102.000000,693.718140,554.062622,38.004089,28.884583,1.000000,2.000000,1.000000
4.000000,103.000000,701.623779,571.111694,40.024902,28.863647,1.000000,2.000000,1.000000
4.000000,104.000000,652.903198,527.753357,25.870361,36.024231,1.000000,2.000000,1.000000
4.000000,105.000000,627.118530,482.634552,26.873779,37.018646,1.000000,2.000000,1.000000
4.000000,106.000000,604.364136,434.513428,26.882751,32.029541,1.000000,2.000000,1.000000
4.000000,107.000000,565.666687,374.321503,21.910645,26.015015,1.000000,2.000000,1.000000
4.000000,108.000000,177.919052,102.355011,18.104370,28.033783,1.000000,2.000000,1.000000
4.000000,109.000000,186.059097,74.399574,18.109329,27.015869,1.000000,2.000000,1.000000
4.000000,110.000000,190.193420,41.439320,21.129562,34.010654,1.000000,2.000000,1.000000
5.000000,1.000000,833.116089,515.099182,60.003540,20.000549,1.000000,2.000000,1.000000
5.000000,2.000000,836.663086,443.106598,54.998352,19.005096,1.000000,2.000000,1.000000
5.000000,3.000000,831.532288,417.405731,58.014587,20.713684,1.000000,2.000000,1.000000
5.000000,4.000000,834.501587,392.386200,55.915039,19.005066,1.000000,2.000000,1.000000
5.000000,5.000000,833.392517,369.390381,59.913635,20.710693,1.000000,2.000000,1.000000
5.000000,6.000000,839.068909,324.365295,55.102051,20.726685,1.000000,2.000000,1.000000
5.000000,7.000000,837.943787,281.365997,53.924194,19.741211,1.000000,2.000000,1.000000
5.000000,8.000000,840.758606,262.356964,53.003479,15.741547,1.000000,2.000000,1.000000
5.000000,9.000000,841.638306,238.352814,53.021545,17.740356,1.000000,2.000000,1.000000
5.000000,10.000000,841.528625,216.354492,54.015930,19.733139,1.000000,2.000000,1.000000
5.000000,11.000000,841.508667,195.348557,57.010254,18.720825,1.000000,2.000000,1.000000
5.000000,12.000000,836.316040,173.377075,59.009094,16.001846,1.000000,2.000000,1.000000
5.000000,13.000000,839.215637,153.364670,48.085205,16.759857,1.000000,2.000000,1.000000
5.000000,14.000000,840.195129,131.354340,60.916138,18.004623,1.000000,2.000000,1.000000
5.000000,15.000000,838.001770,110.368332,57.004211,17.002274,1.000000,2.000000,1.000000
5.000000,16.000000,844.897034,89.335640,56.084595,16.999115,1.000000,2.000000,1.000000
5.000000,17.000000,840.770630,64.356071,63.015747,23.694901,1.000000,2.000000,1.000000
5.000000,18.000000,841.676270,45.351311,55.005432,19.728172,1.000000,2.000000,1.000000
5.000000,19.000000,840.665894,25.350996,55.926025,18.730597,1.000000,2.000000,1.000000
5.000000,20.000000,557.093079,86.655365,41.831299,51.014542,1.000000,2.000000,1.000000
5.000000,21.000000,569.368469,169.659531,62.075195,44.790710,1.000000,2.000000,1.000000
5.000000,22.000000,579.262939,147.601379,64.069031,46.793488,1.000000,2.000000,1.000000
5.000000,23.000000,837.866882,466.369659,55.003418,18.730804,1.000000,2.000000,1.000000
5.000000,24.000000,837.231567,540.373047,59.918640,19.711365,1.000000,2.000000,1.000000
5.000000,25.000000,617.889526,71.413086,63.052612,42.789322,1.000000,2.000000,1.000000
5.000000,26.000000,834.344971,563.389893,59.004028,17.709351,1.000000,2.000000,1.000000
5.000000,27.000000,781.906982,492.653961,38.069031,13.811493,1.000000,2.000000,1.000000
5.000000,28.000000,781.797302,470.439148,43.089050,18.213043,1.000000,2.000000,1.000000
5.000000,29.000000,771.439087,398.705902,55.117981,23.724915,1.000000,2.000000,1.000000
5.000000,30.000000,772.338684,378.700378,53.004517,18.740784,1.000000,2.000000,1.000000
5.000000,31.000000,768.203369,351.719849,61.120605,23.694977,1.000000,2.000000,1.000000
5.000000,32.000000,770.188232,328.706116,59.011108,21.709076,1.000000,2.000000,1.000000
5.000000,33.000000,766.969604,304.726868,61.107544,21.694153,1.000000,2.000000,1.000000
5.000000,34.000000,770.945374,283.701019,50.934875,17.755280,1.000000,2.000000,1.000000
5.000000,35.000000,768.739014,258.716339,59.009033,22.714508,1.000000,2.000000,1.000000
5.000000,36.000000,757.625671,235.773438,70.102417,20.648834,1.000000,2.000000,1.000000
5.000000,37.000000,769.515015,213.712219,57.108948,21.717148,1.000000,2.000000,1.000000
5.000000,38.000000,772.411621,192.696304,54.087646,18.002716,1.000000,2.000000,1.000000
5.000000,39.000000,767.385559,166.716187,62.919983,23.698074,1.000000,2.000000,1.000000
5.000000,40.000000,780.196594,149.658157,50.004211,17.754288,1.000000,2.000000,1.000000
5.000000,41.000000,798.927368,95.564873,35.002869,10.829727,1.000000,2.000000,1.000000
5.000000,42.000000,788.990906,108.614883,44.084473,16.779793,1.000000,2.000000,1.000000
5.000000,43.000000,776.101135,129.393356,58.083374,17.994659,1.000000,2.000000,1.000000
5.000000,44.000000,830.535767,598.407654,71.916748,23.650146,1.000000,2.000000,1.000000
5.000000,45.000000,606.029114,101.486717,61.054810,39.790977,1.000000,2.000000,1.000000
5.000000,46.000000,629.792908,52.353260,58.034546,40.818584,1.000000,2.000000,1.000000
5.000000,47.000000,371.627686,16.665630,52.968597,31.787601,1.000000,2.000000,1.000000
5.000000,48.000000,195.243835,145.549408,50.989716,25.795609,1.000000,2.000000,1.000000
5.000000,49.000000,193.134262,121.565178,60.973999,30.735893,1.000000,2.000000,1.000000
5.000000,50.000000,203.984344,96.511009,48.994858,21.801613,1.000000,2.000000,1.000000
5.000000,51.000000,204.884033,72.491974,59.985565,28.759033,1.000000,2.000000,1.000000
5.000000,52.000000,218.649612,26.436949,54.985428,27.771345,1.000000,2.000000,1.000000
5.000000,53.000000,226.524323,0.000000,54.980438,29.168877,1.000000,2.000000,1.000000
5.000000,54.000000,379.507416,0.000000,55.970917,25.399733,1.000000,2.000000,1.000000
5.000000,55.000000,367.753662,41.690296,50.964813,31.800335,1.000000,2.000000,1.000000
5.000000,56.000000,661.535217,2.209565,49.034790,36.839592,1.000000,2.000000,1.000000
5.000000,57.000000,356.962433,86.747093,51.984131,30.792603,1.000000,2.000000,1.000000
5.000000,58.000000,253.457916,190.265320,70.022644,28.687195,1.000000,2.000000,1.000000
5.000000,59.000000,175.354034,171.659180,35.979355,15.852249,1.000000,2.000000,1.000000
5.000000,60.000000,208.397934,177.489182,47.998367,25.800583,1.000000,2.000000,1.000000
5.000000,61.000000,323.525452,205.922058,34.989899,19.852829,1.000000,2.000000,1.000000
5.000000,62.000000,357.580780,214.756317,35.974365,19.835938,1.000000,2.000000,1.000000
5.000000,63.000000,391.536377,205.577988,52.978546,22.769363,1.000000,2.000000,1.000000
5.000000,64.000000,399.431061,183.537720,41.974915,22.834198,1.000000,2.000000,1.000000
5.000000,65.000000,405.331879,164.507721,45.973572,22.804260,1.000000,2.000000,1.000000
5.000000,66.000000,409.235809,143.486816,46.975067,23.807785,1.000000,2.000000,1.000000
5.000000,67.000000,419.147339,124.437889,38.968597,22.846230,1.000000,2.000000,1.000000
5.000000,68.000000,421.021484,102.424194,36.974792,21.859116,1.000000,2.000000,1.000000
5.000000,69.000000,426.927307,81.393547,45.983551,25.820740,1.000000,2.000000,1.000000
5.000000,70.000000,437.686584,35.351349,54.995422,26.763363,1.000000,2.000000,1.000000
5.000000,71.000000,440.593140,9.321395,55.962860,31.775482,1.000000,2.000000,1.000000
5.000000,72.000000,316.407867,178.951492,71.002106,28.685150,1.000000,2.000000,1.000000
5.000000,73.000000,324.297516,155.907852,67.004456,30.710968,1.000000,2.000000,1.000000
5.000000,74.000000,324.182831,129.898834,73.999481,34.693649,1.000000,2.000000,1.000000
5.000000,75.000000,836.049744,305.150757,46.003479,16.001862,1.000000,2.000000,1.000000
5.000000,76.000000,985.869812,465.631653,37.130188,19.520721,1.000000,2.000000,1.000000
5.000000,77.000000,992.460876,402.602936,30.539124,17.566040,1.000000,2.000000,1.000000
5.000000,78.000000,996.598328,217.447403,26.401672,12.132050,1.000000,2.000000,1.000000
5.000000,79.000000,990.889893,488.610443,32.110107,13.996002,1.000000,2.000000,1.000000
5.000000,80.000000,993.993896,509.596436,29.006104,13.994995,1.000000,2.000000,1.000000
5.000000,81.000000,999.089783,528.571594,23.910217,15.401672,1.000000,2.000000,1.000000
5.000000,82.000000,989.258057,548.615967,33.741943,14.538696,1.000000,2.000000,1.000000
5.000000,83.000000,966.452759,601.452148,56.547241,20.281494,1.000000,2.000000,1.000000
5.000000,84.000000,982.283020,567.655945,40.716980,16.578003,1.000000,2.000000,1.000000
5.000000,85.000000,758.511169,12.714990,138.035889,603.403137,1.000000,8.000000,1.000000
5.000000,86.000000,571.295349,332.352631,195.110535,289.667145,1.000000,8.000000,1.000000
5.000000,87.000000,556.308044,0.000000,182.106140,214.450241,1.000000,8.000000,1.000000
5.000000,88.000000,330.405762,0.000000,170.121033,225.301163,1.000000,8.000000,1.000000
5.000000,89.000000,179.224091,0.000000,106.795105,175.331787,1.000000,8.000000,1.000000
5.000000,90.000000,594.245239,335.373871,55.974915,43.168823,1.000000,2.000000,1.000000
5.000000,91.000000,603.341919,366.394012,33.982422,24.118866,1.000000,2.000000,1.000000
5.000000,92.000000,606.424927,382.361847,37.989136,26.134674,1.000000,2.000000,1.000000
5.000000,93.000000,616.493958,399.319244,37.004700,23.133392,1.000000,2.000000,1.000000
5.000000,94.000000,624.581177,411.283417,36.983765,29.117981,1.000000,2.000000,1.000000
5.000000,95.000000,635.649658,430.248596,33.005066,23.103455,1.000000,2.000000,1.000000
5.000000,96.000000,640.729553,442.197815,36.994751,28.123566,1.000000,2.000000,1.000000
5.000000,97.000000,655.884583,474.142578,35.004822,28.103607,1.000000,2.000000,1.000000
5.000000,98.000000,665.952576,490.086487,35.014832,26.109741,1.000000,2.000000,1.000000
5.000000,99.000000,672.032898,506.053436,35.004883,25.119354,1.000000,2.000000,1.000000
5.000000,100.000000,680.117126,522.001343,36.999695,25.124268,1.000000,2.000000,1.000000
5.000000,101.000000,690.196106,539.981018,30.996216,22.101135,1.000000,2.000000,1.000000
5.000000,102.000000,694.276611,551.938293,37.994141,29.114014,1.000000,2.000000,1.000000
5.000000,103.000000,702.371765,568.887634,39.975037,29.132935,1.000000,2.000000,1.000000
5.000000,104.000000,653.092712,526.247375,26.129700,35.974365,1.000000,2.000000,1.000000
5.000000,105.000000,626.879211,481.367950,27.123108,36.978790,1.000000,2.000000,1.000000
5.000000,106.000000,603.636108,433.486176,27.112122,31.969696,1.000000,2.000000,1.000000
5.000000,107.000000,564.330261,373.683197,22.090149,25.985138,1.000000,2.000000,1.000000
5.000000,108.000000,174.089310,105.656158,17.894928,27.963974,1.000000,2.000000,1.000000
5.000000,109.000000,181.950104,77.610962,17.889938,26.985947,1.000000,2.000000,1.000000
5.000000,110.000000,185.815155,44.570930,20.870270,33.990700,1.000000,2.000000,1.000000
6.000000,1.000000,833.323547,511.299042,60.007507,19.998566,1.000000,2.000000,1.000000
6.000000,2.000000,835.962585,439.323608,54.992859,19.013184,1.000000,2.000000,1.000000
6.000000,3.000000,830.572998,414.223694,58.038696,20.143127,1.000000,2.000000,1.000000
6.000000,4.000000,833.482178,389.166779,55.739929,19.013123,1.000000,2.000000,1.000000
6.000000,5.000000,832.153748,366.183197,59.738220,20.130188,1.000000,2.000000,1.000000
6.000000,6.000000,837.181335,321.112701,55.306030,20.176147,1.000000,2.000000,1.000000
6.000000,7.000000,835.807007,278.117706,53.769226,19.220642,1.000000,2.000000,1.000000
6.000000,8.000000,838.252502,259.090637,53.008179,15.221375,1.000000,2.000000,1.000000
6.000000,9.000000,838.892761,235.078888,53.056152,17.219986,1.000000,2.000000,1.000000
6.000000,10.000000,838.563721,213.082764,54.040405,19.202576,1.000000,2.000000,1.000000
6.000000,11.000000,838.503845,192.068939,57.024536,18.160461,1.000000,2.000000,1.000000
6.000000,12.000000,832.922791,170.159470,59.023132,16.000259,1.000000,2.000000,1.000000
6.000000,13.000000,835.622620,150.119141,48.250000,16.279449,1.000000,2.000000,1.000000
6.000000,14.000000,836.562134,128.091064,60.740540,18.012802,1.000000,2.000000,1.000000
6.000000,15.000000,833.979980,107.137047,57.008545,17.000580,1.000000,2.000000,1.000000
6.000000,16.000000,840.665161,86.036629,56.248596,16.997429,1.000000,2.000000,1.000000
6.000000,17.000000,836.289856,61.099461,63.039368,23.084156,1.000000,2.000000,1.000000
6.000000,18.000000,837.005920,42.086609,55.009888,19.187645,1.000000,2.000000,1.000000
6.000000,19.000000,835.975708,22.088284,55.770874,18.190174,1.000000,2.000000,1.000000
6.000000,20.000000,553.278748,85.999535,41.488098,51.039406,1.000000,2.000000,1.000000
6.000000,21.000000,566.101501,169.005447,62.218567,44.367355,1.000000,2.000000,1.000000
6.000000,22.000000,575.785522,146.829788,64.202271,46.379929,1.000000,2.000000,1.000000
6.000000,23.000000,837.575195,463.112946,55.007874,18.190369,1.000000,2.000000,1.000000
6.000000,24.000000,837.667969,537.118958,59.753113,19.130920,1.000000,2.000000,1.000000
6.000000,25.000000,613.660339,70.270103,63.156006,42.366180,1.000000,2.000000,1.000000
6.000000,26.000000,835.010986,560.163391,59.008179,17.129211,1.000000,2.000000,1.000000
6.000000,27.000000,781.700623,489.963104,38.204834,13.431122,1.000000,2.000000,1.000000
6.000000,28.000000,781.371521,467.321655,43.264282,18.640076,1.000000,2.000000,1.000000
6.000000,29.000000,770.296265,396.124115,55.351868,23.174042,1.000000,2.000000,1.000000
6.000000,30.000000,770.996338,376.110596,53.009216,18.220337,1.000000,2.000000,1.000000
6.000000,31.000000,766.592163,349.172638,61.353882,23.084259,1.000000,2.000000,1.000000
6.000000,32.000000,768.546875,326.131317,59.025208,21.128448,1.000000,2.000000,1.000000
6.000000,33.000000,764.889709,302.194336,61.320923,21.083618,1.000000,2.000000,1.000000
6.000000,34.000000,768.815247,281.120697,50.800110,17.264832,1.000000,2.000000,1.000000
6.000000,35.000000,766.200195,256.168457,59.023132,22.143738,1.000000,2.000000,1.000000
6.000000,36.000000,754.858582,233.337524,70.304932,19.948669,1.000000,2.000000,1.000000
6.000000,37.000000,766.527344,211.158813,57.322693,21.146515,1.000000,2.000000,1.000000
6.000000,38.000000,769.214172,190.115067,54.261902,18.000916,1.000000,2.000000,1.000000
6.000000,39.000000,764.138794,164.177444,62.754150,23.087326,1.000000,2.000000,1.000000
6.000000,40.000000,776.569580,147.001419,50.009216,17.263824,1.000000,2.000000,1.000000
6.000000,41.000000,794.759949,92.724014,35.009338,10.489571,1.000000,2.000000,1.000000
6.000000,42.000000,784.954163,105.872475,44.249573,16.339302,1.000000,2.000000,1.000000
6.000000,43.000000,772.285034,126.210052,58.247131,17.982895,1.000000,2.000000,1.000000
6.000000,44.000000,831.581177,595.217590,71.750061,22.949646,1.000000,2.000000,1.000000
6.000000,45.000000,602.080322,100.490334,61.158447,39.368141,1.000000,2.000000,1.000000
6.000000,46.000000,625.372986,51.092480,58.098572,40.455486,1.000000,2.000000,1.000000
6.000000,47.000000,366.894348,18.031368,52.903503,31.365559,1.000000,2.000000,1.000000
6.000000,48.000000,191.754791,148.677567,50.964676,25.384155,1.000000,2.000000,1.000000
6.000000,49.000000,189.425995,124.725647,60.918076,30.204269,1.000000,2.000000,1.000000
6.000000,50.000000,199.975800,99.564270,48.980011,21.400520,1.000000,2.000000,1.000000
6.000000,51.000000,200.675919,75.507729,59.949692,28.277443,1.000000,2.000000,1.000000
6.000000,52.000000,213.971405,29.347569,54.950043,27.309822,1.000000,2.000000,1.000000
6.000000,53.000000,221.596008,1.217553,54.935059,30.323120,1.000000,2.000000,1.000000
6.000000,54.000000,374.533966,0.000000,55.905487,26.236027,1.000000,2.000000,1.000000
6.000000,55.000000,363.270050,43.103424,50.889954,31.398224,1.000000,2.000000,1.000000
6.000000,56.000000,656.593506,0.664549,49.099731,36.516792,1.000000,2.000000,1.000000
6.000000,57.000000,352.898804,88.275406,51.949036,30.370674,1.000000,2.000000,1.000000
6.000000,58.000000,250.391907,192.820557,70.065582,28.056030,1.000000,2.000000,1.000000
6.000000,59.000000,172.086349,175.004150,35.935898,15.551468,1.000000,2.000000,1.000000
6.000000,60.000000,205.216751,180.494492,47.993591,25.399078,1.000000,2.000000,1.000000
6.000000,61.000000,320.592133,207.787582,34.966461,19.561630,1.000000,2.000000,1.000000
6.000000,62.000000,354.753754,216.291855,35.920929,19.504837,1.000000,2.000000,1.000000
6.000000,63.000000,388.616211,206.755386,52.933380,22.308319,1.000000,2.000000,1.000000
6.000000,64.000000,396.300659,184.637543,41.920898,22.502777,1.000000,2.000000,1.000000
6.000000,65.000000,402.001434,165.549591,45.919159,22.413025,1.000000,2.000000,1.000000
6.000000,66.000000,405.715485,144.490875,46.920532,23.416458,1.000000,2.000000,1.000000
6.000000,67.000000,415.446503,125.344116,38.904907,22.534775,1.000000,2.000000,1.000000
6.000000,68.000000,417.071136,103.302681,36.921265,21.577698,1.000000,2.000000,1.000000
6.000000,69.000000,422.786896,82.214302,45.949066,25.459129,1.000000,2.000000,1.000000
6.000000,70.000000,433.066345,36.086906,54.980042,26.291962,1.000000,2.000000,1.000000
6.000000,71.000000,435.783142,9.999717,55.887512,31.323505,1.000000,2.000000,1.000000
6.000000,72.000000,313.235870,180.879547,71.005035,28.053970,1.000000,2.000000,1.000000
6.000000,73.000000,320.905334,157.748444,67.007751,30.129456,1.000000,2.000000,1.000000
6.000000,74.000000,320.561279,131.722046,73.992126,34.081833,1.000000,2.000000,1.000000
6.000000,75.000000,834.122559,301.471252,46.008911,16.000244,1.000000,2.000000,1.000000
6.000000,76.000000,985.573364,460.898956,37.426636,19.159607,1.000000,2.000000,1.000000
6.000000,77.000000,991.345947,397.816681,31.654053,17.269470,1.000000,2.000000,1.000000
6.000000,78.000000,993.757568,212.321442,29.242432,12.439087,1.000000,2.000000,1.000000
6.000000,79.000000,990.632812,483.835571,32.367188,13.984619,1.000000,2.000000,1.000000
6.000000,80.000000,993.945923,504.789581,29.054077,13.983612,1.000000,2.000000,1.000000
6.000000,81.000000,999.230835,523.712952,23.769165,15.147339,1.000000,2.000000,1.000000
6.000000,82.000000,989.739197,543.845093,33.260803,14.207947,1.000000,2.000000,1.000000
6.000000,83.000000,967.325073,596.364380,55.674927,20.830505,1.000000,2.000000,1.000000
6.000000,84.000000,982.814697,562.962952,40.185303,16.168152,1.000000,2.000000,1.000000
6.000000,85.000000,759.513916,10.181582,132.098022,602.166260,1.000000,8.000000,1.000000
6.000000,86.000000,569.883179,331.073975,197.315186,288.980103,1.000000,8.000000,1.000000
6.000000,87.000000,552.922729,0.000000,179.185669,213.372803,1.000000,8.000000,1.000000
6.000000,88.000000,327.232391,0.000000,168.348816,225.928070,1.000000,8.000000,1.000000
6.000000,89.000000,175.696747,0.000000,105.745575,178.018158,1.000000,8.000000,1.000000
6.000000,90.000000,592.731079,334.134827,55.919556,43.503601,1.000000,2.000000,1.000000
6.000000,91.000000,602.016357,365.191742,33.949097,24.355865,1.000000,2.000000,1.000000
6.000000,92.000000,605.268616,381.098145,37.965393,26.401367,1.000000,2.000000,1.000000
6.000000,93.000000,615.476257,397.964111,37.010986,23.400360,1.000000,2.000000,1.000000
6.000000,94.000000,623.732239,409.857269,36.950134,29.354462,1.000000,2.000000,1.000000
6.000000,95.000000,634.939209,428.750763,33.011780,23.310608,1.000000,2.000000,1.000000
6.000000,96.000000,640.178223,440.599091,36.981079,28.370056,1.000000,2.000000,1.000000
6.000000,97.000000,655.640869,472.430908,35.011292,28.310272,1.000000,2.000000,1.000000
6.000000,98.000000,665.847534,488.263550,35.041260,26.326599,1.000000,2.000000,1.000000
6.000000,99.000000,672.086792,504.159088,35.011353,25.356171,1.000000,2.000000,1.000000
6.000000,100.000000,680.339722,520.005676,36.996033,25.371094,1.000000,2.000000,1.000000
6.000000,101.000000,690.577332,537.943665,30.983154,22.298401,1.000000,2.000000,1.000000
6.000000,102.000000,694.817017,549.810059,37.980347,29.340454,1.000000,2.000000,1.000000
6.000000,103.000000,703.100830,566.657898,39.921204,29.399353,1.000000,2.000000,1.000000
6.000000,104.000000,653.268127,524.739990,26.386414,35.920959,1.000000,2.000000,1.000000
6.000000,105.000000,626.628418,480.104401,27.369751,36.935211,1.000000,2.000000,1.000000
6.000000,106.000000,602.898987,432.466736,27.338745,31.906677,1.000000,2.000000,1.000000
6.000000,107.000000,562.988647,373.058685,22.267456,25.952606,1.000000,2.000000,1.000000
6.000000,108.000000,170.293182,108.997726,17.683716,27.891373,1.000000,2.000000,1.000000
6.000000,109.000000,177.873932,80.865562,17.668762,26.953339,1.000000,2.000000,1.000000
6.000000,110.000000,181.469360,47.749035,20.608887,33.967365,1.000000,2.000000,1.000000
7.000000,1.000000,833.498962,507.498993,60.005554,20.490326,1.000000,2.000000,1.000000
7.000000,2.000000,835.229858,435.547852,54.981934,19.019379,1.000000,2.000000,1.000000
7.000000,3.000000,829.581970,411.051392,58.057129,19.570557,1.000000,2.000000,1.000000
7.000000,4.000000,832.430725,385.959564,55.559326,19.019318,1.000000,2.000000,1.000000
7.000000,5.000000,830.883179,362.990540,59.556763,20.019440,1.000000,2.000000,1.000000
7.000000,6.000000,835.261414,317.508148,55.504517,19.994537,1.000000,2.000000,1.000000
7.000000,7.000000,833.638000,274.892670,53.608948,18.698151,1.000000,2.000000,1.000000
7.000000,8.000000,835.713989,255.528290,53.007629,15.020844,1.000000,2.000000,1.000000
7.000000,9.000000,836.114746,231.832520,53.085449,16.697891,1.000000,2.000000,1.000000
7.000000,10.000000,835.566284,209.840759,54.059631,18.670090,1.000000,2.000000,1.000000
7.000000,11.000000,835.466553,188.821136,57.033142,17.598282,1.000000,2.000000,1.000000
7.000000,12.000000,829.497620,166.975861,59.031372,15.997070,1.000000,2.000000,1.000000
7.000000,13.000000,831.997437,146.710999,48.409912,16.192596,1.000000,2.000000,1.000000
7.000000,14.000000,832.896851,124.370201,60.558960,18.514946,1.000000,2.000000,1.000000
7.000000,15.000000,829.926208,103.525116,57.007202,17.418114,1.000000,2.000000,1.000000
7.000000,16.000000,836.400635,82.383995,56.406921,17.390038,1.000000,2.000000,1.000000
7.000000,17.000000,831.776855,57.887695,63.056763,22.471115,1.000000,2.000000,1.000000
7.000000,18.000000,832.303284,38.494701,55.008850,19.368053,1.000000,2.000000,1.000000
7.000000,19.000000,831.253296,18.874302,55.610107,18.018909,1.000000,2.000000,1.000000
7.000000,20.000000,549.460388,85.386078,41.140747,51.059189,1.000000,2.000000,1.000000
7.000000,21.000000,562.829163,168.385468,62.355774,43.939606,1.000000,2.000000,1.000000
7.000000,22.000000,572.301819,146.094528,64.329163,45.961746,1.000000,2.000000,1.000000
7.000000,23.000000,837.251099,459.861084,55.006897,18.019165,1.000000,2.000000,1.000000
7.000000,24.000000,838.071960,533.391602,59.581665,19.019348,1.000000,2.000000,1.000000
7.000000,25.000000,609.421021,69.171051,63.253174,41.938835,1.000000,2.000000,1.000000
7.000000,26.000000,835.644958,556.483215,59.006409,17.467957,1.000000,2.000000,1.000000
7.000000,27.000000,781.467468,487.274414,38.336853,13.049469,1.000000,2.000000,1.000000
7.000000,28.000000,780.918945,464.208618,43.435181,19.065247,1.000000,2.000000,1.000000
7.000000,29.000000,769.127747,393.553864,55.580261,22.620850,1.000000,2.000000,1.000000
7.000000,30.000000,769.628235,373.213165,53.008606,18.290527,1.000000,2.000000,1.000000
7.000000,31.000000,764.955566,346.641663,61.581055,22.994965,1.000000,2.000000,1.000000
7.000000,32.000000,766.880005,323.574951,59.033386,20.545746,1.000000,2.000000,1.000000
7.000000,33.000000,762.784729,299.682648,61.528137,20.991638,1.000000,2.000000,1.000000
7.000000,34.000000,766.659546,278.563324,50.660400,16.772705,1.000000,2.000000,1.000000
7.000000,35.000000,763.636108,253.645996,59.031372,21.570801,1.000000,2.000000,1.000000
7.000000,36.000000,752.067383,230.929321,70.500366,19.246506,1.000000,2.000000,1.000000
7.000000,37.000000,763.514343,208.635345,57.530762,20.993668,1.000000,2.000000,1.000000
7.000000,38.000000,765.991211,187.565842,54.430603,17.997330,1.000000,2.000000,1.000000
7.000000,39.000000,760.866943,161.673294,62.582092,22.474289,1.000000,2.000000,1.000000
7.000000,40.000000,772.916199,144.133560,50.009277,17.240524,1.000000,2.000000,1.000000
7.000000,41.000000,790.564392,89.924866,35.012329,10.148369,1.000000,2.000000,1.000000
7.000000,42.000000,780.890198,103.170464,44.410400,15.897179,1.000000,2.000000,1.000000
7.000000,43.000000,768.443054,123.065125,58.405090,18.417221,1.000000,2.000000,1.000000
7.000000,44.000000,832.594849,592.019226,71.576111,22.246887,1.000000,2.000000,1.000000
7.000000,45.000000,598.122559,99.534882,61.255981,38.941391,1.000000,2.000000,1.000000
7.000000,46.000000,620.941833,49.877541,58.156860,40.088364,1.000000,2.000000,1.000000
7.000000,47.000000,362.175476,19.446239,52.833099,30.940395,1.000000,2.000000,1.000000
7.000000,48.000000,188.297592,151.841858,50.934586,24.970169,1.000000,2.000000,1.000000
7.000000,49.000000,185.749817,127.924637,60.856079,29.669632,1.000000,2.000000,1.000000
7.000000,50.000000,195.998291,102.658546,48.960297,20.997299,1.000000,2.000000,1.000000
7.000000,51.000000,196.498795,78.566902,59.907852,27.793045,1.000000,2.000000,1.000000
7.000000,52.000000,209.322861,32.306198,54.909164,26.845581,1.000000,2.000000,1.000000
7.000000,53.000000,216.696594,4.092010,54.884216,29.868248,1.000000,2.000000,1.000000
7.000000,54.000000,369.574158,0.000000,55.834534,27.120638,1.000000,2.000000,1.000000
7.000000,55.000000,358.801239,44.563190,50.810028,30.992992,1.000000,2.000000,1.000000
7.000000,56.000000,651.637451,0.000000,49.159790,35.360756,1.000000,2.000000,1.000000
7.000000,57.000000,348.850983,89.845856,51.908752,29.945732,1.000000,2.000000,1.000000
7.000000,58.000000,247.351929,195.407562,70.101501,27.422058,1.000000,2.000000,1.000000
7.000000,59.000000,168.852493,178.382660,35.888840,15.249146,1.000000,2.000000,1.000000
7.000000,60.000000,202.066071,183.532776,47.984039,24.995056,1.000000,2.000000,1.000000
7.000000,61.000000,317.677826,209.683365,34.939545,19.268494,1.000000,2.000000,1.000000
7.000000,62.000000,351.942352,217.856812,35.863922,19.171783,1.000000,2.000000,1.000000
7.000000,63.000000,385.708344,207.963165,52.882935,21.845047,1.000000,2.000000,1.000000
7.000000,64.000000,393.181793,185.769928,41.862671,22.169144,1.000000,2.000000,1.000000
7.000000,65.000000,398.681946,166.625916,45.860138,22.019562,1.000000,2.000000,1.000000
7.000000,66.000000,402.205750,145.531494,46.861298,23.022812,1.000000,2.000000,1.000000
7.000000,67.000000,411.755280,126.288795,38.837341,22.221107,1.000000,2.000000,1.000000
7.000000,68.000000,413.130249,104.221809,36.864044,21.294151,1.000000,2.000000,1.000000
7.000000,69.000000,418.655334,83.077805,45.910004,25.094986,1.000000,2.000000,1.000000
7.000000,70.000000,428.453979,36.869801,54.959137,25.817947,1.000000,2.000000,1.000000
7.000000,71.000000,430.980713,10.727969,55.806610,30.868416,1.000000,2.000000,1.000000
7.000000,72.000000,310.083649,182.840530,71.000916,27.420013,1.000000,2.000000,1.000000
7.000000,73.000000,317.532135,159.624268,67.004425,29.544952,1.000000,2.000000,1.000000
7.000000,74.000000,316.958771,133.583084,73.977386,33.466629,1.000000,2.000000,1.000000
7.000000,75.000000,832.163391,297.812683,46.009705,16.143738,1.000000,2.000000,1.000000
7.000000,76.000000,985.229797,456.171356,37.770203,19.019318,1.000000,2.000000,1.000000
7.000000,77.000000,990.183350,393.041779,32.816650,16.969208,1.000000,2.000000,1.000000
7.000000,78.000000,990.868958,207.164917,32.131042,12.805267,1.000000,2.000000,1.000000
7.000000,79.000000,990.328064,479.026978,32.671936,14.008392,1.000000,2.000000,1.000000
7.000000,80.000000,993.850037,499.967773,29.149963,13.986511,1.000000,2.000000,1.000000
7.000000,81.000000,999.323425,518.853149,23.676575,14.899414,1.000000,2.000000,1.000000
7.000000,82.000000,990.172791,538.953552,32.827209,14.139282,1.000000,2.000000,1.000000
7.000000,83.000000,968.152100,591.284302,54.847900,21.361328,1.000000,2.000000,1.000000
7.000000,84.000000,983.299561,558.264893,39.700439,15.994080,1.000000,2.000000,1.000000
7.000000,85.000000,758.503296,7.698089,133.023132,601.138062,1.000000,8.000000,1.000000
7.000000,86.000000,568.465332,329.813293,199.500183,288.264282,1.000000,8.000000,1.000000
7.000000,87.000000,549.533325,0.000000,176.330688,212.325073,1.000000,8.000000,1.000000
7.000000,88.000000,324.077393,0.000000,166.559875,226.583420,1.000000,8.000000,1.000000
7.000000,89.000000,172.202850,0.000000,104.648865,180.737747,1.000000,8.000000,1.000000
7.000000,90.000000,591.208923,332.913452,55.858521,43.834045,1.000000,2.000000,1.000000
7.000000,91.000000,600.681824,364.004089,33.912415,24.590393,1.000000,2.000000,1.000000
7.000000,92.000000,604.103027,379.847473,37.937927,26.665436,1.000000,2.000000,1.000000
7.000000,93.000000,614.448242,396.620331,37.013672,23.665009,1.000000,2.000000,1.000000
7.000000,94.000000,622.872131,408.441284,36.912903,29.588043,1.000000,2.000000,1.000000
7.000000,95.000000,634.216553,427.261200,33.015137,23.515442,1.000000,2.000000,1.000000
7.000000,96.000000,639.614136,439.007446,36.963684,28.613770,1.000000,2.000000,1.000000
7.000000,97.000000,655.382874,470.723206,35.014343,28.514099,1.000000,2.000000,1.000000
7.000000,98.000000,665.727112,486.442993,35.064270,26.540771,1.000000,2.000000,1.000000
7.000000,99.000000,672.124756,502.265533,35.014404,25.590546,1.000000,2.000000,1.000000
7.000000,100.000000,680.545593,518.009216,36.988708,25.615479,1.000000,2.000000,1.000000
7.000000,101.000000,690.940735,535.903748,30.967041,22.493469,1.000000,2.000000,1.000000
7.000000,102.000000,695.339172,547.678040,37.962830,29.563965,1.000000,2.000000,1.000000
7.000000,103.000000,703.810852,564.422791,39.863403,29.662781,1.000000,2.000000,1.000000
7.000000,104.000000,653.429565,523.231323,26.640503,35.863953,1.000000,2.000000,1.000000
7.000000,105.000000,626.366211,478.844025,27.613708,36.887909,1.000000,2.000000,1.000000
7.000000,106.000000,602.152771,431.455231,27.562744,31.840485,1.000000,2.000000,1.000000
7.000000,107.000000,561.641968,372.447968,22.442566,25.917542,1.000000,2.000000,1.000000
7.000000,108.000000,166.531052,112.379379,17.470734,27.816010,1.000000,2.000000,1.000000
7.000000,109.000000,173.831009,84.163048,17.445831,26.918045,1.000000,2.000000,1.000000
7.000000,110.000000,177.156433,50.973316,20.345444,33.940647,1.000000,2.000000,1.000000
8.000000,1.000000,833.642456,503.699402,59.997620,21.082764,1.000000,2.000000,1.000000
8.000000,2.000000,834.465027,431.779694,54.965515,19.023682,1.000000,2.000000,1.000000
8.000000,3.000000,828.559448,407.889130,58.069702,18.996063,1.000000,2.000000,1.000000
8.000000,4.000000,831.347473,382.764893,55.373108,19.023590,1.000000,2.000000,1.000000
8.000000,5.000000,829.580872,359.812683,59.369385,20.023468,1.000000,2.000000,1.000000
8.000000,6.000000,833.309326,313.745300,55.697449,19.988586,1.000000,2.000000,1.000000
8.000000,7.000000,831.437012,271.691223,53.443298,18.173828,1.000000,2.000000,1.000000
8.000000,8.000000,833.143250,251.783951,53.001770,15.026321,1.000000,2.000000,1.000000
8.000000,9.000000,833.304504,228.613998,53.109497,16.174149,1.000000,2.000000,1.000000
8.000000,10.000000,832.536743,206.628815,54.073364,18.135757,1.000000,2.000000,1.000000
8.000000,11.000000,832.397095,185.605484,57.036072,17.034348,1.000000,2.000000,1.000000
8.000000,12.000000,826.040833,163.767166,59.033691,16.051697,1.000000,2.000000,1.000000
8.000000,13.000000,828.340454,143.058960,48.565063,16.666641,1.000000,2.000000,1.000000
8.000000,14.000000,829.199646,120.585167,60.371277,19.117989,1.000000,2.000000,1.000000
8.000000,15.000000,825.840820,99.806168,57.000183,17.981560,1.000000,2.000000,1.000000
8.000000,16.000000,832.103821,78.611488,56.559692,17.943527,1.000000,2.000000,1.000000
8.000000,17.000000,827.231995,54.721100,63.067871,21.950172,1.000000,2.000000,1.000000
8.000000,18.000000,827.568726,34.775211,55.002441,19.910973,1.000000,2.000000,1.000000
8.000000,19.000000,826.499084,15.709368,55.443909,18.023512,1.000000,2.000000,1.000000
8.000000,20.000000,545.638245,84.815056,40.789307,51.073891,1.000000,2.000000,1.000000
8.000000,21.000000,559.551758,167.799667,62.486816,43.507492,1.000000,2.000000,1.000000
8.000000,22.000000,568.812073,145.395660,64.449646,45.539001,1.000000,2.000000,1.000000
8.000000,23.000000,836.894592,456.614410,55.000549,18.023773,1.000000,2.000000,1.000000
8.000000,24.000000,838.443542,529.544373,59.404236,19.023621,1.000000,2.000000,1.000000
8.000000,25.000000,605.171997,68.116051,63.343994,41.507309,1.000000,2.000000,1.000000
8.000000,26.000000,836.246704,552.669006,58.998779,18.051331,1.000000,2.000000,1.000000
8.000000,27.000000,781.207458,484.261902,38.465149,13.319092,1.000000,2.000000,1.000000
8.000000,28.000000,780.439636,461.100311,43.601807,19.488556,1.000000,2.000000,1.000000
8.000000,29.000000,767.933716,390.995361,55.803101,22.065430,1.000000,2.000000,1.000000
8.000000,30.000000,768.234436,370.122040,53.002869,18.803833,1.000000,2.000000,1.000000
8.000000,31.000000,763.293823,344.127136,61.802124,22.988098,1.000000,2.000000,1.000000
8.000000,32.000000,765.187805,321.037384,59.035706,20.023529,1.000000,2.000000,1.000000
8.000000,33.000000,760.654785,297.059906,61.729248,21.117584,1.000000,2.000000,1.000000
8.000000,34.000000,764.478577,276.029205,50.515564,16.278870,1.000000,2.000000,1.000000
8.000000,35.000000,761.046997,251.089844,59.033691,21.055115,1.000000,2.000000,1.000000
8.000000,36.000000,749.252319,228.549072,70.688782,18.987732,1.000000,2.000000,1.000000
8.000000,37.000000,760.476318,206.142044,57.733093,20.987396,1.000000,2.000000,1.000000
8.000000,38.000000,762.742920,185.048889,54.593994,17.991959,1.000000,2.000000,1.000000
8.000000,39.000000,757.570374,159.203979,62.403809,21.859024,1.000000,2.000000,1.000000
8.000000,40.000000,769.236938,141.050949,50.004272,17.734192,1.000000,2.000000,1.000000
8.000000,41.000000,786.341125,86.946007,35.011902,10.027847,1.000000,2.000000,1.000000
8.000000,42.000000,776.799500,100.509117,44.566711,15.453476,1.000000,2.000000,1.000000
8.000000,43.000000,764.575562,119.958885,58.557251,18.980370,1.000000,2.000000,1.000000
8.000000,44.000000,833.576599,588.812927,71.395142,21.541931,1.000000,2.000000,1.000000
8.000000,45.000000,594.156250,98.620461,61.347412,38.510750,1.000000,2.000000,1.000000
8.000000,46.000000,616.499817,48.708569,58.209351,39.717258,1.000000,2.000000,1.000000
8.000000,47.000000,357.471466,20.910103,52.757507,30.512154,1.000000,2.000000,1.000000
8.000000,48.000000,184.872589,155.041992,50.899414,24.553696,1.000000,2.000000,1.000000
8.000000,49.000000,182.106079,131.161819,60.788055,29.132050,1.000000,2.000000,1.000000
8.000000,50.000000,192.052231,105.793541,48.935684,20.591988,1.000000,2.000000,1.000000
8.000000,51.000000,192.353043,81.669182,59.860077,27.305878,1.000000,2.000000,1.000000
8.000000,52.000000,204.704407,35.312538,54.862854,26.378670,1.000000,2.000000,1.000000
8.000000,53.000000,211.826538,7.016986,54.827911,29.410404,1.000000,2.000000,1.000000
8.000000,54.000000,364.628540,0.000000,55.758026,28.053478,1.000000,2.000000,1.000000
8.000000,55.000000,354.347687,46.069450,50.725037,30.584679,1.000000,2.000000,1.000000
8.000000,56.000000,646.667542,0.000000,49.214905,33.587578,1.000000,2.000000,1.000000
8.000000,57.000000,344.819397,91.458298,51.863312,29.517815,1.000000,2.000000,1.000000
8.000000,58.000000,244.338272,198.026047,70.130447,26.785355,1.000000,2.000000,1.000000
8.000000,59.000000,165.652756,181.794342,35.838226,14.945297,1.000000,2.000000,1.000000
8.000000,60.000000,198.946213,186.603729,47.969727,24.588547,1.000000,2.000000,1.000000
8.000000,61.000000,314.782867,211.609207,34.909149,18.973434,1.000000,2.000000,1.000000
8.000000,62.000000,349.146881,219.451019,35.803345,18.836838,1.000000,2.000000,1.000000
8.000000,63.000000,382.813019,209.201172,52.827240,21.379608,1.000000,2.000000,1.000000
8.000000,64.000000,390.074738,186.934753,41.800323,21.833298,1.000000,2.000000,1.000000
8.000000,65.000000,395.373718,167.736588,45.796600,21.623917,1.000000,2.000000,1.000000
8.000000,66.000000,398.706940,146.608551,46.797424,22.626877,1.000000,2.000000,1.000000
8.000000,67.000000,408.074066,127.271851,38.765869,21.905212,1.000000,2.000000,1.000000
8.000000,68.000000,409.199188,105.181503,36.803162,21.008476,1.000000,2.000000,1.000000
8.000000,69.000000,414.533081,83.983978,45.866364,24.728340,1.000000,2.000000,1.000000
8.000000,70.000000,423.849915,37.699955,54.932800,25.341362,1.000000,2.000000,1.000000
8.000000,71.000000,426.186340,11.506083,55.720154,30.410254,1.000000,2.000000,1.000000
8.000000,72.000000,306.951538,184.834244,70.989685,26.783325,1.000000,2.000000,1.000000
8.000000,73.000000,314.178284,161.535126,66.994415,28.957535,1.000000,2.000000,1.000000
8.000000,74.000000,313.375641,135.481766,73.955322,32.848099,1.000000,2.000000,1.000000
8.000000,75.000000,830.172302,294.175415,46.005981,16.597839,1.000000,2.000000,1.000000
8.000000,76.000000,984.839111,451.449310,38.160889,19.023621,1.000000,2.000000,1.000000
8.000000,77.000000,988.973145,388.278687,34.026855,16.954193,1.000000,2.000000,1.000000
8.000000,78.000000,987.932678,201.976730,35.067322,13.232147,1.000000,2.000000,1.000000
8.000000,79.000000,989.975830,473.928406,33.024170,14.324005,1.000000,2.000000,1.000000
8.000000,80.000000,993.706238,494.870575,29.293762,14.264587,1.000000,2.000000,1.000000
8.000000,81.000000,999.367554,513.992615,23.632446,14.656494,1.000000,2.000000,1.000000
8.000000,82.000000,990.558838,533.859253,32.441162,14.462646,1.000000,2.000000,1.000000
8.000000,83.000000,968.933777,586.210754,54.066223,21.875610,1.000000,2.000000,1.000000
8.000000,84.000000,983.737488,553.562256,39.262512,15.989319,1.000000,2.000000,1.000000
8.000000,85.000000,753.461548,5.264757,139.009094,601.088257,1.000000,8.000000,1.000000
8.000000,86.000000,567.041809,328.570770,201.665344,287.519806,1.000000,8.000000,1.000000
8.000000,87.000000,546.140137,0.000000,173.538757,211.307159,1.000000,8.000000,1.000000
8.000000,88.000000,320.941071,0.000000,164.754364,227.267181,1.000000,8.000000,1.000000
8.000000,89.000000,168.742737,0.000000,103.503784,183.490295,1.000000,8.000000,1.000000
8.000000,90.000000,589.678894,331.709900,55.791931,44.160126,1.000000,2.000000,1.000000
8.000000,91.000000,599.338501,362.831146,33.872375,24.822510,1.000000,2.000000,1.000000
8.000000,92.000000,602.928223,378.609955,37.906677,26.926849,1.000000,2.000000,1.000000
8.000000,93.000000,613.410095,395.287994,37.012573,23.927338,1.000000,2.000000,1.000000
8.000000,94.000000,622.001038,407.035583,36.871948,29.818695,1.000000,2.000000,1.000000
8.000000,95.000000,633.481689,425.780060,33.015320,23.717957,1.000000,2.000000,1.000000
8.000000,96.000000,639.037292,437.423065,36.942749,28.854614,1.000000,2.000000,1.000000
8.000000,97.000000,655.110657,469.019592,35.013794,28.715088,1.000000,2.000000,1.000000
8.000000,98.000000,665.591431,484.624969,35.083740,26.752319,1.000000,2.000000,1.000000
8.000000,99.000000,672.146851,500.372955,35.013855,25.822296,1.000000,2.000000,1.000000
8.000000,100.000000,680.734741,516.012207,36.977661,25.857178,1.000000,2.000000,1.000000
8.000000,101.000000,691.286377,533.861511,30.947815,22.686218,1.000000,2.000000,1.000000
8.000000,102.000000,695.843140,545.542419,37.941467,29.784668,1.000000,2.000000,1.000000
8.000000,103.000000,704.501831,562.182434,39.801636,29.923279,1.000000,2.000000,1.000000
8.000000,104.000000,653.576904,521.721558,26.891907,35.803406,1.000000,2.000000,1.000000
8.000000,105.000000,626.092651,477.586945,27.854858,36.837006,1.000000,2.000000,1.000000
8.000000,106.000000,601.397583,430.451721,27.783997,31.771118,1.000000,2.000000,1.000000
8.000000,107.000000,560.290283,371.851135,22.615479,25.879883,1.000000,2.000000,1.000000
8.000000,108.000000,162.803268,115.800781,17.256027,27.737869,1.000000,2.000000,1.000000
8.000000,109.000000,169.821701,87.503082,17.221176,26.880081,1.000000,2.000000,1.000000
8.000000,110.000000,172.876801,54.243454,20.079987,33.910561,1.000000,2.000000,1.000000
