1.000000,1.000000,862.262878,539.240173,59.999321,20.000832,0.034907,1.000000,2.000000,1.000000
1.000000,2.000000,866.292725,466.838013,54.999016,19.000315,0.034907,1.000000,2.000000,1.000000
1.000000,3.000000,863.160645,442.187653,58.077854,18.974989,0.086572,1.000000,2.000000,1.000000
1.000000,4.000000,866.537476,416.815247,55.346180,19.024078,0.071233,1.000000,2.000000,1.000000
1.000000,5.000000,868.306702,394.837402,59.076084,20.025723,0.084835,1.000000,2.000000,1.000000
1.000000,6.000000,873.407776,349.012878,55.370876,19.997467,0.053095,1.000000,2.000000,1.000000
1.000000,7.000000,873.400452,305.986053,53.084126,18.027664,0.091476,1.000000,2.000000,1.000000
1.000000,8.000000,876.515808,284.589661,53.008591,15.016784,0.053781,1.000000,2.000000,1.000000
1.000000,9.000000,877.868408,262.474426,53.152523,15.960173,0.106387,1.000000,2.000000,1.000000
1.000000,10.000000,879.221252,240.652344,54.084778,17.028685,0.090372,1.000000,2.000000,1.000000
1.000000,11.000000,882.240784,219.236176,57.036079,17.024061,0.069995,1.000000,2.000000,1.000000
1.000000,12.000000,878.460510,196.587967,59.033798,15.992846,0.068807,1.000000,2.000000,1.000000
1.000000,13.000000,876.947876,176.032364,48.344177,15.997558,0.055703,1.000000,2.000000,1.000000
1.000000,14.000000,885.176025,155.306732,60.709812,18.014027,0.051579,1.000000,2.000000,1.000000
1.000000,15.000000,881.780029,133.672501,57.008713,16.999865,0.052457,1.000000,2.000000,1.000000
1.000000,16.000000,889.175781,112.420433,56.000549,16.999321,0.034907,1.000000,2.000000,1.000000
1.000000,17.000000,888.888550,91.347893,63.072853,21.926064,0.082463,1.000000,2.000000,1.000000
1.000000,18.000000,886.987549,69.823402,55.010101,19.015139,0.053042,1.000000,2.000000,1.000000
1.000000,19.000000,887.340637,50.317558,55.101841,18.027332,0.089371,1.000000,2.000000,1.000000
1.000000,20.000000,593.882812,115.615814,49.606350,21.429480,2.088240,1.000000,2.000000,1.000000
1.000000,21.000000,613.096008,195.835327,61.199314,17.992085,0.558174,1.000000,2.000000,1.000000
1.000000,22.000000,624.838440,174.732391,62.312767,20.226809,0.564138,1.000000,2.000000,1.000000
1.000000,23.000000,866.652832,489.857544,55.008179,18.015055,0.053095,1.000000,2.000000,1.000000
1.000000,24.000000,865.423523,563.366150,59.109718,19.026541,0.085682,1.000000,2.000000,1.000000
1.000000,25.000000,665.985046,99.622429,60.683601,20.181610,0.528823,1.000000,2.000000,1.000000
1.000000,26.000000,861.266052,586.229065,59.008301,17.013884,0.051844,1.000000,2.000000,1.000000
1.000000,27.000000,801.207703,511.093353,38.354958,12.996212,0.061228,1.000000,2.000000,1.000000
1.000000,28.000000,804.404419,491.190979,42.999825,17.998850,0.034907,1.000000,2.000000,1.000000
1.000000,29.000000,802.815063,422.095276,55.835251,21.984024,0.071271,1.000000,2.000000,1.000000
1.000000,30.000000,803.430298,399.609009,53.009628,18.015537,0.053781,1.000000,2.000000,1.000000
1.000000,31.000000,804.455383,375.122375,61.385941,22.999037,0.051255,1.000000,2.000000,1.000000
1.000000,32.000000,806.752258,351.665863,59.027988,20.025839,0.084938,1.000000,2.000000,1.000000
1.000000,33.000000,805.130249,327.117676,61.351162,20.995348,0.051306,1.000000,2.000000,1.000000
1.000000,34.000000,804.917725,304.595123,50.130421,16.030073,0.094819,1.000000,2.000000,1.000000
1.000000,35.000000,807.359741,281.688690,59.033733,21.053823,0.068807,1.000000,2.000000,1.000000
1.000000,36.000000,803.058472,257.503601,70.569466,18.991566,0.063454,1.000000,2.000000,1.000000
1.000000,37.000000,809.305359,236.208694,57.377602,20.996964,0.052474,1.000000,2.000000,1.000000
1.000000,38.000000,811.607849,213.274521,53.998604,18.002941,0.034907,1.000000,2.000000,1.000000
1.000000,39.000000,811.950317,190.273804,62.170509,21.024971,0.083277,1.000000,2.000000,1.000000
1.000000,40.000000,818.934875,170.509918,50.009834,17.016006,0.054893,1.000000,2.000000,1.000000
1.000000,41.000000,832.460693,113.451881,35.012604,10.023527,0.063482,1.000000,2.000000,1.000000
1.000000,42.000000,826.548767,129.245285,44.725975,14.986153,0.080280,1.000000,2.000000,1.000000
1.000000,43.000000,819.801941,150.521072,57.999378,17.999857,0.034909,1.000000,2.000000,1.000000
1.000000,44.000000,862.294312,624.292725,71.237343,20.025291,0.091168,1.000000,2.000000,1.000000
1.000000,45.000000,652.016663,127.152687,59.479515,17.442734,0.498554,1.000000,2.000000,1.000000
1.000000,46.000000,676.211304,78.967316,54.838905,20.142973,0.507034,1.000000,2.000000,1.000000
1.000000,47.000000,417.448792,29.454943,49.429192,20.878641,0.324377,1.000000,2.000000,1.000000
1.000000,48.000000,235.031128,148.112396,48.533703,15.796028,0.310346,1.000000,2.000000,1.000000
1.000000,49.000000,238.614426,125.680206,58.660732,19.416946,0.242437,1.000000,2.000000,1.000000
1.000000,50.000000,244.823608,96.922417,47.361618,12.606480,0.274636,1.000000,2.000000,1.000000
1.000000,51.000000,252.052338,76.162415,57.559616,17.205652,0.275441,1.000000,2.000000,1.000000
1.000000,52.000000,265.185669,29.592533,52.476032,16.744930,0.289277,1.000000,2.000000,1.000000
1.000000,53.000000,274.099487,4.288618,52.224316,17.918573,0.289272,1.000000,2.000000,1.000000
1.000000,54.000000,427.656921,5.608071,52.784229,19.934607,0.284496,1.000000,2.000000,1.000000
1.000000,55.000000,411.134674,53.615273,47.803780,20.603170,0.310322,1.000000,2.000000,1.000000
1.000000,56.000000,705.373413,28.153364,46.529774,17.474541,0.527357,1.000000,2.000000,1.000000
1.000000,57.000000,398.878967,97.439568,49.999153,18.002100,0.318715,1.000000,2.000000,1.000000
1.000000,58.000000,300.867279,196.939270,68.848923,13.593743,0.301157,1.000000,2.000000,1.000000
1.000000,59.000000,206.814987,168.139023,34.386234,11.382750,0.243929,1.000000,2.000000,1.000000
1.000000,60.000000,245.201935,180.421188,46.173180,14.554766,0.342988,1.000000,2.000000,1.000000
1.000000,61.000000,352.968750,209.265045,33.330040,11.401583,0.309004,1.000000,2.000000,1.000000
1.000000,62.000000,387.632629,219.481461,36.283478,13.139232,0.232330,1.000000,2.000000,1.000000
1.000000,63.000000,429.887146,212.952652,51.185623,14.316456,0.232271,1.000000,2.000000,1.000000
1.000000,64.000000,433.136017,191.553085,39.629276,14.783235,0.273487,1.000000,2.000000,1.000000
1.000000,65.000000,441.671112,172.511948,44.125767,15.295462,0.232276,1.000000,2.000000,1.000000
1.000000,66.000000,446.988983,153.012497,44.645840,15.517907,0.263435,1.000000,2.000000,1.000000
1.000000,67.000000,453.799622,134.148636,36.380875,16.493107,0.279795,1.000000,2.000000,1.000000
1.000000,68.000000,455.485413,110.283691,34.381474,14.557508,0.301132,1.000000,2.000000,1.000000
1.000000,69.000000,466.607361,92.660118,43.304150,15.801174,0.319627,1.000000,2.000000,1.000000
1.000000,70.000000,483.428436,47.384827,53.366344,15.738785,0.261849,1.000000,2.000000,1.000000
1.000000,71.000000,488.003632,24.365341,52.435696,20.863659,0.289277,1.000000,2.000000,1.000000
1.000000,72.000000,364.747070,187.164322,69.501144,14.536549,0.255180,1.000000,2.000000,1.000000
1.000000,73.000000,371.511902,165.385468,65.125198,15.771894,0.287441,1.000000,2.000000,1.000000
1.000000,74.000000,375.829895,142.022675,71.466545,19.198650,0.297349,1.000000,2.000000,1.000000
1.000000,75.000000,866.855103,326.774261,46.009975,15.998276,0.056652,1.000000,2.000000,1.000000
1.000000,76.000000,1005.303162,495.043732,36.468620,19.015789,0.053781,1.000000,2.000000,1.000000
1.000000,77.000000,1009.720825,431.140411,27.612692,16.969957,0.059304,1.000000,2.000000,1.000000
1.000000,78.000000,1015.447693,243.405807,15.533021,12.000253,0.034907,1.000000,2.000000,1.000000
1.000000,79.000000,1007.220825,515.284302,32.066475,14.001139,0.034908,1.000000,2.000000,1.000000
1.000000,80.000000,1008.353027,535.967957,29.424822,14.021163,0.009258,1.000000,2.000000,1.000000
1.000000,81.000000,1010.520813,556.241943,26.473803,13.956755,0.099365,1.000000,2.000000,1.000000
1.000000,82.000000,1005.319885,575.624634,36.196720,14.018911,0.055680,1.000000,2.000000,1.000000
1.000000,83.000000,992.739197,630.848999,61.188980,19.999735,0.034904,1.000000,2.000000,1.000000
1.000000,84.000000,1001.344482,595.551270,44.241371,15.996045,0.054145,1.000000,2.000000,1.000000
1.000000,85.000000,836.646790,327.217285,601.306213,131.034607,1.627328,1.000000,8.000000,1.000000
1.000000,86.000000,676.537537,484.615936,288.578491,79.649887,1.110809,1.000000,8.000000,1.000000
1.000000,87.000000,665.061218,89.352242,255.237488,78.617355,2.109764,1.000000,8.000000,1.000000
1.000000,88.000000,431.307495,102.688629,215.129593,124.403244,1.845045,1.000000,8.000000,1.000000
1.000000,89.000000,248.513901,73.329231,171.285309,67.649216,1.844190,1.000000,8.000000,1.000000
1.000000,90.000000,627.639038,361.046204,52.322239,23.703577,2.712759,1.000000,2.000000,1.000000
1.000000,91.000000,626.048523,383.126556,32.694611,12.477627,2.767590,1.000000,2.000000,1.000000
1.000000,92.000000,630.088257,400.215393,35.848740,13.389809,2.775257,1.000000,2.000000,1.000000
1.000000,93.000000,638.931152,415.871307,34.665310,12.974287,2.845398,1.000000,2.000000,1.000000
1.000000,94.000000,646.787659,431.213074,34.884701,14.760889,2.700052,1.000000,2.000000,1.000000
1.000000,95.000000,654.840454,447.445343,30.184288,13.376986,2.789641,1.000000,2.000000,1.000000
1.000000,96.000000,661.963379,462.404327,35.340965,14.800033,2.738110,1.000000,2.000000,1.000000
1.000000,97.000000,674.022705,494.760590,31.294300,16.551620,2.739831,1.000000,2.000000,1.000000
1.000000,98.000000,683.593628,510.313995,31.383192,16.156836,2.796052,1.000000,2.000000,1.000000
1.000000,99.000000,689.280457,525.834290,32.310783,14.299404,2.796016,1.000000,2.000000,1.000000
1.000000,100.000000,697.670898,542.448792,34.540127,13.926667,2.790599,1.000000,2.000000,1.000000
1.000000,101.000000,704.003235,558.229248,28.381645,12.513310,2.728985,1.000000,2.000000,1.000000
1.000000,102.000000,710.940063,574.480225,34.434410,16.100962,2.712797,1.000000,2.000000,1.000000
1.000000,103.000000,719.249939,591.583130,38.012333,13.863952,2.712782,1.000000,2.000000,1.000000
1.000000,104.000000,664.939148,549.706604,35.340973,12.507252,1.167379,1.000000,2.000000,1.000000
1.000000,105.000000,641.119202,505.102509,34.882233,13.415600,1.142056,1.000000,2.000000,1.000000
1.000000,106.000000,619.582214,454.220001,33.362797,12.031509,1.086605,1.000000,2.000000,1.000000
1.000000,107.000000,580.324463,389.308319,25.940361,11.627506,1.141901,1.000000,2.000000,1.000000
1.000000,108.000000,198.465775,106.754128,25.709761,13.340678,1.841234,1.000000,2.000000,1.000000
1.000000,109.000000,207.066101,77.792564,26.563457,12.016853,1.927642,1.000000,2.000000,1.000000
1.000000,110.000000,214.964661,49.351395,31.624640,12.649006,1.927367,1.000000,2.000000,1.000000
2.000000,1.000000,862.696106,535.252380,60.007618,19.998066,0.041606,1.000000,2.000000,1.000000
2.000000,2.000000,865.824585,463.306824,54.999031,19.000330,0.024934,1.000000,2.000000,1.000000
2.000000,3.000000,862.446960,438.688904,58.077888,18.974991,0.076599,1.000000,2.000000,1.000000
2.000000,4.000000,865.570435,413.284027,55.346138,19.024071,0.061259,1.000000,2.000000,1.000000
2.000000,5.000000,867.109680,391.315552,59.076122,20.025681,0.075760,1.000000,2.000000,1.000000
2.000000,6.000000,871.764465,345.416595,55.370880,19.997446,0.043122,1.000000,2.000000,1.000000
2.000000,7.000000,871.327881,302.391998,53.084106,18.027670,0.081503,1.000000,2.000000,1.000000
2.000000,8.000000,874.229736,280.965576,53.008560,15.016779,0.043808,1.000000,2.000000,1.000000
2.000000,9.000000,875.361694,258.837830,53.152447,15.960182,0.096409,1.000000,2.000000,1.000000
2.000000,10.000000,876.496704,237.003464,54.084866,17.028671,0.080398,1.000000,2.000000,1.000000
2.000000,11.000000,879.302490,215.558258,57.036057,17.024052,0.060022,1.000000,2.000000,1.000000
2.000000,12.000000,875.296631,192.948868,59.033718,15.992846,0.058834,1.000000,2.000000,1.000000
2.000000,13.000000,873.579102,172.409424,48.344170,15.997562,0.045730,1.000000,2.000000,1.000000
2.000000,14.000000,881.600159,151.602737,60.709827,18.014029,0.041605,1.000000,2.000000,1.000000
2.000000,15.000000,877.988586,130.003448,57.008713,16.999874,0.042483,1.000000,2.000000,1.000000
2.000000,16.000000,885.171936,108.678680,56.000538,16.999325,0.024933,1.000000,2.000000,1.000000
2.000000,17.000000,884.674561,87.610062,63.072933,21.926065,0.072489,1.000000,2.000000,1.000000
2.000000,18.000000,882.558899,66.105576,55.010113,19.015137,0.043069,1.000000,2.000000,1.000000
2.000000,19.000000,882.717590,46.597183,55.101852,18.027334,0.079398,1.000000,2.000000,1.000000
2.000000,20.000000,589.925476,114.818909,49.606312,21.429510,2.078266,1.000000,2.000000,1.000000
2.000000,21.000000,609.937744,194.842773,61.199276,17.992050,0.548200,1.000000,2.000000,1.000000
2.000000,22.000000,621.469177,173.623779,62.312798,20.226782,0.554164,1.000000,2.000000,1.000000
2.000000,23.000000,866.414307,486.321625,55.008167,18.015041,0.043122,1.000000,2.000000,1.000000
2.000000,24.000000,865.918152,559.838867,59.109749,19.026541,0.075708,1.000000,2.000000,1.000000
2.000000,25.000000,661.864685,98.107216,60.683636,20.181641,0.518850,1.000000,2.000000,1.000000
2.000000,26.000000,861.989014,582.742004,59.008316,17.013865,0.041871,1.000000,2.000000,1.000000
2.000000,27.000000,801.184326,508.209106,38.354996,12.996180,0.051255,1.000000,2.000000,1.000000
2.000000,28.000000,804.182251,488.275818,42.999825,17.998850,0.024933,1.000000,2.000000,1.000000
2.000000,29.000000,801.904053,419.199463,55.835209,21.984024,0.061298,1.000000,2.000000,1.000000
2.000000,30.000000,802.294739,396.708069,53.009659,18.015574,0.043807,1.000000,2.000000,1.000000
2.000000,31.000000,803.075806,372.212494,61.385921,22.999004,0.041282,1.000000,2.000000,1.000000
2.000000,32.000000,805.012634,348.248291,59.035671,20.023193,0.058780,1.000000,2.000000,1.000000
2.000000,33.000000,803.271729,324.203430,61.351154,20.995340,0.041332,1.000000,2.000000,1.000000
2.000000,34.000000,802.834717,301.684174,50.130417,16.030073,0.084845,1.000000,2.000000,1.000000
2.000000,35.000000,805.048035,278.754456,59.033783,21.053818,0.058834,1.000000,2.000000,1.000000
2.000000,36.000000,800.505859,254.613464,70.569466,18.991571,0.053481,1.000000,2.000000,1.000000
2.000000,37.000000,806.540100,233.257355,57.377647,20.996954,0.042501,1.000000,2.000000,1.000000
2.000000,38.000000,808.613708,210.301392,53.998589,18.002939,0.024935,1.000000,2.000000,1.000000
2.000000,39.000000,808.726807,187.298325,62.170498,21.024977,0.073303,1.000000,2.000000,1.000000
2.000000,40.000000,815.513855,167.465790,50.009857,17.016005,0.044919,1.000000,2.000000,1.000000
2.000000,41.000000,828.470032,110.275703,35.012573,10.023529,0.053508,1.000000,2.000000,1.000000
2.000000,42.000000,822.715820,126.127296,44.726063,14.986153,0.070307,1.000000,2.000000,1.000000
2.000000,43.000000,816.181641,147.469360,57.999340,17.999855,0.024934,1.000000,2.000000,1.000000
2.000000,44.000000,863.396851,620.793701,71.237358,20.025293,0.081196,1.000000,2.000000,1.000000
2.000000,45.000000,648.171570,125.775436,59.479538,17.442738,0.488581,1.000000,2.000000,1.000000
2.000000,46.000000,671.884460,77.351143,54.838902,20.143000,0.497061,1.000000,2.000000,1.000000
2.000000,47.000000,412.641022,30.421925,49.429218,20.878647,0.314404,1.000000,2.000000,1.000000
2.000000,48.000000,231.415787,150.892731,48.533730,15.796033,0.300373,1.000000,2.000000,1.000000
2.000000,49.000000,234.775223,128.425858,58.660717,19.416960,0.232466,1.000000,2.000000,1.000000
2.000000,50.000000,240.697266,99.607643,47.361607,12.606476,0.264662,1.000000,2.000000,1.000000
2.000000,51.000000,247.718613,78.776596,57.559593,17.205652,0.265468,1.000000,2.000000,1.000000
2.000000,52.000000,260.386780,32.078041,52.476028,16.744926,0.279304,1.000000,2.000000,1.000000
2.000000,53.000000,269.067322,6.618606,52.224308,18.059811,0.279299,1.000000,2.000000,1.000000
2.000000,54.000000,422.618378,6.447395,52.784248,19.990767,0.274522,1.000000,2.000000,1.000000
2.000000,55.000000,406.568146,54.644012,47.803772,20.603170,0.300349,1.000000,2.000000,1.000000
2.000000,56.000000,700.538330,26.248917,46.529804,17.474569,0.517383,1.000000,2.000000,1.000000
2.000000,57.000000,394.750092,98.588356,49.999161,18.002096,0.308741,1.000000,2.000000,1.000000
2.000000,58.000000,297.736053,199.057114,68.849136,13.593709,0.291083,1.000000,2.000000,1.000000
2.000000,59.000000,203.400787,171.199783,34.386242,11.382755,0.233955,1.000000,2.000000,1.000000
2.000000,60.000000,242.318985,182.512497,46.152660,14.561249,0.303194,1.000000,2.000000,1.000000
2.000000,61.000000,349.957458,210.866104,33.330044,11.401593,0.299031,1.000000,2.000000,1.000000
2.000000,62.000000,384.721497,220.736328,36.283478,13.139215,0.222357,1.000000,2.000000,1.000000
2.000000,63.000000,426.908752,213.786438,51.185593,14.316444,0.222297,1.000000,2.000000,1.000000
2.000000,64.000000,429.944122,192.355530,39.629250,14.783240,0.263513,1.000000,2.000000,1.000000
2.000000,65.000000,438.288910,173.230194,44.125748,15.295472,0.222304,1.000000,2.000000,1.000000
2.000000,66.000000,443.412018,153.678726,44.645870,15.517918,0.253462,1.000000,2.000000,1.000000
2.000000,67.000000,449.608765,135.252121,36.401230,16.483875,0.303268,1.000000,2.000000,1.000000
2.000000,68.000000,451.481873,110.867302,34.381454,14.557505,0.291159,1.000000,2.000000,1.000000
2.000000,69.000000,462.427460,93.133682,43.304173,15.801174,0.309654,1.000000,2.000000,1.000000
2.000000,70.000000,478.796204,47.692863,53.366341,15.738788,0.251877,1.000000,2.000000,1.000000
2.000000,71.000000,483.141632,24.628901,52.435703,20.863644,0.279303,1.000000,2.000000,1.000000
2.000000,72.000000,361.514771,188.649048,69.501144,14.536556,0.245207,1.000000,2.000000,1.000000
2.000000,73.000000,368.062042,166.803818,65.125175,15.771891,0.277468,1.000000,2.000000,1.000000
2.000000,74.000000,372.146820,143.399109,71.466560,19.198658,0.287376,1.000000,2.000000,1.000000
2.000000,75.000000,864.803955,323.736359,45.999081,16.002045,0.024936,1.000000,2.000000,1.000000
2.000000,76.000000,1005.154602,490.126770,36.558750,19.015783,0.043807,1.000000,2.000000,1.000000
2.000000,77.000000,1009.259216,426.198853,28.352789,16.969967,0.049330,1.000000,2.000000,1.000000
2.000000,78.000000,1014.064758,238.431183,18.175510,12.000236,0.024933,1.000000,2.000000,1.000000
2.000000,79.000000,1007.187622,510.344238,31.983768,14.001167,0.024934,1.000000,2.000000,1.000000
2.000000,80.000000,1008.429565,531.016785,29.148924,14.021153,3.140875,1.000000,2.000000,1.000000
2.000000,81.000000,1010.688110,551.245056,25.973520,13.955774,0.089391,1.000000,2.000000,1.000000
2.000000,82.000000,1005.585266,570.685791,35.506992,14.018929,0.045706,1.000000,2.000000,1.000000
2.000000,83.000000,993.270630,626.032898,59.928616,19.999746,0.024933,1.000000,2.000000,1.000000
2.000000,84.000000,1001.703796,590.646973,43.341103,15.996031,0.044172,1.000000,2.000000,1.000000
2.000000,85.000000,834.787720,323.988708,601.306213,131.034561,1.617355,1.000000,8.000000,1.000000
2.000000,86.000000,676.256287,482.976349,288.578461,79.649918,1.100836,1.000000,8.000000,1.000000
2.000000,87.000000,660.116028,89.095322,252.352402,78.604683,2.099790,1.000000,8.000000,1.000000
2.000000,88.000000,427.229431,103.513733,215.129593,124.403229,1.835071,1.000000,8.000000,1.000000
2.000000,89.000000,244.434952,74.929924,173.458099,67.649200,1.834217,1.000000,8.000000,1.000000
2.000000,90.000000,626.127808,359.900452,52.322212,23.703575,2.702786,1.000000,2.000000,1.000000
2.000000,91.000000,624.757568,381.995575,32.694592,12.477595,2.757616,1.000000,2.000000,1.000000
2.000000,92.000000,628.967529,399.043213,35.848698,13.389799,2.765284,1.000000,2.000000,1.000000
2.000000,93.000000,637.966125,414.610168,34.665295,12.974289,2.835425,1.000000,2.000000,1.000000
2.000000,94.000000,645.975220,429.872742,34.884682,14.760861,2.690078,1.000000,2.000000,1.000000
2.000000,95.000000,654.189514,446.023987,30.184317,13.376964,2.779669,1.000000,2.000000,1.000000
2.000000,96.000000,661.461243,460.911194,35.340942,14.800046,2.728137,1.000000,2.000000,1.000000
2.000000,97.000000,674.214233,493.438049,31.305651,16.545555,2.702849,1.000000,2.000000,1.000000
2.000000,98.000000,683.568237,508.602753,31.383213,16.156849,2.786077,1.000000,2.000000,1.000000
2.000000,99.000000,689.409607,524.065613,32.310791,14.299380,2.786042,1.000000,2.000000,1.000000
2.000000,100.000000,697.965393,540.595520,34.540092,13.926679,2.780623,1.000000,2.000000,1.000000
2.000000,101.000000,704.454773,556.312134,28.381662,12.513248,2.719013,1.000000,2.000000,1.000000
2.000000,102.000000,711.553345,572.493103,34.434444,16.100979,2.702824,1.000000,2.000000,1.000000
2.000000,103.000000,720.033325,589.512268,38.012257,13.863986,2.702808,1.000000,2.000000,1.000000
2.000000,104.000000,665.307556,548.179504,35.340942,12.507201,1.157405,1.000000,2.000000,1.000000
2.000000,105.000000,641.209045,503.642670,34.885105,13.414519,1.119255,1.000000,2.000000,1.000000
2.000000,106.000000,619.000610,453.149963,33.362793,12.031473,1.076631,1.000000,2.000000,1.000000
2.000000,107.000000,579.097412,388.632935,25.940327,11.627520,1.131931,1.000000,2.000000,1.000000
2.000000,108.000000,194.533997,109.985901,25.708771,13.341186,1.822483,1.000000,2.000000,1.000000
2.000000,109.000000,202.750824,80.855301,26.563471,12.016870,1.917669,1.000000,2.000000,1.000000
2.000000,110.000000,210.365936,52.337303,31.624647,12.649018,1.917439,1.000000,2.000000,1.000000
3.000000,1.000000,862.910400,531.753723,60.007626,19.997995,0.031632,1.000000,2.000000,1.000000
3.000000,2.000000,865.321533,459.780548,54.999077,19.000341,0.014960,1.000000,2.000000,1.000000
3.000000,3.000000,861.698303,435.197479,58.077892,18.974972,0.066626,1.000000,2.000000,1.000000
3.000000,4.000000,864.568359,409.762726,55.346134,19.024055,0.051285,1.000000,2.000000,1.000000
3.000000,5.000000,865.899109,387.753998,59.076126,20.025721,0.064885,1.000000,2.000000,1.000000
3.000000,6.000000,870.085205,341.836945,55.370911,19.997465,0.033148,1.000000,2.000000,1.000000
3.000000,7.000000,869.219482,298.818817,53.084110,18.027660,0.071530,1.000000,2.000000,1.000000
3.000000,8.000000,871.907532,277.364502,53.008549,15.016768,0.033835,1.000000,2.000000,1.000000
3.000000,9.000000,872.818848,255.226700,53.152512,15.960183,0.086440,1.000000,2.000000,1.000000
3.000000,10.000000,873.736023,233.381958,54.084820,17.028679,0.070425,1.000000,2.000000,1.000000
3.000000,11.000000,876.327881,211.909821,57.036079,17.024057,0.050048,1.000000,2.000000,1.000000
3.000000,12.000000,872.096619,189.341522,59.033714,15.992841,0.048860,1.000000,2.000000,1.000000
3.000000,13.000000,870.174255,168.820221,48.344135,15.997555,0.035757,1.000000,2.000000,1.000000
3.000000,14.000000,877.987427,147.934586,60.709850,18.014019,0.031632,1.000000,2.000000,1.000000
3.000000,15.000000,874.317200,125.877045,56.999920,17.002491,0.014959,1.000000,2.000000,1.000000
3.000000,16.000000,881.130981,104.977089,56.000542,16.999331,0.014962,1.000000,2.000000,1.000000
3.000000,17.000000,880.423584,83.914413,63.072914,21.926058,0.062516,1.000000,2.000000,1.000000
3.000000,18.000000,878.093567,62.432117,55.010174,19.015141,0.033095,1.000000,2.000000,1.000000
3.000000,19.000000,878.057617,42.923111,55.101864,18.027338,0.069425,1.000000,2.000000,1.000000
3.000000,20.000000,585.960449,114.061516,49.606331,21.429544,2.068292,1.000000,2.000000,1.000000
3.000000,21.000000,606.769897,193.881821,61.199268,17.992071,0.538227,1.000000,2.000000,1.000000
3.000000,22.000000,618.089050,172.548859,62.312752,20.226755,0.544190,1.000000,2.000000,1.000000
3.000000,23.000000,866.140503,482.788208,55.008190,18.015079,0.033148,1.000000,2.000000,1.000000
3.000000,24.000000,866.377625,556.306763,59.109737,19.026527,0.065735,1.000000,2.000000,1.000000
3.000000,25.000000,657.729492,96.633202,60.683620,20.181616,0.508876,1.000000,2.000000,1.000000
3.000000,26.000000,862.677124,579.248047,59.008297,17.013889,0.031899,1.000000,2.000000,1.000000
3.000000,27.000000,801.132141,505.325195,38.354931,12.996221,0.041282,1.000000,2.000000,1.000000
3.000000,28.000000,803.931274,485.363098,42.999863,17.998840,0.014960,1.000000,2.000000,1.000000
3.000000,29.000000,800.964111,416.312805,55.835201,21.984045,0.051324,1.000000,2.000000,1.000000
3.000000,30.000000,801.130554,393.818634,53.009647,18.015566,0.033834,1.000000,2.000000,1.000000
3.000000,31.000000,801.667236,369.316437,61.385891,22.999010,0.031309,1.000000,2.000000,1.000000
3.000000,32.000000,803.495789,345.818939,59.027958,20.025831,0.064995,1.000000,2.000000,1.000000
3.000000,33.000000,801.384277,321.307831,61.351173,20.995346,0.031359,1.000000,2.000000,1.000000
3.000000,34.000000,800.722656,298.794067,50.130383,16.030085,0.074872,1.000000,2.000000,1.000000
3.000000,35.000000,802.707153,275.843445,59.033714,21.053814,0.048861,1.000000,2.000000,1.000000
3.000000,36.000000,797.924561,251.748947,70.569427,18.991575,0.043508,1.000000,2.000000,1.000000
3.000000,37.000000,803.745361,230.333710,57.377636,20.996956,0.032528,1.000000,2.000000,1.000000
3.000000,38.000000,805.590088,207.358170,53.998627,18.002928,0.014960,1.000000,2.000000,1.000000
3.000000,39.000000,805.473633,184.355194,62.170483,21.024973,0.063330,1.000000,2.000000,1.000000
3.000000,40.000000,812.062683,164.455948,50.009903,17.016008,0.034946,1.000000,2.000000,1.000000
3.000000,41.000000,824.447876,107.139488,35.012604,10.023522,0.043535,1.000000,2.000000,1.000000
3.000000,42.000000,818.851990,123.047668,44.726025,14.986155,0.060334,1.000000,2.000000,1.000000
3.000000,43.000000,812.531006,144.453964,57.999325,17.999866,0.014957,1.000000,2.000000,1.000000
3.000000,44.000000,864.464294,617.283691,71.237358,20.025259,0.071222,1.000000,2.000000,1.000000
3.000000,45.000000,644.312866,124.436554,59.479553,17.442760,0.478608,1.000000,2.000000,1.000000
3.000000,46.000000,667.541748,75.778214,54.838928,20.142981,0.487087,1.000000,2.000000,1.000000
3.000000,47.000000,407.843079,31.436790,49.429199,20.878649,0.304431,1.000000,2.000000,1.000000
3.000000,48.000000,227.828400,153.709000,48.533718,15.796029,0.290400,1.000000,2.000000,1.000000
3.000000,49.000000,230.963562,131.209793,58.660728,19.416965,0.222491,1.000000,2.000000,1.000000
3.000000,50.000000,236.597916,102.333893,47.361622,12.606482,0.254689,1.000000,2.000000,1.000000
3.000000,51.000000,243.411163,81.433853,57.559589,17.205647,0.255494,1.000000,2.000000,1.000000
3.000000,52.000000,255.612991,34.611282,52.476032,16.744932,0.269330,1.000000,2.000000,1.000000
3.000000,53.000000,264.059662,8.992285,52.224335,18.213871,0.269325,1.000000,2.000000,1.000000
3.000000,54.000000,417.589294,7.333008,52.784260,20.054886,0.264549,1.000000,2.000000,1.000000
3.000000,55.000000,402.012085,55.718243,47.803795,20.603163,0.290376,1.000000,2.000000,1.000000
3.000000,56.000000,695.684509,24.392773,46.529770,17.474550,0.507410,1.000000,2.000000,1.000000
3.000000,57.000000,390.632935,99.778275,49.999153,18.002090,0.298768,1.000000,2.000000,1.000000
3.000000,58.000000,294.625732,201.209579,68.849129,13.593697,0.281110,1.000000,2.000000,1.000000
3.000000,59.000000,200.017273,174.294418,34.386234,11.382749,0.223982,1.000000,2.000000,1.000000
3.000000,60.000000,238.641525,185.808533,46.173187,14.554789,0.323042,1.000000,2.000000,1.000000
3.000000,61.000000,346.962280,212.497162,33.330048,11.401592,0.289058,1.000000,2.000000,1.000000
3.000000,62.000000,381.822998,222.020172,36.283470,13.139223,0.212383,1.000000,2.000000,1.000000
3.000000,63.000000,423.938843,214.649887,51.185631,14.316458,0.212324,1.000000,2.000000,1.000000
3.000000,64.000000,426.760345,193.189804,39.629242,14.783244,0.253540,1.000000,2.000000,1.000000
3.000000,65.000000,435.289490,173.368286,44.147141,15.288073,0.243444,1.000000,2.000000,1.000000
3.000000,66.000000,439.841827,154.380585,44.645851,15.517899,0.243489,1.000000,2.000000,1.000000
3.000000,67.000000,445.854523,135.893097,36.401222,16.483889,0.293294,1.000000,2.000000,1.000000
3.000000,68.000000,447.484314,111.490799,34.381424,14.557503,0.281186,1.000000,2.000000,1.000000
3.000000,69.000000,458.252533,93.648903,43.304169,15.801168,0.299680,1.000000,2.000000,1.000000
3.000000,70.000000,474.167206,48.047150,53.366356,15.738792,0.241902,1.000000,2.000000,1.000000
3.000000,71.000000,478.282410,24.940962,52.435715,20.863653,0.269330,1.000000,2.000000,1.000000
3.000000,72.000000,358.297455,190.165939,69.501122,14.536545,0.235234,1.000000,2.000000,1.000000
3.000000,73.000000,364.626526,168.256500,65.125183,15.771893,0.267494,1.000000,2.000000,1.000000
3.000000,74.000000,368.477692,144.812241,71.466568,19.198656,0.277402,1.000000,2.000000,1.000000
3.000000,75.000000,863.090271,319.733459,46.009995,15.998281,0.036706,1.000000,2.000000,1.000000
3.000000,76.000000,1004.982239,485.211914,36.699715,19.015800,0.033834,1.000000,2.000000,1.000000
3.000000,77.000000,1008.773621,421.259399,29.143066,16.969959,0.039358,1.000000,2.000000,1.000000
3.000000,78.000000,1012.657166,233.457733,20.867447,12.000244,0.014960,1.000000,2.000000,1.000000
3.000000,79.000000,1007.130615,505.405518,31.951918,14.001187,0.014960,1.000000,2.000000,1.000000
3.000000,80.000000,1008.472961,526.217163,29.054077,14.013489,-0.000000,1.000000,2.000000,1.000000
3.000000,81.000000,1010.831238,546.251404,25.525181,13.954838,0.079417,1.000000,2.000000,1.000000
3.000000,82.000000,1005.827148,565.748779,34.868816,14.018875,0.035734,1.000000,2.000000,1.000000
3.000000,83.000000,993.779297,621.218445,58.719238,19.999794,0.014960,1.000000,2.000000,1.000000
3.000000,84.000000,1002.039673,585.744507,42.492378,15.996084,0.034199,1.000000,2.000000,1.000000
3.000000,85.000000,832.896606,320.778870,601.306152,131.034546,1.607381,1.000000,8.000000,1.000000
3.000000,86.000000,675.958618,481.339691,288.578552,79.649857,1.090863,1.000000,8.000000,1.000000
3.000000,87.000000,655.203491,88.854752,249.559464,78.592552,2.089817,1.000000,8.000000,1.000000
3.000000,88.000000,423.159729,104.379486,215.129623,124.403252,1.825098,1.000000,8.000000,1.000000
3.000000,89.000000,240.366867,76.548607,175.671829,67.649200,1.824244,1.000000,8.000000,1.000000
3.000000,90.000000,624.605286,358.769867,52.322235,23.703564,2.692812,1.000000,2.000000,1.000000
3.000000,91.000000,623.455444,380.877502,32.694580,12.477631,2.747643,1.000000,2.000000,1.000000
3.000000,92.000000,627.835205,397.882324,35.848679,13.389812,2.755310,1.000000,2.000000,1.000000
3.000000,93.000000,636.988586,413.358734,34.665302,12.974260,2.825451,1.000000,2.000000,1.000000
3.000000,94.000000,645.149536,428.540771,34.884651,14.760887,2.680105,1.000000,2.000000,1.000000
3.000000,95.000000,653.524475,444.609131,30.184315,13.376965,2.769695,1.000000,2.000000,1.000000
3.000000,96.000000,660.944336,459.423157,35.340981,14.800048,2.718163,1.000000,2.000000,1.000000
3.000000,97.000000,673.646667,491.532410,31.294241,16.551603,2.719884,1.000000,2.000000,1.000000
3.000000,98.000000,683.681885,507.030762,31.385431,16.155714,2.764213,1.000000,2.000000,1.000000
3.000000,99.000000,689.521118,522.295654,32.310818,14.299445,2.776070,1.000000,2.000000,1.000000
3.000000,100.000000,698.241333,538.739441,34.540119,13.926645,2.770651,1.000000,2.000000,1.000000
3.000000,101.000000,704.887085,554.390442,28.381605,12.513287,2.709038,1.000000,2.000000,1.000000
3.000000,102.000000,712.146729,570.499939,34.434437,16.100935,2.692850,1.000000,2.000000,1.000000
3.000000,103.000000,720.796082,587.433716,38.012268,13.863950,2.692832,1.000000,2.000000,1.000000
3.000000,104.000000,665.660767,546.648682,35.340996,12.507224,1.147433,1.000000,2.000000,1.000000
3.000000,105.000000,640.955933,502.528595,34.882271,13.415616,1.122110,1.000000,2.000000,1.000000
3.000000,106.000000,618.408386,452.085693,33.362808,12.031487,1.066657,1.000000,2.000000,1.000000
3.000000,107.000000,577.863831,387.969910,25.940361,11.627544,1.121954,1.000000,2.000000,1.000000
3.000000,108.000000,190.445419,113.088287,25.709766,13.340677,1.821287,1.000000,2.000000,1.000000
3.000000,109.000000,198.466324,83.960930,26.563454,12.016858,1.907695,1.000000,2.000000,1.000000
3.000000,110.000000,205.796082,55.367889,31.624634,12.649022,1.907419,1.000000,2.000000,1.000000
4.000000,1.000000,863.090149,528.253052,60.007603,19.998016,0.021659,1.000000,2.000000,1.000000
4.000000,2.000000,864.783203,456.259430,54.999031,19.000341,0.004987,1.000000,2.000000,1.000000
4.000000,3.000000,860.914856,431.713684,58.077862,18.974974,0.056652,1.000000,2.000000,1.000000
4.000000,4.000000,863.531311,406.251617,55.346107,19.024071,0.041313,1.000000,2.000000,1.000000
4.000000,5.000000,864.631836,384.256775,59.076122,20.025723,0.055813,1.000000,2.000000,1.000000
4.000000,6.000000,868.370361,338.274139,55.370914,19.997459,0.023175,1.000000,2.000000,1.000000
4.000000,7.000000,867.075684,295.266754,53.084114,18.027641,0.061556,1.000000,2.000000,1.000000
4.000000,8.000000,869.549683,273.786804,53.008556,15.016782,0.023861,1.000000,2.000000,1.000000
4.000000,9.000000,870.240051,251.640945,53.152523,15.960174,0.076467,1.000000,2.000000,1.000000
4.000000,10.000000,870.939392,229.788177,54.084824,17.028675,0.060452,1.000000,2.000000,1.000000
4.000000,11.000000,873.316956,208.291275,57.036026,17.024061,0.040075,1.000000,2.000000,1.000000
4.000000,12.000000,868.860657,185.766296,59.033710,15.992852,0.038887,1.000000,2.000000,1.000000
4.000000,13.000000,866.733887,165.265167,48.344200,15.997561,0.025783,1.000000,2.000000,1.000000
4.000000,14.000000,874.338257,144.302628,60.709812,18.014011,0.021658,1.000000,2.000000,1.000000
4.000000,15.000000,870.296692,122.779686,57.008671,16.999865,0.022537,1.000000,2.000000,1.000000
4.000000,16.000000,877.053406,101.315872,56.000572,16.999327,0.004987,1.000000,2.000000,1.000000
4.000000,17.000000,876.135925,80.261360,63.072880,21.926056,0.052543,1.000000,2.000000,1.000000
4.000000,18.000000,873.591736,58.803368,55.010193,19.015142,0.023122,1.000000,2.000000,1.000000
4.000000,19.000000,873.361267,39.295696,55.101849,18.027330,0.059451,1.000000,2.000000,1.000000
4.000000,20.000000,581.988037,113.343704,49.606312,21.429558,2.058318,1.000000,2.000000,1.000000
4.000000,21.000000,603.592529,192.952515,61.199299,17.992062,0.528254,1.000000,2.000000,1.000000
4.000000,22.000000,614.698425,171.507690,62.312763,20.226791,0.534217,1.000000,2.000000,1.000000
4.000000,23.000000,865.831665,479.257812,55.008179,18.015068,0.023175,1.000000,2.000000,1.000000
4.000000,24.000000,866.802002,552.770386,59.109715,19.026510,0.055762,1.000000,2.000000,1.000000
4.000000,25.000000,653.579773,95.200470,60.683578,20.181601,0.498903,1.000000,2.000000,1.000000
4.000000,26.000000,863.330444,575.747437,59.008324,17.013824,0.021926,1.000000,2.000000,1.000000
4.000000,27.000000,801.051208,502.441956,38.354935,12.996209,0.031308,1.000000,2.000000,1.000000
4.000000,28.000000,803.651123,482.452911,42.999828,17.998848,0.004986,1.000000,2.000000,1.000000
4.000000,29.000000,799.995300,413.435669,55.835213,21.984022,0.041351,1.000000,2.000000,1.000000
4.000000,30.000000,799.937439,390.940979,53.009655,18.015547,0.023861,1.000000,2.000000,1.000000
4.000000,31.000000,800.229797,366.434692,61.385910,22.999046,0.021335,1.000000,2.000000,1.000000
4.000000,32.000000,801.823853,342.919983,59.027927,20.025820,0.055020,1.000000,2.000000,1.000000
4.000000,33.000000,799.468201,318.431305,61.351185,20.995331,0.021386,1.000000,2.000000,1.000000
4.000000,34.000000,798.581909,295.925201,50.130440,16.030123,0.064899,1.000000,2.000000,1.000000
4.000000,35.000000,800.337646,272.955963,59.033760,21.053829,0.038887,1.000000,2.000000,1.000000
4.000000,36.000000,795.314819,248.910355,70.569420,18.991577,0.033534,1.000000,2.000000,1.000000
4.000000,37.000000,800.921875,227.438110,57.377651,20.996958,0.022554,1.000000,2.000000,1.000000
4.000000,38.000000,802.537231,204.445343,53.998596,18.002922,0.004987,1.000000,2.000000,1.000000
4.000000,39.000000,802.191406,181.444641,62.170479,21.024992,0.053357,1.000000,2.000000,1.000000
4.000000,40.000000,808.581604,161.480667,50.009857,17.016005,0.024973,1.000000,2.000000,1.000000
4.000000,41.000000,820.394531,104.043533,35.012577,10.023525,0.033562,1.000000,2.000000,1.000000
4.000000,42.000000,814.957703,120.006729,44.726017,14.986160,0.050360,1.000000,2.000000,1.000000
4.000000,43.000000,808.850342,141.474930,57.999355,17.999865,0.004986,1.000000,2.000000,1.000000
4.000000,44.000000,865.496826,613.763306,71.237389,20.025267,0.061249,1.000000,2.000000,1.000000
4.000000,45.000000,640.441040,123.136246,59.479527,17.442724,0.468634,1.000000,2.000000,1.000000
4.000000,46.000000,663.183411,74.248657,54.838978,20.142998,0.477114,1.000000,2.000000,1.000000
4.000000,47.000000,403.055542,32.499451,49.429176,20.878643,0.294457,1.000000,2.000000,1.000000
4.000000,48.000000,224.269211,156.560898,48.533737,15.796021,0.280426,1.000000,2.000000,1.000000
4.000000,49.000000,227.179840,134.031540,58.660728,19.416958,0.212518,1.000000,2.000000,1.000000
4.000000,50.000000,232.525925,105.100891,47.361622,12.606475,0.244716,1.000000,2.000000,1.000000
4.000000,51.000000,239.130432,84.133942,57.559597,17.205650,0.245521,1.000000,2.000000,1.000000
4.000000,52.000000,250.864685,37.192009,52.476036,16.744921,0.259357,1.000000,2.000000,1.000000
4.000000,53.000000,259.076996,11.408745,52.224308,18.382116,0.259352,1.000000,2.000000,1.000000
4.000000,54.000000,412.569977,8.264393,52.784271,20.127829,0.254576,1.000000,2.000000,1.000000
4.000000,55.000000,397.466949,56.837860,47.803783,20.603168,0.280402,1.000000,2.000000,1.000000
4.000000,56.000000,690.812378,22.585087,46.529751,17.474533,0.497437,1.000000,2.000000,1.000000
4.000000,57.000000,386.527802,101.009201,49.999165,18.002098,0.288795,1.000000,2.000000,1.000000
4.000000,58.000000,291.536957,203.392975,68.849144,13.593703,0.271138,1.000000,2.000000,1.000000
4.000000,59.000000,196.664825,177.422668,34.386246,11.382737,0.214009,1.000000,2.000000,1.000000
4.000000,60.000000,235.401978,188.550995,46.173199,14.554783,0.313068,1.000000,2.000000,1.000000
4.000000,61.000000,343.983521,214.158020,33.330059,11.401601,0.279084,1.000000,2.000000,1.000000
4.000000,62.000000,378.937469,223.332855,36.283489,13.139219,0.202410,1.000000,2.000000,1.000000
4.000000,63.000000,420.977692,215.542938,51.185623,14.316451,0.202351,1.000000,2.000000,1.000000
4.000000,64.000000,423.585052,194.055786,39.629269,14.783232,0.243567,1.000000,2.000000,1.000000
4.000000,65.000000,431.546661,174.767807,44.125736,15.295462,0.202357,1.000000,2.000000,1.000000
4.000000,66.000000,436.278809,155.118011,44.645836,15.517905,0.233515,1.000000,2.000000,1.000000
4.000000,67.000000,442.522095,136.058823,36.380856,16.493109,0.249875,1.000000,2.000000,1.000000
4.000000,68.000000,443.493164,112.154144,34.381458,14.557505,0.271212,1.000000,2.000000,1.000000
4.000000,69.000000,454.082947,94.205734,43.304165,15.801169,0.289707,1.000000,2.000000,1.000000
4.000000,70.000000,469.542023,48.447506,53.366360,15.738791,0.231930,1.000000,2.000000,1.000000
4.000000,71.000000,473.426575,25.301449,52.435692,20.863649,0.259357,1.000000,2.000000,1.000000
4.000000,72.000000,355.095398,191.714859,69.501114,14.536552,0.225260,1.000000,2.000000,1.000000
4.000000,73.000000,361.205658,169.743362,65.125206,15.771891,0.257521,1.000000,2.000000,1.000000
4.000000,74.000000,364.822815,146.261856,71.466568,19.198668,0.267429,1.000000,2.000000,1.000000
4.000000,75.000000,861.155212,316.241547,46.009968,15.998247,0.026732,1.000000,2.000000,1.000000
4.000000,76.000000,1004.786377,480.298859,36.891365,19.015787,0.023860,1.000000,2.000000,1.000000
4.000000,77.000000,1008.264099,416.321930,29.983509,16.969967,0.029385,1.000000,2.000000,1.000000
4.000000,78.000000,1011.225281,228.485260,23.609488,12.000248,0.004987,1.000000,2.000000,1.000000
4.000000,79.000000,1007.049561,500.467804,31.970903,14.001167,0.004986,1.000000,2.000000,1.000000
4.000000,80.000000,1008.496948,521.406006,29.006104,14.004944,-0.000000,1.000000,2.000000,1.000000
4.000000,81.000000,1010.950134,541.260620,25.128534,13.954017,0.069444,1.000000,2.000000,1.000000
4.000000,82.000000,1006.045349,560.813599,34.281883,14.018928,0.025760,1.000000,2.000000,1.000000
4.000000,83.000000,994.265381,616.405273,57.560669,19.999758,0.004987,1.000000,2.000000,1.000000
4.000000,84.000000,1002.352417,580.843994,41.695107,15.996017,0.024225,1.000000,2.000000,1.000000
4.000000,85.000000,830.973572,317.588104,601.306335,131.034561,1.597408,1.000000,8.000000,1.000000
4.000000,86.000000,675.644653,479.705933,288.578522,79.649864,1.080890,1.000000,8.000000,1.000000
4.000000,87.000000,650.322693,88.630600,246.856430,78.580940,2.079844,1.000000,8.000000,1.000000
4.000000,88.000000,419.098907,105.285767,215.129578,124.403229,1.815125,1.000000,8.000000,1.000000
4.000000,89.000000,236.309311,78.185181,177.926636,67.649208,1.814270,1.000000,8.000000,1.000000
4.000000,90.000000,623.071472,357.654388,52.322197,23.703571,2.682838,1.000000,2.000000,1.000000
4.000000,91.000000,622.142212,379.772491,32.694595,12.477630,2.737670,1.000000,2.000000,1.000000
4.000000,92.000000,626.691284,396.732788,35.848690,13.389823,2.745336,1.000000,2.000000,1.000000
4.000000,93.000000,635.998657,412.117188,34.665302,12.974297,2.815478,1.000000,2.000000,1.000000
4.000000,94.000000,644.310547,427.216919,34.884693,14.760878,2.670132,1.000000,2.000000,1.000000
4.000000,95.000000,652.845276,443.201141,30.184229,13.376966,2.759721,1.000000,2.000000,1.000000
4.000000,96.000000,660.412537,457.940277,35.341030,14.800020,2.708191,1.000000,2.000000,1.000000
4.000000,97.000000,673.811707,490.206268,31.305664,16.545584,2.682903,1.000000,2.000000,1.000000
4.000000,98.000000,683.623779,505.318726,31.385458,16.155708,2.754240,1.000000,2.000000,1.000000
4.000000,99.000000,689.614929,520.524658,32.310871,14.299405,2.766096,1.000000,2.000000,1.000000
4.000000,100.000000,698.498718,536.880798,34.540131,13.926682,2.760677,1.000000,2.000000,1.000000
4.000000,101.000000,705.300232,552.464661,28.381611,12.513257,2.699065,1.000000,2.000000,1.000000
4.000000,102.000000,712.720215,568.500854,34.434406,16.100937,2.682878,1.000000,2.000000,1.000000
4.000000,103.000000,721.537903,585.347412,38.012299,13.863899,2.682863,1.000000,2.000000,1.000000
4.000000,104.000000,665.998657,545.114502,35.340977,12.507236,1.137460,1.000000,2.000000,1.000000
4.000000,105.000000,640.855042,501.242920,34.882229,13.415606,1.112136,1.000000,2.000000,1.000000
4.000000,106.000000,617.805481,451.027405,33.362816,12.031517,1.056685,1.000000,2.000000,1.000000
4.000000,107.000000,576.623535,387.319305,25.940348,11.627570,1.111982,1.000000,2.000000,1.000000
4.000000,108.000000,186.482986,116.315041,25.709755,13.340675,1.811314,1.000000,2.000000,1.000000
4.000000,109.000000,194.213013,87.109131,26.563465,12.016853,1.897723,1.000000,2.000000,1.000000
4.000000,110.000000,201.257217,58.444408,31.624641,12.649009,1.897446,1.000000,2.000000,1.000000
5.000000,1.000000,863.070557,525.249023,59.999294,20.000795,3.136606,1.000000,2.000000,1.000000
5.000000,2.000000,864.209717,452.743805,54.999031,19.000343,3.136606,1.000000,2.000000,1.000000
5.000000,3.000000,860.096924,428.237946,58.077843,18.974974,0.046679,1.000000,2.000000,1.000000
5.000000,4.000000,862.459106,402.751007,55.346115,19.024080,0.031339,1.000000,2.000000,1.000000
5.000000,5.000000,863.340332,380.746246,59.076096,20.025702,0.045840,1.000000,2.000000,1.000000
5.000000,6.000000,866.619934,334.728638,55.370880,19.997429,0.013202,1.000000,2.000000,1.000000
5.000000,7.000000,864.896606,291.736359,53.084091,18.027647,0.051583,1.000000,2.000000,1.000000
5.000000,8.000000,867.156067,270.232727,53.008591,15.016766,0.013888,1.000000,2.000000,1.000000
5.000000,9.000000,867.625671,248.081116,53.152504,15.960179,0.066493,1.000000,2.000000,1.000000
5.000000,10.000000,868.106995,226.222458,54.084820,17.028685,0.050478,1.000000,2.000000,1.000000
5.000000,11.000000,870.270020,204.702927,57.036095,17.024054,0.030102,1.000000,2.000000,1.000000
5.000000,12.000000,865.589417,182.223480,59.033772,15.992850,0.028914,1.000000,2.000000,1.000000
5.000000,13.000000,863.258179,161.744598,48.344158,15.997562,0.015810,1.000000,2.000000,1.000000
5.000000,14.000000,870.653259,140.707260,60.709797,18.014023,0.011685,1.000000,2.000000,1.000000
5.000000,15.000000,866.397095,119.225693,57.008709,16.999866,0.012563,1.000000,2.000000,1.000000
5.000000,16.000000,872.939270,97.695587,56.000530,16.999331,3.136606,1.000000,2.000000,1.000000
5.000000,17.000000,871.812012,76.651260,63.072887,21.926065,0.042570,1.000000,2.000000,1.000000
5.000000,18.000000,869.054016,55.219711,55.010193,19.015142,0.013149,1.000000,2.000000,1.000000
5.000000,19.000000,868.629028,35.715298,55.101864,18.027332,0.049478,1.000000,2.000000,1.000000
5.000000,20.000000,578.008728,112.665512,49.606304,21.429487,2.048346,1.000000,2.000000,1.000000
5.000000,21.000000,600.406006,192.054871,61.199310,17.992104,0.518281,1.000000,2.000000,1.000000
5.000000,22.000000,611.297485,170.500412,62.312775,20.226780,0.524244,1.000000,2.000000,1.000000
5.000000,23.000000,865.487488,475.730621,55.008213,18.015049,0.013202,1.000000,2.000000,1.000000
5.000000,24.000000,867.190918,549.229858,59.109688,19.026552,0.045789,1.000000,2.000000,1.000000
5.000000,25.000000,649.415833,93.809212,60.683620,20.181633,0.488930,1.000000,2.000000,1.000000
5.000000,26.000000,863.948669,572.240356,59.008244,17.013865,0.011951,1.000000,2.000000,1.000000
5.000000,27.000000,800.941528,499.559723,38.355015,12.996207,0.021335,1.000000,2.000000,1.000000
5.000000,28.000000,803.341919,479.545715,42.999863,17.998848,3.136606,1.000000,2.000000,1.000000
5.000000,29.000000,798.998169,410.568420,55.835167,21.984020,0.031378,1.000000,2.000000,1.000000
5.000000,30.000000,798.715820,388.075348,53.009628,18.015549,0.013887,1.000000,2.000000,1.000000
5.000000,31.000000,798.763733,363.567322,61.385868,22.999010,0.011362,1.000000,2.000000,1.000000
5.000000,32.000000,800.123169,340.037842,59.027962,20.025835,0.045044,1.000000,2.000000,1.000000
5.000000,33.000000,797.523438,315.573975,61.351143,20.995329,0.011413,1.000000,2.000000,1.000000
5.000000,34.000000,796.412842,293.077820,50.130455,16.030075,0.054925,1.000000,2.000000,1.000000
5.000000,35.000000,797.939270,270.092224,59.033703,21.053820,0.028914,1.000000,2.000000,1.000000
5.000000,36.000000,792.676880,246.097870,70.569420,18.991583,0.023561,1.000000,2.000000,1.000000
5.000000,37.000000,798.069519,224.570770,57.377647,20.996960,0.012581,1.000000,2.000000,1.000000
5.000000,38.000000,799.455505,201.563126,53.998592,18.002935,3.136609,1.000000,2.000000,1.000000
5.000000,39.000000,798.880310,178.566956,62.170509,21.024990,0.043383,1.000000,2.000000,1.000000
5.000000,40.000000,805.071167,158.540253,50.009834,17.016018,0.014999,1.000000,2.000000,1.000000
5.000000,41.000000,816.310608,100.988159,35.012611,10.023528,0.023588,1.000000,2.000000,1.000000
5.000000,42.000000,811.033142,117.004784,44.726021,14.986151,0.040387,1.000000,2.000000,1.000000
5.000000,43.000000,805.140381,138.532883,57.999279,17.999866,3.136603,1.000000,2.000000,1.000000
5.000000,44.000000,866.494263,610.232788,71.237366,20.025309,0.051276,1.000000,2.000000,1.000000
5.000000,45.000000,636.556519,121.874611,59.479511,17.442738,0.458661,1.000000,2.000000,1.000000
5.000000,46.000000,658.810181,72.762642,54.838924,20.142988,0.467141,1.000000,2.000000,1.000000
5.000000,47.000000,398.278870,33.609825,49.429195,20.878647,0.284484,1.000000,2.000000,1.000000
5.000000,48.000000,220.738724,159.448166,48.533726,15.796028,0.270453,1.000000,2.000000,1.000000
5.000000,49.000000,223.424484,136.890900,58.660740,19.416958,0.202544,1.000000,2.000000,1.000000
5.000000,50.000000,228.481781,107.908363,47.361614,12.606478,0.234742,1.000000,2.000000,1.000000
5.000000,51.000000,234.876831,86.876595,57.559597,17.205645,0.235548,1.000000,2.000000,1.000000
5.000000,52.000000,246.142319,39.819962,52.476032,16.744928,0.249384,1.000000,2.000000,1.000000
5.000000,53.000000,254.026321,14.237019,51.922169,18.669701,0.266028,1.000000,2.000000,1.000000
5.000000,54.000000,407.561127,9.240948,52.784264,20.210554,0.244602,1.000000,2.000000,1.000000
5.000000,55.000000,392.933258,58.002747,47.803764,20.603172,0.270429,1.000000,2.000000,1.000000
5.000000,56.000000,685.922485,20.826099,46.529774,17.474564,0.487463,1.000000,2.000000,1.000000
5.000000,57.000000,382.435181,102.280975,49.999149,18.002090,0.278822,1.000000,2.000000,1.000000
5.000000,58.000000,288.470154,205.606995,68.849121,13.593704,0.261163,1.000000,2.000000,1.000000
5.000000,59.000000,193.343704,180.584183,34.386230,11.382741,0.204035,1.000000,2.000000,1.000000
5.000000,60.000000,232.189941,191.325623,46.173187,14.554763,0.303095,1.000000,2.000000,1.000000
5.000000,61.000000,341.021454,215.848480,33.330048,11.401598,0.269111,1.000000,2.000000,1.000000
5.000000,62.000000,376.065186,224.674286,36.283447,13.139214,0.192437,1.000000,2.000000,1.000000
5.000000,63.000000,418.025696,216.465469,51.185585,14.316457,0.192378,1.000000,2.000000,1.000000
5.000000,64.000000,420.418518,194.953339,39.629261,14.783241,0.233594,1.000000,2.000000,1.000000
5.000000,65.000000,428.187347,175.586945,44.125748,15.295472,0.192383,1.000000,2.000000,1.000000
5.000000,66.000000,432.723358,155.890930,44.645840,15.517920,0.223542,1.000000,2.000000,1.000000
5.000000,67.000000,438.366089,137.287201,36.401230,16.483883,0.273348,1.000000,2.000000,1.000000
5.000000,68.000000,439.508850,112.857262,34.381454,14.557504,0.261239,1.000000,2.000000,1.000000
5.000000,69.000000,449.919067,94.804131,43.304134,15.801160,0.279734,1.000000,2.000000,1.000000
5.000000,70.000000,464.921082,48.894020,53.366337,15.738785,0.221955,1.000000,2.000000,1.000000
5.000000,71.000000,468.574585,25.710358,52.435677,20.863649,0.249383,1.000000,2.000000,1.000000
5.000000,72.000000,351.908936,193.295609,69.501122,14.536543,0.215287,1.000000,2.000000,1.000000
5.000000,73.000000,357.799744,171.264282,65.125175,15.771894,0.247548,1.000000,2.000000,1.000000
5.000000,74.000000,361.182587,147.747879,71.466568,19.198656,0.257455,1.000000,2.000000,1.000000
5.000000,75.000000,859.014160,313.266357,45.999069,16.002060,3.136607,1.000000,2.000000,1.000000
5.000000,76.000000,1004.566833,475.387512,37.133774,19.015797,0.013887,1.000000,2.000000,1.000000
5.000000,77.000000,1007.730469,411.385986,30.874313,16.969986,0.019411,1.000000,2.000000,1.000000
5.000000,78.000000,1009.799255,223.513443,26.461838,12.000247,3.136606,1.000000,2.000000,1.000000
5.000000,79.000000,1006.944946,495.608459,32.110107,13.996002,-0.000000,1.000000,2.000000,1.000000
5.000000,80.000000,1008.496948,516.593933,29.006104,13.994995,-0.000000,1.000000,2.000000,1.000000
5.000000,81.000000,1011.044922,536.272461,24.783361,13.953316,0.059471,1.000000,2.000000,1.000000
5.000000,82.000000,1006.239624,555.879700,33.746151,14.018911,0.015787,1.000000,2.000000,1.000000
5.000000,83.000000,994.776184,611.592896,56.547947,19.999762,3.136606,1.000000,2.000000,1.000000
5.000000,84.000000,1002.641479,575.944946,40.949108,15.996016,0.014253,1.000000,2.000000,1.000000
5.000000,85.000000,829.018799,314.416565,601.306274,131.034561,1.587435,1.000000,8.000000,1.000000
5.000000,86.000000,675.314514,478.075562,288.578522,79.649872,1.070916,1.000000,8.000000,1.000000
5.000000,87.000000,645.472595,88.422897,244.241348,78.569832,2.069870,1.000000,8.000000,1.000000
5.000000,88.000000,415.047272,106.232529,215.129593,124.403259,1.805151,1.000000,8.000000,1.000000
5.000000,89.000000,232.262146,79.839409,180.222610,67.649193,1.804297,1.000000,8.000000,1.000000
5.000000,90.000000,621.526611,356.554413,52.322197,23.703581,2.672866,1.000000,2.000000,1.000000
5.000000,91.000000,620.818054,378.680603,32.694611,12.477595,2.727696,1.000000,2.000000,1.000000
5.000000,92.000000,625.536011,395.594635,35.848679,13.389781,2.735363,1.000000,2.000000,1.000000
5.000000,93.000000,634.996277,410.885376,34.665287,12.974266,2.805505,1.000000,2.000000,1.000000
5.000000,94.000000,643.458496,425.901703,34.884712,14.760893,2.660159,1.000000,2.000000,1.000000
5.000000,95.000000,652.152161,441.799835,30.184278,13.376930,2.749749,1.000000,2.000000,1.000000
5.000000,96.000000,659.866028,456.462830,35.341000,14.800063,2.698217,1.000000,2.000000,1.000000
5.000000,97.000000,673.206299,488.312439,31.294230,16.551615,2.699937,1.000000,2.000000,1.000000
5.000000,98.000000,683.389832,503.471710,31.383236,16.156864,2.756160,1.000000,2.000000,1.000000
5.000000,99.000000,689.691101,518.752930,32.310833,14.299481,2.756124,1.000000,2.000000,1.000000
5.000000,100.000000,698.737671,535.019531,34.540073,13.926644,2.750705,1.000000,2.000000,1.000000
5.000000,101.000000,705.694336,550.534912,28.381639,12.513277,2.689093,1.000000,2.000000,1.000000
5.000000,102.000000,713.273743,566.496338,34.434429,16.100958,2.672904,1.000000,2.000000,1.000000
5.000000,103.000000,722.259094,583.254211,38.012291,13.863896,2.672887,1.000000,2.000000,1.000000
5.000000,104.000000,666.321289,543.576965,35.340977,12.507242,1.127486,1.000000,2.000000,1.000000
5.000000,105.000000,640.901245,499.781158,34.885136,13.414461,1.089337,1.000000,2.000000,1.000000
5.000000,106.000000,617.192200,449.975311,33.362816,12.031491,1.046711,1.000000,2.000000,1.000000
5.000000,107.000000,575.376892,386.680969,25.940384,11.627533,1.102007,1.000000,2.000000,1.000000
5.000000,108.000000,182.552948,119.581154,25.709764,13.340671,1.801341,1.000000,2.000000,1.000000
5.000000,109.000000,189.991333,90.299599,26.563465,12.016859,1.887749,1.000000,2.000000,1.000000
5.000000,110.000000,196.749924,61.566559,31.624640,12.649028,1.887520,1.000000,2.000000,1.000000
6.000000,1.000000,863.344543,521.247253,60.007595,19.998020,0.001713,1.000000,2.000000,1.000000
6.000000,2.000000,863.601196,449.234131,54.999008,19.000343,3.126633,1.000000,2.000000,1.000000
6.000000,3.000000,859.244141,424.770477,58.077824,18.975006,0.036706,1.000000,2.000000,1.000000
6.000000,4.000000,861.352173,399.261261,55.346134,19.024061,0.021365,1.000000,2.000000,1.000000
6.000000,5.000000,862.023743,377.222565,59.076118,20.025728,0.034966,1.000000,2.000000,1.000000
6.000000,6.000000,864.834412,331.200775,55.370888,19.997465,0.003229,1.000000,2.000000,1.000000
6.000000,7.000000,862.682190,288.227844,53.084099,18.027668,0.041609,1.000000,2.000000,1.000000
6.000000,8.000000,864.727295,266.702759,53.008579,15.016773,0.003915,1.000000,2.000000,1.000000
6.000000,9.000000,864.975891,244.547470,53.152496,15.960184,0.056517,1.000000,2.000000,1.000000
6.000000,10.000000,865.239136,222.685181,54.084766,17.028692,0.040505,1.000000,2.000000,1.000000
6.000000,11.000000,867.187500,201.145126,57.036087,17.024050,0.020129,1.000000,2.000000,1.000000
6.000000,12.000000,862.282898,178.713486,59.033718,15.992854,0.018940,1.000000,2.000000,1.000000
6.000000,13.000000,859.747559,158.258865,48.344196,15.997552,0.005837,1.000000,2.000000,1.000000
6.000000,14.000000,866.932434,137.148834,60.709789,18.014025,0.001712,1.000000,2.000000,1.000000
6.000000,15.000000,862.604004,115.210907,56.999954,17.002483,3.126630,1.000000,2.000000,1.000000
6.000000,16.000000,868.789490,94.116478,56.000584,16.999332,3.126633,1.000000,2.000000,1.000000
6.000000,17.000000,867.452271,73.084457,63.072872,21.926060,0.032596,1.000000,2.000000,1.000000
6.000000,18.000000,864.480591,51.681473,55.010170,19.015137,0.003176,1.000000,2.000000,1.000000
6.000000,19.000000,863.861145,32.182274,55.101894,18.027334,0.039505,1.000000,2.000000,1.000000
6.000000,20.000000,574.022827,112.027054,49.606300,21.429567,2.038371,1.000000,2.000000,1.000000
6.000000,21.000000,597.210754,191.189102,61.199284,17.992088,0.508307,1.000000,2.000000,1.000000
6.000000,22.000000,607.886719,169.527100,62.312767,20.226757,0.514270,1.000000,2.000000,1.000000
6.000000,23.000000,865.108276,472.207031,55.008156,18.015047,0.003228,1.000000,2.000000,1.000000
6.000000,24.000000,867.544495,545.685608,59.109730,19.026533,0.035815,1.000000,2.000000,1.000000
6.000000,25.000000,645.238281,92.459511,60.683590,20.181614,0.478957,1.000000,2.000000,1.000000
6.000000,26.000000,864.531921,568.727234,59.008293,17.013889,0.001979,1.000000,2.000000,1.000000
6.000000,27.000000,800.803040,496.678650,38.354965,12.996188,0.011362,1.000000,2.000000,1.000000
6.000000,28.000000,803.003662,476.641724,42.999863,17.998840,3.126633,1.000000,2.000000,1.000000
6.000000,29.000000,797.972229,407.711151,55.835186,21.984009,0.021405,1.000000,2.000000,1.000000
6.000000,30.000000,797.465759,385.222046,53.009617,18.015537,0.003915,1.000000,2.000000,1.000000
6.000000,31.000000,797.269104,360.714722,61.385876,22.999043,0.001389,1.000000,2.000000,1.000000
6.000000,32.000000,798.393921,337.172974,59.028004,20.025805,0.035072,1.000000,2.000000,1.000000
6.000000,33.000000,795.550232,312.736176,61.351208,20.995346,0.001439,1.000000,2.000000,1.000000
6.000000,34.000000,794.215332,290.252197,50.130394,16.030090,0.044952,1.000000,2.000000,1.000000
6.000000,35.000000,795.512390,267.252502,59.033718,21.053825,0.018940,1.000000,2.000000,1.000000
6.000000,36.000000,790.011047,243.311844,70.569504,18.991562,0.013588,1.000000,2.000000,1.000000
6.000000,37.000000,795.188721,221.732071,57.377644,20.996958,0.002608,1.000000,2.000000,1.000000
6.000000,38.000000,796.345215,198.711609,53.998627,18.002930,3.126633,1.000000,2.000000,1.000000
6.000000,39.000000,795.540649,175.722443,62.170490,21.024986,0.033410,1.000000,2.000000,1.000000
6.000000,40.000000,801.531433,155.634995,50.009846,17.016010,0.005026,1.000000,2.000000,1.000000
6.000000,41.000000,812.196411,97.973656,35.012585,10.023527,0.013615,1.000000,2.000000,1.000000
6.000000,42.000000,807.078857,114.042114,44.725971,14.986156,0.030414,1.000000,2.000000,1.000000
6.000000,43.000000,801.401245,135.627869,57.999302,17.999861,3.126632,1.000000,2.000000,1.000000
6.000000,44.000000,867.456177,606.692383,71.237389,20.025326,0.041302,1.000000,2.000000,1.000000
6.000000,45.000000,632.659546,120.651840,59.479519,17.442760,0.448688,1.000000,2.000000,1.000000
6.000000,46.000000,654.422363,71.320358,54.838902,20.142977,0.457168,1.000000,2.000000,1.000000
6.000000,47.000000,393.513428,34.767765,49.429188,20.878643,0.274511,1.000000,2.000000,1.000000
6.000000,48.000000,217.237137,162.370483,48.533714,15.796027,0.260479,1.000000,2.000000,1.000000
6.000000,49.000000,219.697830,139.787552,58.660740,19.416960,0.192571,1.000000,2.000000,1.000000
6.000000,50.000000,224.465820,110.756027,47.361622,12.606472,0.224769,1.000000,2.000000,1.000000
6.000000,51.000000,230.650787,89.661530,57.559597,17.205654,0.225574,1.000000,2.000000,1.000000
6.000000,52.000000,241.446442,42.494881,52.476040,16.744926,0.239410,1.000000,2.000000,1.000000
6.000000,53.000000,249.076401,16.828846,51.922176,18.681547,0.256055,1.000000,2.000000,1.000000
6.000000,54.000000,402.563110,10.261992,52.784237,20.304182,0.234629,1.000000,2.000000,1.000000
6.000000,55.000000,388.411407,59.212799,47.803761,20.603174,0.260456,1.000000,2.000000,1.000000
6.000000,56.000000,681.015320,19.115992,46.529743,17.474560,0.477490,1.000000,2.000000,1.000000
6.000000,57.000000,378.355469,103.593536,49.999161,18.002098,0.268848,1.000000,2.000000,1.000000
6.000000,58.000000,285.425537,207.851517,68.849159,13.593709,0.251190,1.000000,2.000000,1.000000
6.000000,59.000000,190.054306,183.778687,34.386246,11.382751,0.194062,1.000000,2.000000,1.000000
6.000000,60.000000,229.005753,194.132156,46.173187,14.554766,0.293121,1.000000,2.000000,1.000000
6.000000,61.000000,338.076324,217.568390,33.330036,11.401578,0.259138,1.000000,2.000000,1.000000
6.000000,62.000000,373.206390,226.044281,36.283463,13.139216,0.182464,1.000000,2.000000,1.000000
6.000000,63.000000,415.082947,217.417389,51.185600,14.316455,0.182404,1.000000,2.000000,1.000000
6.000000,64.000000,417.261108,195.882477,39.629284,14.783228,0.223620,1.000000,2.000000,1.000000
6.000000,65.000000,425.193542,175.814682,44.147125,15.288060,0.213524,1.000000,2.000000,1.000000
6.000000,66.000000,429.175751,156.699265,44.645844,15.517920,0.213569,1.000000,2.000000,1.000000
6.000000,67.000000,435.037628,137.519379,36.380867,16.493109,0.229929,1.000000,2.000000,1.000000
6.000000,68.000000,435.531769,113.600075,34.381462,14.557506,0.251266,1.000000,2.000000,1.000000
6.000000,69.000000,445.761475,95.444023,43.304146,15.801166,0.269761,1.000000,2.000000,1.000000
6.000000,70.000000,460.304840,49.386574,53.366375,15.738791,0.211982,1.000000,2.000000,1.000000
6.000000,71.000000,463.726898,26.167622,52.435696,20.863647,0.239410,1.000000,2.000000,1.000000
6.000000,72.000000,348.738403,194.908066,69.501144,14.536543,0.205313,1.000000,2.000000,1.000000
6.000000,73.000000,354.409210,172.819092,65.125160,15.771884,0.237574,1.000000,2.000000,1.000000
6.000000,74.000000,357.557373,149.270111,71.466583,19.198660,0.247482,1.000000,2.000000,1.000000
6.000000,75.000000,857.014893,309.815460,45.999092,16.002035,3.126633,1.000000,2.000000,1.000000
6.000000,76.000000,1004.323914,470.477539,37.426922,19.015772,0.003914,1.000000,2.000000,1.000000
6.000000,77.000000,1007.172974,406.451416,31.815613,16.969988,0.009437,1.000000,2.000000,1.000000
6.000000,78.000000,1008.378845,218.540985,29.425241,12.000247,3.126633,1.000000,2.000000,1.000000
6.000000,79.000000,1006.816406,490.827881,32.367188,13.984619,-0.000000,1.000000,2.000000,1.000000
6.000000,80.000000,1008.472961,511.781372,29.054077,13.983612,-0.000000,1.000000,2.000000,1.000000
6.000000,81.000000,1011.115479,531.286621,24.489475,13.952802,0.049496,1.000000,2.000000,1.000000
6.000000,82.000000,1006.410400,550.946960,33.261360,14.018940,0.005813,1.000000,2.000000,1.000000
6.000000,83.000000,995.312134,606.779663,55.681160,19.999796,3.126633,1.000000,2.000000,1.000000
6.000000,84.000000,1002.907471,571.047058,40.254105,15.996081,0.004278,1.000000,2.000000,1.000000
6.000000,85.000000,827.032532,311.264740,601.306335,131.034607,1.577461,1.000000,8.000000,1.000000
6.000000,86.000000,674.968018,476.448486,288.578522,79.649887,1.060943,1.000000,8.000000,1.000000
6.000000,87.000000,640.651978,88.231567,241.712204,78.559280,2.059897,1.000000,8.000000,1.000000
6.000000,88.000000,411.005310,107.219643,215.129608,124.403259,1.795178,1.000000,8.000000,1.000000
6.000000,89.000000,228.225143,81.511162,182.559967,67.649193,1.794324,1.000000,8.000000,1.000000
6.000000,90.000000,619.970947,355.469818,52.322220,23.703606,2.662891,1.000000,2.000000,1.000000
6.000000,91.000000,619.482971,377.601929,32.694607,12.477628,2.717723,1.000000,2.000000,1.000000
6.000000,92.000000,624.369446,394.468109,35.848709,13.389786,2.725390,1.000000,2.000000,1.000000
6.000000,93.000000,633.981812,409.663788,34.665279,12.974257,2.795532,1.000000,2.000000,1.000000
6.000000,94.000000,642.593201,424.594849,34.884693,14.760871,2.650185,1.000000,2.000000,1.000000
6.000000,95.000000,651.445068,440.405579,30.184296,13.376953,2.739775,1.000000,2.000000,1.000000
6.000000,96.000000,659.304749,454.990906,35.340946,14.800044,2.688244,1.000000,2.000000,1.000000
6.000000,97.000000,673.344910,486.983276,31.305668,16.545580,2.662956,1.000000,2.000000,1.000000
6.000000,98.000000,683.456421,501.897034,31.385401,16.155722,2.734292,1.000000,2.000000,1.000000
6.000000,99.000000,689.749695,516.980347,32.310822,14.299421,2.746150,1.000000,2.000000,1.000000
6.000000,100.000000,698.957947,533.156067,34.540108,13.926706,2.740731,1.000000,2.000000,1.000000
6.000000,101.000000,706.068848,548.601135,28.381641,12.513254,2.679120,1.000000,2.000000,1.000000
6.000000,102.000000,713.807129,564.486206,34.434395,16.100943,2.662930,1.000000,2.000000,1.000000
6.000000,103.000000,722.959229,581.153625,38.012257,13.863955,2.662915,1.000000,2.000000,1.000000
6.000000,104.000000,666.628479,542.036255,35.341000,12.507210,1.117512,1.000000,2.000000,1.000000
6.000000,105.000000,640.614929,498.675079,34.882282,13.415616,1.092190,1.000000,2.000000,1.000000
6.000000,106.000000,616.568359,448.929260,33.362778,12.031453,1.036737,1.000000,2.000000,1.000000
6.000000,107.000000,574.123840,386.055145,25.940346,11.627553,1.092035,1.000000,2.000000,1.000000
6.000000,108.000000,178.655670,122.886276,25.709759,13.340678,1.791368,1.000000,2.000000,1.000000
6.000000,109.000000,185.801682,93.532013,26.563463,12.016850,1.877775,1.000000,2.000000,1.000000
6.000000,110.000000,192.272736,64.732498,31.624636,12.649010,1.877500,1.000000,2.000000,1.000000
7.000000,1.000000,863.419189,517.742798,60.007599,19.998034,3.133331,1.000000,2.000000,1.000000
7.000000,2.000000,862.957642,445.730652,54.999031,19.000343,3.116660,1.000000,2.000000,1.000000
7.000000,3.000000,858.356934,421.311707,58.077885,18.974968,0.026732,1.000000,2.000000,1.000000
7.000000,4.000000,860.210388,395.782745,55.346184,19.024069,0.011393,1.000000,2.000000,1.000000
7.000000,5.000000,860.652527,373.764740,59.076130,20.025682,0.025893,1.000000,2.000000,1.000000
7.000000,6.000000,863.013611,327.690887,55.370914,19.997446,3.134848,1.000000,2.000000,1.000000
7.000000,7.000000,860.443359,284.714081,53.084087,18.027660,0.030591,1.000000,2.000000,1.000000
7.000000,8.000000,862.263306,263.197144,53.008602,15.016780,3.135534,1.000000,2.000000,1.000000
7.000000,9.000000,862.290894,241.040421,53.152477,15.960182,0.046542,1.000000,2.000000,1.000000
7.000000,10.000000,862.336243,219.176651,54.084839,17.028673,0.030532,1.000000,2.000000,1.000000
7.000000,11.000000,864.069580,197.618225,57.036076,17.024044,0.010155,1.000000,2.000000,1.000000
7.000000,12.000000,859.187927,174.238983,58.999821,16.002041,3.116661,1.000000,2.000000,1.000000
7.000000,13.000000,856.202271,154.808319,48.344151,15.997562,3.137456,1.000000,2.000000,1.000000
7.000000,14.000000,863.176270,133.627670,60.709854,18.014019,3.133331,1.000000,2.000000,1.000000
7.000000,15.000000,858.492615,112.235283,57.008751,16.999866,3.134209,1.000000,2.000000,1.000000
7.000000,16.000000,864.604065,90.578949,56.000565,16.999325,3.116659,1.000000,2.000000,1.000000
7.000000,17.000000,863.057251,69.561302,63.072910,21.926065,0.022623,1.000000,2.000000,1.000000
7.000000,18.000000,859.872375,48.189026,55.010120,19.015137,3.134795,1.000000,2.000000,1.000000
7.000000,19.000000,859.058411,28.696972,55.101833,18.027330,0.029531,1.000000,2.000000,1.000000
7.000000,20.000000,570.030762,111.428375,49.606335,21.429518,2.028399,1.000000,2.000000,1.000000
7.000000,21.000000,594.007080,190.355255,61.199287,17.992065,0.498334,1.000000,2.000000,1.000000
7.000000,22.000000,604.466431,168.587814,62.312790,20.226791,0.504297,1.000000,2.000000,1.000000
7.000000,23.000000,864.693909,468.687469,55.008148,18.015043,3.134848,1.000000,2.000000,1.000000
7.000000,24.000000,867.862793,542.138000,59.109772,19.026575,0.025842,1.000000,2.000000,1.000000
7.000000,25.000000,641.047607,91.151588,60.683609,20.181612,0.468983,1.000000,2.000000,1.000000
7.000000,26.000000,865.080139,565.208557,59.008293,17.013901,3.133598,1.000000,2.000000,1.000000
7.000000,27.000000,800.635864,493.799194,38.354942,12.996211,0.001389,1.000000,2.000000,1.000000
7.000000,28.000000,802.636475,473.741211,42.999825,17.998850,3.116659,1.000000,2.000000,1.000000
7.000000,29.000000,796.917908,404.864319,55.835220,21.983990,0.011432,1.000000,2.000000,1.000000
7.000000,30.000000,796.187134,382.381378,53.009571,18.015553,3.135533,1.000000,2.000000,1.000000
7.000000,31.000000,795.746155,357.877258,61.385872,22.999037,3.133008,1.000000,2.000000,1.000000
7.000000,32.000000,796.635986,334.325470,59.027992,20.025839,0.025101,1.000000,2.000000,1.000000
7.000000,33.000000,793.548828,309.918152,61.351208,20.995340,3.133059,1.000000,2.000000,1.000000
7.000000,34.000000,791.989746,287.448700,50.130459,16.030113,0.034980,1.000000,2.000000,1.000000
7.000000,35.000000,793.057373,264.437164,59.033741,21.053820,0.008967,1.000000,2.000000,1.000000
7.000000,36.000000,787.317566,240.552582,70.569458,18.991571,0.003614,1.000000,2.000000,1.000000
7.000000,37.000000,792.279724,218.922241,57.377674,20.996958,3.134227,1.000000,2.000000,1.000000
7.000000,38.000000,793.206482,195.891464,53.998604,18.002926,3.116662,1.000000,2.000000,1.000000
7.000000,39.000000,792.172791,172.911377,62.170483,21.024981,0.023437,1.000000,2.000000,1.000000
7.000000,40.000000,797.962952,152.765182,50.009892,17.016005,3.136645,1.000000,2.000000,1.000000
7.000000,41.000000,808.052368,95.000351,35.012562,10.023530,0.003642,1.000000,2.000000,1.000000
7.000000,42.000000,803.095337,111.119049,44.726048,14.986157,0.020440,1.000000,2.000000,1.000000
7.000000,43.000000,797.633118,132.760345,57.999302,17.999857,3.116659,1.000000,2.000000,1.000000
7.000000,44.000000,868.382812,603.142700,71.237419,20.025322,0.031328,1.000000,2.000000,1.000000
7.000000,45.000000,628.750549,119.467926,59.479523,17.442741,0.438714,1.000000,2.000000,1.000000
7.000000,46.000000,650.020325,69.921875,54.838928,20.142979,0.447194,1.000000,2.000000,1.000000
7.000000,47.000000,388.759827,35.973198,49.429199,20.878643,0.264538,1.000000,2.000000,1.000000
7.000000,48.000000,213.764862,165.327576,48.533722,15.796026,0.250506,1.000000,2.000000,1.000000
7.000000,49.000000,216.000244,142.721268,58.660732,19.416962,0.182597,1.000000,2.000000,1.000000
7.000000,50.000000,220.478439,113.643593,47.361626,12.606476,0.214796,1.000000,2.000000,1.000000
7.000000,51.000000,226.452713,92.488464,57.559589,17.205647,0.215601,1.000000,2.000000,1.000000
7.000000,52.000000,236.777435,45.216499,52.476032,16.744928,0.229437,1.000000,2.000000,1.000000
7.000000,53.000000,244.151093,19.475643,51.922188,18.681545,0.246081,1.000000,2.000000,1.000000
7.000000,54.000000,397.576447,11.326782,52.784248,20.410032,0.224656,1.000000,2.000000,1.000000
7.000000,55.000000,383.901825,60.467888,47.803761,20.603168,0.250482,1.000000,2.000000,1.000000
7.000000,56.000000,676.092285,17.455399,46.527496,17.474564,0.467517,1.000000,2.000000,1.000000
7.000000,57.000000,374.288971,104.946693,49.999142,18.002090,0.258875,1.000000,2.000000,1.000000
7.000000,58.000000,282.403473,210.126328,68.849129,13.593701,0.241218,1.000000,2.000000,1.000000
7.000000,59.000000,186.796921,187.005814,34.386230,11.382740,0.184088,1.000000,2.000000,1.000000
7.000000,60.000000,225.849670,196.970306,46.173195,14.554761,0.283148,1.000000,2.000000,1.000000
7.000000,61.000000,335.148621,219.317612,33.330067,11.401578,0.249165,1.000000,2.000000,1.000000
7.000000,62.000000,370.361420,227.442703,36.283459,13.139224,0.172490,1.000000,2.000000,1.000000
7.000000,63.000000,412.149811,218.398590,51.185604,14.316448,0.172431,1.000000,2.000000,1.000000
7.000000,64.000000,414.113098,196.843048,39.629261,14.783240,0.213647,1.000000,2.000000,1.000000
7.000000,65.000000,421.845062,176.697144,44.147133,15.288063,0.203550,1.000000,2.000000,1.000000
7.000000,66.000000,425.636414,157.542953,44.645828,15.517908,0.203595,1.000000,2.000000,1.000000
7.000000,67.000000,431.306732,138.305588,36.380875,16.493122,0.219956,1.000000,2.000000,1.000000
7.000000,68.000000,431.562256,114.382523,34.381447,14.557506,0.241293,1.000000,2.000000,1.000000
7.000000,69.000000,441.610382,96.125343,43.304165,15.801171,0.259787,1.000000,2.000000,1.000000
7.000000,70.000000,455.693665,49.925121,53.366344,15.738791,0.202010,1.000000,2.000000,1.000000
7.000000,71.000000,458.883972,26.673220,52.435711,20.863653,0.229437,1.000000,2.000000,1.000000
7.000000,72.000000,345.584106,196.552063,69.501160,14.536553,0.195340,1.000000,2.000000,1.000000
7.000000,73.000000,351.034332,174.407639,65.125191,15.771889,0.227601,1.000000,2.000000,1.000000
7.000000,74.000000,353.947479,150.828415,71.466560,19.198650,0.237509,1.000000,2.000000,1.000000
7.000000,75.000000,854.981323,306.384613,45.999058,16.002041,3.116661,1.000000,2.000000,1.000000
7.000000,76.000000,1004.114868,465.681030,37.770203,19.019318,-0.000000,1.000000,2.000000,1.000000
7.000000,77.000000,1006.591675,401.526367,32.816650,16.969208,-0.000000,1.000000,2.000000,1.000000
7.000000,78.000000,1006.934448,213.567535,32.440292,12.000257,3.116660,1.000000,2.000000,1.000000
7.000000,79.000000,1006.671875,486.031952,32.671959,13.973392,3.140476,1.000000,2.000000,1.000000
7.000000,80.000000,1008.428833,506.961395,29.149969,13.971607,3.141057,1.000000,2.000000,1.000000
7.000000,81.000000,1011.161743,526.302856,24.246813,13.952229,0.039524,1.000000,2.000000,1.000000
7.000000,82.000000,1006.586426,546.023193,32.878647,14.019260,3.137939,1.000000,2.000000,1.000000
7.000000,83.000000,995.825500,601.965027,54.864948,19.999748,3.116660,1.000000,2.000000,1.000000
7.000000,84.000000,1003.149780,566.261963,39.700439,15.994080,3.141593,1.000000,2.000000,1.000000
7.000000,85.000000,825.014771,308.132904,601.306396,131.034546,1.567488,1.000000,8.000000,1.000000
7.000000,86.000000,674.605286,474.824890,288.578522,79.649849,1.050969,1.000000,8.000000,1.000000
7.000000,87.000000,635.860229,88.056717,239.267120,78.549248,2.049924,1.000000,8.000000,1.000000
7.000000,88.000000,406.973419,108.246986,215.129593,124.403236,1.785205,1.000000,8.000000,1.000000
7.000000,89.000000,224.198013,83.200272,184.938843,67.649185,1.784350,1.000000,8.000000,1.000000
7.000000,90.000000,618.404480,354.400818,52.322186,23.703579,2.652918,1.000000,2.000000,1.000000
7.000000,91.000000,618.137207,376.536682,32.694633,12.477622,2.707750,1.000000,2.000000,1.000000
7.000000,92.000000,623.191711,393.353333,35.848698,13.389791,2.715417,1.000000,2.000000,1.000000
7.000000,93.000000,632.955078,408.452301,34.665340,12.974282,2.785558,1.000000,2.000000,1.000000
7.000000,94.000000,641.714966,423.296753,34.884670,14.760898,2.640212,1.000000,2.000000,1.000000
7.000000,95.000000,650.724121,439.018433,30.184233,13.376941,2.729801,1.000000,2.000000,1.000000
7.000000,96.000000,658.728882,453.524628,35.340958,14.799999,2.678270,1.000000,2.000000,1.000000
7.000000,97.000000,672.701782,485.101898,31.294296,16.551632,2.679990,1.000000,2.000000,1.000000
7.000000,98.000000,683.347046,500.187561,31.385452,16.155718,2.724320,1.000000,2.000000,1.000000
7.000000,99.000000,689.790527,515.207458,32.310818,14.299447,2.736176,1.000000,2.000000,1.000000
7.000000,100.000000,699.159668,531.290466,34.540138,13.926731,2.730757,1.000000,2.000000,1.000000
7.000000,101.000000,706.424255,546.663940,28.381666,12.513280,2.669146,1.000000,2.000000,1.000000
7.000000,102.000000,714.320618,562.471008,34.434414,16.100945,2.652958,1.000000,2.000000,1.000000
7.000000,103.000000,723.638367,579.046265,38.012276,13.863898,2.652940,1.000000,2.000000,1.000000
7.000000,104.000000,666.920410,540.492737,35.340958,12.507271,1.107540,1.000000,2.000000,1.000000
7.000000,105.000000,640.475586,497.393066,34.882244,13.415622,1.082218,1.000000,2.000000,1.000000
7.000000,106.000000,615.934204,447.889618,33.362797,12.031491,1.026764,1.000000,2.000000,1.000000
7.000000,107.000000,572.864624,385.441833,25.940336,11.627505,1.082064,1.000000,2.000000,1.000000
7.000000,108.000000,174.791580,126.230133,25.709763,13.340685,1.781395,1.000000,2.000000,1.000000
7.000000,109.000000,181.644485,96.806061,26.563459,12.016862,1.867802,1.000000,2.000000,1.000000
7.000000,110.000000,187.827972,67.943428,31.624640,12.649011,1.867526,1.000000,2.000000,1.000000
8.000000,1.000000,863.309814,514.740723,59.999256,20.000769,3.106687,1.000000,2.000000,1.000000
8.000000,2.000000,862.279419,442.233826,54.999012,19.000340,3.106686,1.000000,2.000000,1.000000
8.000000,3.000000,857.435303,417.861908,58.077858,18.974960,0.016759,1.000000,2.000000,1.000000
8.000000,4.000000,859.033997,392.315735,55.346176,19.024050,0.001419,1.000000,2.000000,1.000000
8.000000,5.000000,859.256531,370.294495,59.076092,20.025719,0.015920,1.000000,2.000000,1.000000
8.000000,6.000000,861.158081,324.199402,55.370888,19.997463,3.124875,1.000000,2.000000,1.000000
8.000000,7.000000,858.159302,281.250336,53.084076,18.027664,0.020617,1.000000,2.000000,1.000000
8.000000,8.000000,859.764526,259.716278,53.008583,15.016771,3.125561,1.000000,2.000000,1.000000
8.000000,9.000000,859.571289,237.560501,53.152466,15.960192,0.036572,1.000000,2.000000,1.000000
8.000000,10.000000,859.398376,215.697266,54.084793,17.028681,0.020558,1.000000,2.000000,1.000000
8.000000,11.000000,860.916687,194.122635,57.036072,17.024046,0.000182,1.000000,2.000000,1.000000
8.000000,12.000000,855.565796,171.793289,59.033718,15.992846,3.140587,1.000000,2.000000,1.000000
8.000000,13.000000,852.622986,151.393311,48.344162,15.997560,3.127483,1.000000,2.000000,1.000000
8.000000,14.000000,859.385254,130.144165,60.709831,18.014021,3.123358,1.000000,2.000000,1.000000
8.000000,15.000000,854.620239,108.297012,56.999996,17.002491,3.106686,1.000000,2.000000,1.000000
8.000000,16.000000,860.383667,87.083344,56.000542,16.999329,3.106686,1.000000,2.000000,1.000000
8.000000,17.000000,858.627319,66.082169,63.072918,21.926058,0.012650,1.000000,2.000000,1.000000
8.000000,18.000000,855.229431,44.742706,55.010170,19.015133,3.124821,1.000000,2.000000,1.000000
8.000000,19.000000,854.221130,25.259747,55.101891,18.027334,0.019558,1.000000,2.000000,1.000000
8.000000,20.000000,566.032898,110.869545,49.606346,21.429512,2.018426,1.000000,2.000000,1.000000
8.000000,21.000000,590.795166,189.553391,61.199314,17.992071,0.488360,1.000000,2.000000,1.000000
8.000000,22.000000,601.036926,167.682724,62.312794,20.226805,0.494324,1.000000,2.000000,1.000000
8.000000,23.000000,864.244385,465.172150,55.008240,18.015059,3.124875,1.000000,2.000000,1.000000
8.000000,24.000000,868.145752,538.587524,59.109760,19.026552,0.015869,1.000000,2.000000,1.000000
8.000000,25.000000,636.843994,89.885498,60.683578,20.181614,0.459010,1.000000,2.000000,1.000000
8.000000,26.000000,865.593262,561.684692,59.008301,17.013891,3.123624,1.000000,2.000000,1.000000
8.000000,27.000000,800.440002,490.921448,38.354996,12.996183,3.133008,1.000000,2.000000,1.000000
8.000000,28.000000,802.240662,470.844604,42.999847,17.998848,3.106686,1.000000,2.000000,1.000000
8.000000,29.000000,795.835266,402.028046,55.835220,21.984026,0.001458,1.000000,2.000000,1.000000
8.000000,30.000000,794.880310,379.553589,53.009682,18.015560,3.125560,1.000000,2.000000,1.000000
8.000000,31.000000,794.194885,355.055084,61.385899,22.999039,3.123034,1.000000,2.000000,1.000000
8.000000,32.000000,794.849915,331.495575,59.028000,20.025818,0.015127,1.000000,2.000000,1.000000
8.000000,33.000000,791.519470,307.120270,61.351204,20.995352,3.123085,1.000000,2.000000,1.000000
8.000000,34.000000,789.736389,284.667450,50.130428,16.030081,0.025006,1.000000,2.000000,1.000000
8.000000,35.000000,790.574524,261.646454,59.033718,21.053831,3.140587,1.000000,2.000000,1.000000
8.000000,36.000000,784.596680,237.820282,70.569443,18.991564,3.135234,1.000000,2.000000,1.000000
8.000000,37.000000,789.343018,216.141571,57.377678,20.996948,3.124254,1.000000,2.000000,1.000000
8.000000,38.000000,790.039978,193.102600,53.998596,18.002926,3.106686,1.000000,2.000000,1.000000
8.000000,39.000000,788.777039,170.134033,62.170544,21.024988,0.013464,1.000000,2.000000,1.000000
8.000000,40.000000,794.366028,149.931091,50.009842,17.016010,3.126672,1.000000,2.000000,1.000000
8.000000,41.000000,803.878845,92.068512,35.012604,10.023531,3.135261,1.000000,2.000000,1.000000
8.000000,42.000000,799.082886,108.235855,44.726021,14.986154,0.010467,1.000000,2.000000,1.000000
8.000000,43.000000,793.836792,129.930511,57.999332,17.999861,3.106687,1.000000,2.000000,1.000000
8.000000,44.000000,869.274292,599.583862,71.237381,20.025293,0.021356,1.000000,2.000000,1.000000
8.000000,45.000000,624.830017,118.323097,59.479515,17.442717,0.428741,1.000000,2.000000,1.000000
8.000000,46.000000,645.604553,68.567360,54.838928,20.142982,0.437221,1.000000,2.000000,1.000000
8.000000,47.000000,384.018463,37.225956,49.429207,20.878639,0.254564,1.000000,2.000000,1.000000
8.000000,48.000000,210.322311,168.319183,48.533710,15.796021,0.240533,1.000000,2.000000,1.000000
8.000000,49.000000,212.332092,145.691635,58.660725,19.416964,0.172625,1.000000,2.000000,1.000000
8.000000,50.000000,216.520081,116.570801,47.361607,12.606474,0.204822,1.000000,2.000000,1.000000
8.000000,51.000000,222.283112,95.357132,57.559605,17.205647,0.205628,1.000000,2.000000,1.000000
8.000000,52.000000,232.135849,47.984550,52.476048,16.744926,0.219464,1.000000,2.000000,1.000000
8.000000,53.000000,239.222763,22.216444,51.922283,18.681513,0.238062,1.000000,2.000000,1.000000
8.000000,54.000000,392.601593,12.434427,52.784264,20.529612,0.214682,1.000000,2.000000,1.000000
8.000000,55.000000,379.404999,61.767879,47.803764,20.603161,0.240509,1.000000,2.000000,1.000000
8.000000,56.000000,671.191650,15.596419,46.494564,17.482349,0.467979,1.000000,2.000000,1.000000
8.000000,57.000000,370.236267,106.340355,49.999138,18.002094,0.248902,1.000000,2.000000,1.000000
8.000000,58.000000,279.404083,212.434631,68.848923,13.593740,0.231344,1.000000,2.000000,1.000000
8.000000,59.000000,183.571884,190.265274,34.386227,11.382751,0.174115,1.000000,2.000000,1.000000
8.000000,60.000000,222.722046,199.839798,46.173199,14.554771,0.273175,1.000000,2.000000,1.000000
8.000000,61.000000,332.238464,221.095917,33.330040,11.401585,0.239191,1.000000,2.000000,1.000000
8.000000,62.000000,367.530518,228.869415,36.283474,13.139213,0.162517,1.000000,2.000000,1.000000
8.000000,63.000000,409.226654,219.409012,51.185608,14.316453,0.162457,1.000000,2.000000,1.000000
8.000000,64.000000,410.974915,197.834961,39.629276,14.783242,0.203674,1.000000,2.000000,1.000000
8.000000,65.000000,418.505493,177.612946,44.147133,15.288064,0.193577,1.000000,2.000000,1.000000
8.000000,66.000000,422.105682,158.421936,44.645809,15.517912,0.193622,1.000000,2.000000,1.000000
8.000000,67.000000,427.189331,139.657700,36.401234,16.483875,0.243428,1.000000,2.000000,1.000000
8.000000,68.000000,427.600739,115.204506,34.381439,14.557502,0.231319,1.000000,2.000000,1.000000
8.000000,69.000000,437.466217,96.848022,43.304173,15.801167,0.249814,1.000000,2.000000,1.000000
8.000000,70.000000,451.088043,50.509659,53.366375,15.738796,0.192036,1.000000,2.000000,1.000000
8.000000,71.000000,454.046448,27.227100,52.435711,20.863657,0.219463,1.000000,2.000000,1.000000
8.000000,72.000000,342.446411,198.227448,69.501144,14.536558,0.185367,1.000000,2.000000,1.000000
8.000000,73.000000,347.675476,176.029755,65.125191,15.771893,0.217628,1.000000,2.000000,1.000000
8.000000,74.000000,350.353333,152.422668,71.466576,19.198660,0.227536,1.000000,2.000000,1.000000
8.000000,75.000000,853.070068,302.472046,46.009968,15.998273,3.128431,1.000000,2.000000,1.000000
8.000000,76.000000,1003.952026,461.028412,38.158474,19.024693,0.003552,1.000000,2.000000,1.000000
8.000000,77.000000,1005.986572,396.755798,34.026855,16.954193,-0.000000,1.000000,2.000000,1.000000
8.000000,78.000000,1005.466431,208.592804,35.507755,12.000254,3.106686,1.000000,2.000000,1.000000
8.000000,79.000000,1006.565430,481.097809,33.026203,13.973353,3.130501,1.000000,2.000000,1.000000
8.000000,80.000000,1008.426575,502.009949,29.295382,13.971586,3.131084,1.000000,2.000000,1.000000
8.000000,81.000000,1011.183838,521.320862,24.055168,13.951853,0.029550,1.000000,2.000000,1.000000
8.000000,82.000000,1006.779480,541.090576,32.635212,14.019276,3.127967,1.000000,2.000000,1.000000
8.000000,83.000000,996.315918,597.148621,54.099174,19.999733,3.106686,1.000000,2.000000,1.000000
8.000000,84.000000,1003.368774,561.556824,39.262505,15.989317,3.141593,1.000000,2.000000,1.000000
8.000000,85.000000,822.966187,305.021179,601.306213,131.034561,1.557515,1.000000,8.000000,1.000000
8.000000,86.000000,674.226562,473.205139,288.578522,79.649887,1.040996,1.000000,8.000000,1.000000
8.000000,87.000000,631.096130,87.898422,236.904434,78.539711,2.039950,1.000000,8.000000,1.000000
8.000000,88.000000,402.951935,109.314514,215.129608,124.403259,1.775231,1.000000,8.000000,1.000000
8.000000,89.000000,220.180527,84.906586,187.359482,67.649200,1.774377,1.000000,8.000000,1.000000
8.000000,90.000000,616.827332,353.347321,52.322193,23.703579,2.642947,1.000000,2.000000,1.000000
8.000000,91.000000,616.780945,375.484955,32.694622,12.477634,2.697777,1.000000,2.000000,1.000000
8.000000,92.000000,622.002869,392.250336,35.848694,13.389840,2.705444,1.000000,2.000000,1.000000
8.000000,93.000000,631.916443,407.251251,34.665314,12.974272,2.775585,1.000000,2.000000,1.000000
8.000000,94.000000,640.823914,422.007507,34.884720,14.760887,2.630239,1.000000,2.000000,1.000000
8.000000,95.000000,649.989380,437.638611,30.184277,13.376983,2.719828,1.000000,2.000000,1.000000
8.000000,96.000000,658.138367,452.064148,35.340992,14.800033,2.668298,1.000000,2.000000,1.000000
8.000000,97.000000,672.425537,483.500458,31.294266,16.551626,2.670018,1.000000,2.000000,1.000000
8.000000,98.000000,683.220703,498.479218,31.385439,16.155706,2.714346,1.000000,2.000000,1.000000
8.000000,99.000000,689.813599,513.434082,32.310787,14.299427,2.726203,1.000000,2.000000,1.000000
8.000000,100.000000,699.342651,529.422852,34.540096,13.926687,2.720785,1.000000,2.000000,1.000000
8.000000,101.000000,706.760254,544.723145,28.381664,12.513262,2.659174,1.000000,2.000000,1.000000
8.000000,102.000000,714.813843,560.450623,34.434349,16.100964,2.642982,1.000000,2.000000,1.000000
8.000000,103.000000,724.296570,576.932312,38.012272,13.863927,2.642968,1.000000,2.000000,1.000000
8.000000,104.000000,667.196838,538.946228,35.340996,12.507215,1.097565,1.000000,2.000000,1.000000
8.000000,105.000000,640.477966,495.930450,34.885136,13.414495,1.059416,1.000000,2.000000,1.000000
8.000000,106.000000,615.289551,446.856110,33.362831,12.031480,1.016790,1.000000,2.000000,1.000000
8.000000,107.000000,571.599487,384.841095,25.940346,11.627560,1.072091,1.000000,2.000000,1.000000
8.000000,108.000000,170.960999,129.612335,25.709764,13.340680,1.771421,1.000000,2.000000,1.000000
8.000000,109.000000,177.520126,100.121399,26.563459,12.016868,1.857828,1.000000,2.000000,1.000000
8.000000,110.000000,183.416077,71.199013,31.624641,12.649017,1.857599,1.000000,2.000000,1.000000
