0	1.000000	0.000000	0.000000	0.000000	1.000000	0.000000	
1	1.003002	0.000163	-0.481384	-0.000163	1.003002	0.634048	
2	1.003711	-0.000563	-0.205048	0.000563	1.003711	-1.035179	
3	1.003195	0.001322	-0.094940	-0.001322	1.003195	-1.678604	
4	1.004122	0.005000	-0.856201	-0.005000	1.004122	-0.411804	
5	1.006346	0.005043	-0.814636	-0.005043	1.006346	-4.234879	
6	1.003278	-0.001728	-3.527802	0.001728	1.003278	0.877594	
7	1.004178	-0.005015	-6.054581	0.005015	1.004178	6.074036	
8	1.003587	0.002295	-2.483093	-0.002295	1.003587	-1.524689	
9	1.007108	0.005373	-4.221313	-0.005373	1.007108	-5.306213	
10	1.006211	-0.000989	-7.486725	0.000989	1.006211	0.585663	
11	1.005270	-0.004680	-4.667572	0.004680	1.005270	-2.302383	
12	1.009495	-0.006764	-5.450470	0.006764	1.009495	-6.876984	
13	1.003449	0.004354	0.744293	-0.004354	1.003449	-1.398682	
14	1.001744	0.006490	-0.906708	-0.006490	1.001744	5.640091	
15	1.004565	0.003443	-1.791016	-0.003443	1.004565	-0.362076	
16	1.003760	-0.002200	-1.997162	0.002200	1.003760	-1.050476	
17	1.002618	-0.005417	-1.161346	0.005417	1.002618	2.013336	
18	1.002340	0.004217	1.195007	-0.004217	1.002340	0.025375	
19	1.005900	0.002871	2.087891	-0.002871	1.005900	-2.547424	
20	1.003407	0.000029	1.532288	-0.000029	1.003407	-1.348373	
21	1.003142	-0.002067	4.337738	0.002067	1.003142	-1.561966	
22	1.004405	0.000724	4.439301	-0.000724	1.004405	-1.222382	
23	1.001078	0.001041	4.749359	-0.001041	1.001078	2.242447	
24	1.002128	0.002362	4.609192	-0.002362	1.002128	3.342773	
25	1.006576	0.007876	4.555206	-0.007876	1.006576	1.539017	
26	1.003534	0.007517	3.262604	-0.007517	1.003534	4.580688	
27	1.002421	0.005148	3.520554	-0.005148	1.002421	-2.145370	
28	1.002624	0.001093	2.306549	-0.001093	1.002624	0.067734	
29	1.001933	-0.004282	2.525238	0.004282	1.001933	3.230484	
30	1.003412	0.000342	2.156464	-0.000342	1.003412	-3.793472	
31	1.006063	0.006183	2.275116	-0.006183	1.006063	-0.613876	
32	1.002114	0.002884	3.269531	-0.002884	1.002114	0.985214	
33	1.001729	0.000791	1.421722	-0.000791	1.001729	4.658600	
34	1.002241	-0.002234	2.870178	0.002234	1.002241	-1.033081	
35	1.005591	-0.002224	4.903687	0.002224	1.005591	-3.147125	
36	1.000404	0.001592	5.543762	-0.001592	1.000404	2.836548	
37	1.004866	-0.001821	10.161133	0.001821	1.004866	-5.815887	
38	1.002433	-0.001245	4.522034	0.001245	1.002433	-1.158142	
39	0.997668	0.000113	12.002502	-0.000113	0.997668	2.250320	
40	1.014099	0.014885	8.528778	-0.014885	1.014099	1.133018	
41	0.999558	0.006203	11.130524	-0.006203	0.999558	1.119781	
42	1.013269	-0.000531	6.239990	0.000531	1.013269	-2.945198	
43	1.001783	-0.000880	4.525528	0.000880	1.001783	-0.607361	
44	1.012091	0.006051	6.479401	-0.006051	1.012091	1.609970	
45	1.011963	0.008471	4.324829	-0.008471	1.011963	-1.951752	
46	1.005983	0.001140	2.275818	-0.001140	1.005983	-2.417465	
47	1.007367	-0.003767	2.397614	0.003767	1.007367	-0.399719	
48	1.006184	0.001634	4.815948	-0.001634	1.006184	-2.222275	
49	1.001812	0.006069	3.340454	-0.006069	1.001812	4.441284	
50	1.008512	0.013638	2.875153	-0.013638	1.008512	0.941559	
51	1.004138	0.002671	-0.336426	-0.002671	1.004138	-1.959869	
52	1.002589	0.003195	-2.206665	-0.003195	1.002589	2.860077	
53	1.004357	-0.002130	-4.614807	0.002130	1.004357	-5.914154	
54	1.002549	-0.003906	-5.166351	0.003906	1.002549	-5.387817	
55	1.008988	-0.008589	-8.745102	0.008589	1.008988	-7.659515	
56	1.003048	-0.007907	-3.689667	0.007907	1.003048	-0.867966	
57	1.000743	-0.003968	-3.926941	0.003968	1.000743	5.965210	
58	1.008966	0.003394	-1.180359	-0.003394	1.008966	-4.986465	
59	1.002366	-0.000273	-1.285797	0.000273	1.002366	0.183258	
60	1.005759	0.004933	0.262665	-0.004933	1.005759	2.282394	
61	1.006516	0.005945	0.354828	-0.005945	1.006516	-4.147385	
62	1.005284	0.006911	-2.674988	-0.006911	1.005284	2.281067	
63	1.002040	-0.003690	-1.698029	0.003690	1.002040	-1.321518	
64	1.008614	-0.005933	-5.733276	0.005933	1.008614	-4.207153	
65	1.004426	-0.001844	-2.560379	0.001844	1.004426	0.483093	
66	1.003794	0.000872	-0.841919	-0.000872	1.003794	-0.569427	
67	1.006907	0.005295	-3.209824	-0.005295	1.006907	-2.504105	
68	1.002394	0.002739	-1.067459	-0.002739	1.002394	2.722107	
69	1.001925	0.003086	-3.257034	-0.003086	1.001925	9.545990	
70	1.004673	-0.017140	-4.795990	0.017140	1.004673	0.233292	
71	1.006222	-0.008400	-0.427277	0.008400	1.006222	-11.443130	
72	1.004423	0.011973	5.621994	-0.011973	1.004423	-11.627335	
73	0.999166	0.014513	-4.418915	-0.014513	0.999166	17.496536	
74	1.007532	-0.001745	-3.856781	0.001745	1.007532	-9.194458	
75	1.007596	0.000775	-2.710983	-0.000775	1.007596	-15.930847	
76	1.001945	0.006170	-6.181763	-0.006170	1.001945	7.319260	
77	0.999479	-0.007473	1.769592	0.007473	0.999479	6.359711	
78	1.003740	0.003332	-3.432373	-0.003332	1.003740	0.225494	
79	1.009417	-0.004539	-7.226654	0.004539	1.009417	-6.953430	
80	1.000247	-0.004873	-2.056946	0.004873	1.000247	3.559128	
81	1.001509	-0.010314	-0.993835	0.010314	1.001509	3.007339	
82	1.004671	0.000507	2.507477	-0.000507	1.004671	-1.346161	
83	1.006596	0.006111	1.359039	-0.006111	1.006596	1.992813	
84	1.003649	0.004079	2.687775	-0.004079	1.003649	-4.654297	
85	1.007432	0.009153	-0.382935	-0.009153	1.007432	-1.007507	
86	1.004970	-0.002009	-1.841583	0.002009	1.004970	-1.823990	
87	1.005455	-0.006292	-2.344788	0.006292	1.005455	-6.080719	
88	1.003205	-0.002732	-1.811798	0.002732	1.003205	-1.760773	
89	1.005743	0.001125	-1.052399	-0.001125	1.005743	1.956314	
90	1.003236	-0.002201	-0.553619	0.002201	1.003236	-1.752457	
91	1.004055	-0.004747	-1.644989	0.004747	1.004055	0.272873	
92	1.006662	0.003502	0.705902	-0.003502	1.006662	-1.897339	
93	1.007705	0.009116	1.383209	-0.009116	1.007705	-1.927628	
94	1.008118	0.010535	-2.631409	-0.010535	1.008118	-0.381744	
95	1.001726	-0.002915	-3.660339	0.002915	1.001726	-1.302628	
96	1.003856	-0.011178	-4.587433	0.011178	1.003856	-6.329468	
97	1.002516	-0.006495	-3.534912	0.006495	1.002516	-1.531097	
98	0.998941	-0.004635	-0.210938	0.004635	0.998941	-1.938797	
99	1.004714	-0.003967	-7.334015	0.003967	1.004714	-2.453506	
100	1.001413	-0.000655	-2.149536	0.000655	1.001413	-0.455124	
101	0.995871	0.000189	-3.028625	-0.000189	0.995871	1.624649	
102	1.000900	-0.000639	-3.464996	0.000639	1.000900	-1.410110	
103	1.000900	-0.000639	-3.464996	0.000639	1.000900	-1.410110	
104	1.000900	-0.000639	-3.464996	0.000639	1.000900	-1.410110	
105	1.000900	-0.000639	-3.464996	0.000639	1.000900	-1.410110	
106	1.000900	-0.000639	-3.464996	0.000639	1.000900	-1.410110	
107	1.009674	-0.004495	-8.131737	0.004495	1.009674	-3.165207	
108	1.011715	-0.008263	-10.468567	0.008263	1.011715	-2.969490	
109	1.006421	-0.001226	-4.955574	0.001226	1.006421	-1.184692	
110	1.013007	-0.001416	-8.964890	0.001416	1.013007	-3.534683	
111	1.005606	-0.003371	-8.070084	0.003371	1.005606	0.043510	
112	1.005606	-0.003371	-8.070084	0.003371	1.005606	0.043510	
113	1.005252	-0.000821	-5.481720	0.000821	1.005252	-0.562210	
114	1.006861	-0.006301	-9.004990	0.006301	1.006861	-2.026737	
115	1.004184	-0.001250	-3.870300	0.001250	1.004184	-0.840393	
116	1.004184	-0.001250	-3.870300	0.001250	1.004184	-0.840393	
117	1.002012	0.000717	-3.487747	-0.000717	1.002012	-0.329567	
118	0.998183	0.000678	-2.375336	-0.000678	0.998183	-0.080292	
119	1.007493	-0.000143	-6.763367	0.000143	1.007493	-1.749023	
120	1.002472	-0.001882	-2.836258	0.001882	1.002472	-0.887924	
121	1.005166	-0.000269	-4.365234	0.000269	1.005166	-1.609596	
122	1.002279	-0.000125	-1.921829	0.000125	1.002279	0.630692	
123	0.997581	0.003685	0.056030	-0.003685	0.997581	1.855072	
124	1.002769	0.000971	-2.607208	-0.000971	1.002769	-0.939674	
125	1.001154	-0.000156	-1.323456	0.000156	1.001154	-0.474663	
126	1.004970	0.001943	-3.552979	-0.001943	1.004970	1.171936	
127	1.001577	-0.000122	-0.681427	0.000122	1.001577	-0.466446	
128	1.002820	0.000288	-2.040100	-0.000288	1.002820	-1.332886	
129	1.002264	-0.000618	-1.843414	0.000618	1.002264	-1.402664	
130	1.001090	-0.002731	-3.029724	0.002731	1.001090	-0.520844	
131	1.001396	-0.001232	-1.412811	0.001232	1.001396	-1.275757	
132	1.002070	-0.001456	-2.098053	0.001456	1.002070	-1.429497	
133	1.002256	-0.000507	-2.097839	0.000507	1.002256	-0.654419	
134	1.003385	-0.003784	-3.606750	0.003784	1.003385	-3.034554	
135	0.999096	-0.001110	-1.013351	0.001110	0.999096	0.023399	
136	1.003889	-0.002433	-2.863571	0.002433	1.003889	-1.858948	
137	1.004217	-0.000816	-3.558823	0.000816	1.004217	-0.707466	
138	1.004217	-0.000816	-3.558823	0.000816	1.004217	-0.707466	
139	1.004217	-0.000816	-3.558823	0.000816	1.004217	-0.707466	
140	1.000599	-0.001551	-1.648407	0.001551	1.000599	-0.123032	
141	1.002033	-0.003252	-2.028076	0.003252	1.002033	-1.776924	
142	1.001457	-0.000546	-2.023163	0.000546	1.001457	0.182617	
143	1.001738	0.001313	-1.410278	-0.001313	1.001738	-0.490234	
144	1.002345	0.000054	-4.135071	-0.000054	1.002345	0.311310	
145	1.001622	-0.001108	-2.042572	0.001108	1.001622	-0.121582	
146	1.002360	-0.002613	-2.915405	0.002613	1.002360	-2.938354	
147	1.002179	-0.000809	-2.281464	0.000809	1.002179	-0.776474	
148	1.001800	0.000976	-1.581238	-0.000976	1.001800	-0.710098	
149	0.997674	0.000784	-1.302307	-0.000784	0.997674	-0.276398	
150	0.998439	-0.002351	-1.479401	0.002351	0.998439	-0.542160	
151	0.998439	-0.002351	-1.479401	0.002351	0.998439	-0.542160	
152	1.005552	-0.001875	-3.903687	0.001875	1.005552	-2.090576	
153	1.006160	-0.001905	-3.139130	0.001905	1.006160	0.178535	
154	1.005229	-0.012748	-3.158722	0.012748	1.005229	-3.720596	
155	1.001708	-0.002707	-1.035309	0.002707	1.001708	-4.456192	
156	1.009757	-0.002046	-0.433533	0.002046	1.009757	-11.170944	
157	0.997833	0.005819	-0.927460	-0.005819	0.997833	9.760529	
158	1.008143	-0.003192	4.004608	0.003192	1.008143	-8.312576	
159	1.002985	0.003343	-0.223785	-0.003343	1.002985	-0.525803	
160	0.997654	-0.009545	1.004150	0.009545	0.997654	4.692581	
161	1.000205	-0.009610	7.963715	0.009610	1.000205	2.750763	
162	1.002016	0.001739	2.430725	-0.001739	1.002016	5.767044	
163	1.010165	0.008653	7.138123	-0.008653	1.010165	0.821198	
164	1.003724	0.003509	2.960052	-0.003509	1.003724	1.273407	
165	1.007630	0.006015	5.032135	-0.006015	1.007630	2.212936	
166	1.009562	0.004886	4.197174	-0.004886	1.009562	-0.794968	
167	1.009701	0.023924	12.583801	-0.023924	1.009701	9.862740	
168	1.002361	0.007783	8.745361	-0.007783	1.002361	1.877151	
169	1.021667	0.005249	8.710388	-0.005249	1.021667	-6.374466	
170	1.009852	-0.001427	11.522522	0.001427	1.009852	-3.410461	
171	0.999643	0.000533	14.852966	-0.000533	0.999643	5.937668	
172	0.999643	0.000533	14.852966	-0.000533	0.999643	5.937668	
173	0.994199	0.014260	15.638000	-0.014260	0.994199	2.231255	
174	0.994199	0.014260	15.638000	-0.014260	0.994199	2.231255	
175	0.993694	0.002295	21.133499	-0.002295	0.993694	-0.913345	
176	1.003954	0.007028	17.626556	-0.007028	1.003954	0.045036	
177	1.003954	0.007028	17.626556	-0.007028	1.003954	0.045036	
178	1.004689	0.007392	13.961853	-0.007392	1.004689	0.167404	
179	1.004689	0.007392	13.961853	-0.007392	1.004689	0.167404	
180	0.997593	-0.009143	11.837997	0.009143	0.997593	2.019714	
181	1.003725	0.005914	25.231079	-0.005914	1.003725	-8.181976	
182	1.000791	0.008979	8.956268	-0.008979	1.000791	2.245712	
183	1.000007	-0.000501	16.072479	0.000501	1.000007	3.012115	
184	1.005581	-0.000464	10.413513	0.000464	1.005581	-3.542404	
185	0.991728	-0.001255	15.418320	0.001255	0.991728	0.727524	
186	0.991999	0.010684	15.465240	-0.010684	0.991999	0.417450	
187	0.998371	0.005017	9.762573	-0.005017	0.998371	-4.657486	
188	1.009668	0.002867	9.736420	-0.002867	1.009668	-3.064957	
189	0.998821	-0.002516	3.856140	0.002516	0.998821	1.671341	
190	1.002838	-0.000170	5.895142	0.000170	1.002838	1.389252	
191	0.999948	0.004013	7.769547	-0.004013	0.999948	-2.303345	
192	1.004113	0.001886	1.270172	-0.001886	1.004113	-2.154007	
193	1.005265	-0.006805	-2.266785	0.006805	1.005265	-4.576172	
194	1.004983	-0.002894	1.560394	0.002894	1.004983	-5.177139	
195	1.002017	0.001147	1.917053	-0.001147	1.002017	-4.721741	
196	1.002687	0.002155	5.342743	-0.002155	1.002687	-7.067215	
197	1.000832	0.002647	-1.914215	-0.002647	1.000832	17.144119	
198	0.999679	-0.005380	3.079071	0.005380	0.999679	3.234924	
199	1.001517	0.000740	1.162231	-0.000740	1.001517	5.567673	
200	1.002251	-0.001487	6.149139	0.001487	1.002251	5.291885	
201	1.001763	0.001009	-1.971771	-0.001009	1.001763	5.041519	
202	1.006958	-0.003584	0.868073	0.003584	1.006958	7.656937	
203	1.004525	-0.003784	-3.831116	0.003784	1.004525	-4.760239	
204	1.008166	-0.004087	-3.422089	0.004087	1.008166	-7.486084	
205	1.001578	-0.007841	-1.057617	0.007841	1.001578	0.908951	
206	1.005345	-0.005145	-0.166321	0.005145	1.005345	-2.391312	
207	1.004405	0.000489	1.160736	-0.000489	1.004405	-1.719391	
208	1.008209	-0.001871	2.268768	0.001871	1.008209	-2.423676	
209	1.003027	-0.002990	0.428986	0.002990	1.003027	-1.245758	
210	1.005062	-0.007187	0.794281	0.007187	1.005062	-1.990219	
211	1.004697	-0.000305	0.839447	0.000305	1.004697	1.018784	
212	1.006359	0.004740	-0.532745	-0.004740	1.006359	-0.664200	
213	1.006455	0.003047	-6.312439	-0.003047	1.006455	-1.442764	
214	1.003112	-0.003330	-5.001007	0.003330	1.003112	-2.271530	
215	0.999597	-0.006015	-9.808960	0.006015	0.999597	-3.205414	
216	0.999099	-0.007376	-11.812164	0.007376	0.999099	-6.797379	
217	1.002725	-0.001957	-12.916504	0.001957	1.002725	-5.968765	
218	0.999186	-0.001805	-19.498016	0.001805	0.999186	-1.648499	
219	1.000371	0.000727	-8.410156	-0.000727	1.000371	1.006989	
220	1.002424	0.004470	-11.602875	-0.004470	1.002424	-1.403687	
221	1.002338	0.001155	-8.208649	-0.001155	1.002338	-0.278198	
222	1.004367	-0.005361	-14.354156	0.005361	1.004367	-3.391907	
223	1.003969	-0.002405	-7.558258	0.002405	1.003969	-1.750092	
224	1.006792	0.000716	-9.524597	-0.000716	1.006792	-2.972122	
225	1.007770	0.001688	-9.685516	-0.001688	1.007770	-4.698654	
226	1.003063	-0.001214	-7.946564	0.001214	1.003063	-1.751663	
227	1.006446	-0.004378	-11.565491	0.004378	1.006446	-3.734558	
228	1.003169	-0.002826	-6.171631	0.002826	1.003169	-0.738007	
229	1.006210	-0.000425	-8.383698	0.000425	1.006210	-1.968170	
230	1.005620	0.000497	-8.274200	-0.000497	1.005620	0.350464	
231	1.005906	-0.000062	-6.075684	0.000062	1.005906	-1.603546	
232	1.004685	0.002275	-2.141754	-0.002275	1.004685	-2.056229	
233	1.005950	0.001168	-0.128128	-0.001168	1.005950	-1.066940	
234	1.003706	-0.000145	0.274750	0.000145	1.003706	-1.528183	
235	1.006473	0.000793	1.398178	-0.000793	1.006473	-2.947479	
236	1.006673	-0.002143	0.434616	0.002143	1.006673	-0.283066	
237	1.003570	-0.002181	0.506958	0.002181	1.003570	-0.410629	
238	1.007362	0.000582	0.360779	-0.000582	1.007362	-0.808289	
239	1.003295	0.002944	-1.183823	-0.002944	1.003295	3.705078	
240	1.002624	-0.001719	-1.907349	0.001719	1.002624	-1.237274	
241	1.007489	0.000656	-5.623505	-0.000656	1.007489	-4.162712	
242	1.008262	-0.000392	-8.324860	0.000392	1.008262	1.082214	
243	1.007033	0.002276	-7.729584	-0.002276	1.007033	-2.313843	
244	1.008991	-0.002853	-10.715668	0.002853	1.008991	-3.617538	
245	1.011068	-0.006600	-14.354279	0.006600	1.011068	-1.988586	
246	1.008034	-0.002331	-10.498444	0.002331	1.008034	-5.037460	
247	1.010684	0.007567	-13.326782	-0.007567	1.010684	-2.281281	
248	1.005112	0.003799	-5.519928	-0.003799	1.005112	1.149963	
249	1.016086	0.000971	-12.680450	-0.000971	1.016086	-6.690414	
250	1.008075	-0.000974	-8.134430	0.000974	1.008075	-3.594818	
251	1.007675	0.000960	-5.905197	-0.000960	1.007675	-1.398834	
252	1.006352	0.002013	-4.422485	-0.002013	1.006352	-1.860443	
253	1.005694	-0.000401	-4.047531	0.000401	1.005694	-0.812302	
254	1.010682	0.000282	-5.432739	-0.000282	1.010682	-1.580215	
255	1.003697	-0.001550	-1.405487	0.001550	1.003697	-2.033264	
256	1.004996	0.002269	-1.815186	-0.002269	1.004996	0.698715	
257	1.002210	0.004165	1.087753	-0.004165	1.002210	1.500839	
258	0.999095	0.003339	2.449036	-0.003339	0.999095	-0.869461	
259	1.008970	0.002408	1.318069	-0.002408	1.008970	-0.927322	
260	1.001548	-0.001306	2.268448	0.001306	1.001548	-0.556305	
261	1.001114	-0.004188	4.830246	0.004188	1.001114	-1.307297	
262	0.992899	-0.001098	9.028259	0.001098	0.992899	1.145920	
263	1.005593	-0.000508	4.849182	0.000508	1.005593	-1.326492	
264	1.001831	-0.001337	8.754684	0.001337	1.001831	-0.130615	
265	0.991613	0.002073	8.012054	-0.002073	0.991613	4.073578	
266	0.986466	0.007933	15.706230	-0.007933	0.986466	1.513290	
267	0.999048	0.001870	4.136627	-0.001870	0.999048	0.792511	
268	0.994785	-0.000497	8.053528	0.000497	0.994785	1.856613	
269	0.997132	-0.001043	7.654449	0.001043	0.997132	-1.483917	
270	0.998280	-0.003977	4.540634	0.003977	0.998280	0.290482	
271	0.998803	-0.001929	5.291138	0.001929	0.998803	0.332245	
272	0.992987	0.001181	11.692291	-0.001181	0.992987	1.521362	
273	0.998019	0.004484	6.161499	-0.004484	0.998019	2.568024	
274	0.989609	-0.000060	14.060333	0.000060	0.989609	4.336288	
275	0.998671	0.000179	10.712921	-0.000179	0.998671	-0.294525	
276	0.998137	0.000365	9.506470	-0.000365	0.998137	-0.431290	
277	0.991470	-0.000041	17.598648	0.000041	0.991470	0.769775	
278	0.999824	0.000024	7.391220	-0.000024	0.999824	-2.637268	
279	1.000206	-0.001740	10.217499	0.001740	1.000206	1.100235	
280	1.000576	-0.002678	9.110886	0.002678	1.000576	-0.274750	
281	0.999887	0.000811	6.419434	-0.000811	0.999887	0.600204	
282	0.998362	0.002746	7.170807	-0.002746	0.998362	3.595917	
283	1.002359	0.001504	-0.200012	-0.001504	1.002359	1.973267	
284	1.007052	-0.001101	-1.211060	0.001101	1.007052	-4.732758	
285	1.004480	-0.002697	-3.266907	0.002697	1.004480	-1.105621	
286	1.005365	0.001163	-2.840210	-0.001163	1.005365	-2.445663	
287	1.006600	0.002173	-4.395081	-0.002173	1.006600	-3.416733	
288	1.003633	-0.000954	-3.105682	0.000954	1.003633	-0.594833	
289	1.005890	-0.004648	-4.182922	0.004648	1.005890	-3.032822	
290	1.004367	-0.002879	-3.320129	0.002879	1.004367	0.313629	
291	1.002995	0.001196	-0.442841	-0.001196	1.002995	-1.341751	
292	1.001307	0.004004	-0.830627	-0.004004	1.001307	3.545700	
293	1.003319	0.000894	-0.795471	-0.000894	1.003319	-1.021378	
294	1.001798	-0.002270	-1.534088	0.002270	1.001798	-1.491592	
295	1.004035	0.001828	1.438995	-0.001828	1.004035	-1.280273	
296	1.001396	0.003316	3.954437	-0.003316	1.001396	0.107834	
297	1.002801	-0.000417	3.221954	0.000417	1.002801	-0.857925	
298	1.004324	-0.003010	0.940857	0.003010	1.004324	-0.416519	
299	1.005490	-0.004060	2.275391	0.004060	1.005490	-2.327896	
300	1.004096	-0.000216	0.477966	0.000216	1.004096	-1.627136	
301	1.004407	0.002325	0.324371	-0.002325	1.004407	-1.447235	
302	1.002362	0.001162	-3.847198	-0.001162	1.002362	3.301163	
303	1.003249	-0.001221	-4.396149	0.001221	1.003249	-1.284195	
304	1.003387	-0.002021	-4.557861	0.002021	1.003387	-1.155182	
305	1.004672	0.002909	-4.388275	-0.002909	1.004672	-0.024658	
306	1.003620	0.004738	-0.476044	-0.004738	1.003620	0.980804	
307	1.001468	0.002556	0.220917	-0.002556	1.001468	-0.222137	
308	1.007337	-0.003927	-2.487610	0.003927	1.007337	-3.366241	
309	1.002568	-0.003463	-1.016663	0.003463	1.002568	-1.319077	
310	1.003537	0.001583	2.090851	-0.001583	1.003537	-1.266663	
311	1.000088	0.002593	2.329742	-0.002593	1.000088	1.495102	
312	1.006078	0.002276	1.813385	-0.002276	1.006078	-0.047241	
313	1.008087	-0.000619	1.269073	0.000619	1.008087	-2.030396	
314	1.007360	0.000792	1.328430	-0.000792	1.007360	-0.088394	
315	1.000550	0.002856	5.463760	-0.002856	1.000550	-0.736389	
316	1.003330	-0.000666	0.480469	0.000666	1.003330	-2.554794	
317	1.004717	-0.005012	0.248871	0.005012	1.004717	-1.093307	
318	1.002651	-0.002023	0.724884	0.002023	1.002651	-1.690338	
319	1.004410	0.000964	1.172455	-0.000964	1.004410	-1.159912	
320	1.003602	0.005786	1.227142	-0.005786	1.003602	1.767456	
321	1.003292	0.002030	-1.195129	-0.002030	1.003292	0.491669	
322	1.010838	-0.001133	-5.873260	0.001133	1.010838	-3.030304	
323	1.002830	0.000052	-1.528763	-0.000052	1.002830	-0.679428	
324	1.009500	0.001761	-3.690186	-0.001761	1.009500	-1.955154	
325	1.005382	0.002262	-3.661102	-0.002262	1.005382	-1.384064	
326	1.011097	-0.004453	-6.073486	0.004453	1.011097	-5.385216	
327	1.010039	-0.006922	-6.066360	0.006922	1.010039	-0.542801	
328	1.002666	-0.000832	-1.719177	0.000832	1.002666	-0.228989	
329	1.006185	-0.000336	-1.802429	0.000336	1.006185	-2.368149	
330	1.006113	0.003953	-2.642059	-0.003953	1.006113	-0.101517	
331	1.003276	0.001703	-2.348541	-0.001703	1.003276	0.027863	
332	1.002708	-0.002549	-3.040466	0.002549	1.002708	-1.307678	
333	1.001296	-0.001208	-1.194489	0.001208	1.001296	-0.304214	
334	1.003721	-0.002168	-1.967560	0.002168	1.003721	-2.551743	
335	1.002216	-0.001826	-1.276001	0.001826	1.002216	-2.175735	
336	1.002118	-0.000589	-0.271179	0.000589	1.002118	-1.774841	
337	1.001618	-0.000118	0.764862	0.000118	1.001618	-0.120163	
338	1.002709	-0.001986	-0.261322	0.001986	1.002709	-0.331223	
339	1.004596	-0.003334	2.044312	0.003334	1.004596	-2.642868	
340	1.001238	0.000578	2.525681	-0.000578	1.001238	0.344299	
341	1.000174	0.002875	4.550598	-0.002875	1.000174	0.462341	
342	0.998830	0.003078	4.062744	-0.003078	0.998830	3.978806	
343	1.004368	0.001609	2.286041	-0.001609	1.004368	-0.220764	
344	1.000325	0.000970	4.574249	-0.000970	1.000325	0.563278	
345	1.000765	0.000181	2.725754	-0.000181	1.000765	0.181305	
346	1.003717	0.002786	5.154053	-0.002786	1.003717	-4.152039	
347	1.002534	-0.001363	1.506165	0.001363	1.002534	-0.478058	
348	1.003334	-0.004186	5.134338	0.004186	1.003334	0.337921	
349	1.001811	0.000093	2.841888	-0.000093	1.001811	-0.680557	
350	0.999526	0.001709	7.252548	-0.001709	0.999526	1.019821	
351	1.000205	0.004596	5.553894	-0.004596	1.000205	2.045975	
352	1.001499	0.000595	6.200500	-0.000595	1.001499	0.376785	
353	1.001571	-0.000789	1.118439	0.000789	1.001571	-0.607742	
354	1.003103	-0.000017	2.936768	0.000017	1.003103	-0.282669	
355	1.003054	0.004880	5.165466	-0.004880	1.003054	-2.747284	
356	1.003059	0.001106	-0.099487	-0.001106	1.003059	-2.193970	
357	1.003708	-0.001453	-1.187927	0.001453	1.003708	0.296188	
358	1.002454	-0.001088	0.075134	0.001088	1.002454	-0.258087	
359	1.006061	0.001361	-0.084045	-0.001361	1.006061	-1.655960	
360	1.002623	0.003415	0.500427	-0.003415	1.002623	1.706573	
361	1.005393	0.002084	-3.853607	-0.002084	1.005393	2.074646	
362	1.005166	-0.003676	-4.461639	0.003676	1.005166	-5.582062	
363	1.003103	-0.000746	-4.227692	0.000746	1.003103	1.186691	
364	1.002783	0.001965	-3.020477	-0.001965	1.002783	-0.694504	
365	1.006560	0.001199	-5.245728	-0.001199	1.006560	-3.089615	
366	1.002716	-0.001622	-3.250580	0.001622	1.002716	1.151352	
367	1.003660	-0.004951	-4.585571	0.004951	1.003660	-0.131424	
368	1.003246	0.001028	-2.140533	-0.001028	1.003246	-0.182159	
369	1.004859	0.007523	-0.792908	-0.007523	1.004859	1.272522	
370	1.003889	0.001000	-2.218964	-0.001000	1.003889	-0.529404	
371	1.006498	-0.003882	-4.716370	0.003882	1.006498	-4.722794	
372	1.005783	-0.002194	-2.883331	0.002194	1.005783	-2.550064	
373	1.006496	0.002984	-1.350830	-0.002984	1.006496	-1.500519	
374	1.004443	0.002787	-0.781799	-0.002787	1.004443	-1.694107	
375	1.005898	-0.004643	-4.718414	0.004643	1.005898	-1.012451	
376	1.006857	-0.003809	-4.865753	0.003809	1.006857	-3.247696	
377	1.005367	-0.000288	-3.268005	0.000288	1.005367	-1.568634	
378	1.003829	0.003234	-1.541412	-0.003234	1.003829	0.987762	
379	1.005492	0.005613	-2.581329	-0.005613	1.005492	2.959991	
380	1.005287	-0.000963	-2.810669	0.000963	1.005287	-2.574554	
381	1.003326	-0.001099	-2.458527	0.001099	1.003326	-0.009537	
382	1.003769	0.001564	-1.462860	-0.001564	1.003769	0.095642	
383	1.003561	0.002681	-0.360840	-0.002681	1.003561	-2.000916	
384	1.004637	-0.000794	-2.326172	0.000794	1.004637	-2.089371	
385	1.003761	-0.005014	-3.276520	0.005014	1.003761	-1.088211	
386	1.006831	-0.001803	-2.669052	0.001803	1.006831	-2.536453	
387	1.004991	0.002751	-1.228424	-0.002751	1.004991	-0.446487	
388	1.001909	0.004256	0.056610	-0.004256	1.001909	2.210907	
389	1.005187	0.000473	-3.124008	-0.000473	1.005187	-0.044662	
390	1.003925	-0.001963	-2.011749	0.001963	1.003925	-2.188538	
391	1.005715	0.000162	-3.043549	-0.000162	1.005715	-1.594498	
392	1.005016	0.000340	-2.246887	-0.000340	1.005016	-1.938766	
393	1.005851	0.002409	-2.142914	-0.002409	1.005851	-2.401398	
394	1.004397	-0.001518	-1.828766	0.001518	1.004397	-0.558884	
395	1.008017	-0.005279	-1.827148	0.005279	1.008017	-1.780579	
396	1.002042	-0.000912	0.819397	0.000912	1.002042	0.106064	
397	1.001062	0.000948	4.753983	-0.000948	1.001062	1.417816	
398	0.998471	0.004543	6.549042	-0.004543	0.998471	4.506683	
399	0.999183	0.002269	5.564392	-0.002269	0.999183	0.811523	
400	1.001695	-0.000242	6.610260	0.000242	1.001695	-2.149979	
401	1.003003	0.001411	3.190369	-0.001411	1.003003	0.057541	
402	1.008872	0.000906	4.687256	-0.000906	1.008872	-0.744751	
403	1.000733	0.000785	6.641510	-0.000785	1.000733	-0.449066	
404	1.001488	-0.002058	3.839233	0.002058	1.001488	0.920456	
405	1.004264	-0.001722	8.903229	0.001722	1.004264	1.247803	
406	1.010724	0.003611	2.030945	-0.003611	1.010724	-1.197525	
407	1.013544	0.009092	5.234650	-0.009092	1.013544	1.406357	
408	1.000928	0.002836	5.422241	-0.002836	1.000928	1.461304	
409	1.015937	0.000817	3.684082	-0.000817	1.015937	-4.190094	
410	1.016855	0.002842	-1.647736	-0.002842	1.016855	-3.710526	
411	1.006721	0.000903	2.574921	-0.000903	1.006721	-3.114609	
412	1.006365	-0.003230	-2.625519	0.003230	1.006365	-4.449936	
413	1.002224	-0.003157	-4.610260	0.003157	1.002224	-2.095581	
414	1.005078	-0.002576	-14.117554	0.002576	1.005078	-1.682281	
415	1.000745	0.000386	-6.584930	-0.000386	1.000745	-0.041046	
416	0.998900	0.002273	-11.889099	-0.002273	0.998900	1.795685	
417	1.002469	0.003554	-16.340057	-0.003554	1.002469	-0.146255	
418	0.999115	-0.001177	-11.333374	0.001177	0.999115	2.814697	
419	0.999115	-0.001177	-11.333374	0.001177	0.999115	2.814697	
420	1.004779	-0.003116	-10.275635	0.003116	1.004779	-1.939194	
421	1.005419	-0.000865	-14.313324	0.000865	1.005419	-2.628952	
422	1.011681	0.008258	-17.710541	-0.008258	1.011681	-2.571991	
423	1.017985	-0.000019	-20.269135	0.000019	1.017985	-7.113190	
424	1.017985	-0.000019	-20.269135	0.000019	1.017985	-7.113190	
425	1.017985	-0.000019	-20.269135	0.000019	1.017985	-7.113190	
426	1.003331	0.005502	0.067200	-0.005502	1.003331	0.655411	
427	1.002497	0.004194	5.208252	-0.004194	1.002497	2.841385	
428	0.998108	0.000894	9.335876	-0.000894	0.998108	-0.729233	
429	0.999809	0.009993	24.705139	-0.009993	0.999809	8.753632	
430	1.002267	0.004950	14.725586	-0.004950	1.002267	0.689316	
431	0.998000	0.007396	28.584564	-0.007396	0.998000	-1.344284	
432	0.997816	0.002731	19.012451	-0.002731	0.997816	1.632767	
433	0.998008	0.005088	33.817413	-0.005088	0.998008	0.346497	
434	0.997591	0.001790	16.125366	-0.001790	0.997591	0.154968	
435	1.003548	0.001445	25.049500	-0.001445	1.003548	0.315552	
436	1.005991	-0.001806	16.104401	0.001806	1.005991	-2.033859	
437	1.006994	-0.001844	23.550262	0.001844	1.006994	-1.403397	
438	1.004481	-0.000447	9.679413	0.000447	1.004481	-2.468842	
439	1.005993	-0.000556	10.058685	0.000556	1.005993	-0.440369	
440	1.004736	-0.000695	2.781799	0.000695	1.004736	-0.816437	
441	1.003720	-0.001707	-0.895020	0.001707	1.003720	-2.851196	
442	0.998330	0.003261	-3.680695	-0.003261	0.998330	2.460388	
443	1.001663	0.001975	-5.265991	-0.001975	1.001663	-2.488464	
444	0.998530	0.000552	-7.524841	-0.000552	0.998530	0.620392	
445	0.999150	-0.002041	-8.354828	0.002041	0.999150	2.142563	
446	0.998618	-0.000193	-15.907959	0.000193	0.998618	0.956345	
447	0.997263	-0.000686	-7.955750	0.000686	0.997263	-0.142822	
448	0.993041	0.005810	-12.680603	-0.005810	0.993041	5.359116	
449	0.999506	-0.000286	-15.902832	0.000286	0.999506	0.841690	
450	0.993334	-0.000099	-10.486572	0.000099	0.993334	0.563278	
451	0.988728	0.000644	-17.342285	-0.000644	0.988728	2.434479	
452	0.999006	0.000069	-8.875946	-0.000069	0.999006	-0.900146	
453	0.994610	-0.001742	-17.681305	0.001742	0.994610	0.373108	
454	1.004089	-0.003383	-21.605377	0.003383	1.004089	-1.383636	
455	1.000411	-0.000279	-7.500610	0.000279	1.000411	-0.572388	
456	0.999238	0.000279	-13.048096	-0.000279	0.999238	0.137772	
457	1.000054	-0.001009	-11.974518	0.001009	1.000054	1.326614	
458	1.001000	-0.003086	-8.971680	0.003086	1.001000	-2.314468	
459	1.003919	-0.002647	-13.107422	0.002647	1.003919	-4.501343	
460	1.004515	0.001785	-10.458557	-0.001785	1.004515	-1.876602	
461	1.004208	0.001700	-10.058472	-0.001700	1.004208	-0.756134	
462	1.005275	-0.007052	-12.168365	0.007052	1.005275	-4.976349	
463	1.003859	-0.008206	-11.759674	0.008206	1.003859	-2.224808	
464	1.006123	-0.002692	-9.222961	0.002692	1.006123	-3.160431	
465	1.006009	0.002181	-6.582870	-0.002181	1.006009	-0.992691	
466	1.006979	0.007895	-11.153656	-0.007895	1.006979	4.366638	
467	1.004832	0.001356	-4.741623	-0.001356	1.004832	-1.811783	
468	1.008917	0.000178	-10.759109	-0.000178	1.008917	-4.339142	
469	1.006991	-0.001969	-6.965500	0.001969	1.006991	-1.579361	
470	1.009212	-0.000699	-8.589447	0.000699	1.009212	-3.522400	
471	1.002136	-0.000634	-3.196426	0.000634	1.002136	-1.881866	
472	1.005571	-0.003947	-6.126755	0.003947	1.005571	-2.621811	
473	1.005051	-0.002091	-3.050934	0.002091	1.005051	-0.534805	
474	1.002712	-0.002607	-1.166351	0.002607	1.002712	2.800140	
475	1.000794	0.004917	0.547134	-0.004917	1.000794	2.585373	
476	1.001703	0.006345	-0.156982	-0.006345	1.001703	1.834015	
477	1.007425	-0.001276	-5.114044	0.001276	1.007425	-1.500229	
478	1.005050	-0.002908	-3.556641	0.002908	1.005050	-0.914948	
479	1.006753	-0.006160	-4.845215	0.006160	1.006753	-5.124252	
480	1.003667	-0.001817	-2.489960	0.001817	1.003667	-2.414444	
481	1.007310	-0.003215	-4.199844	0.003215	1.007310	-4.682800	
482	1.005394	-0.005397	-5.565002	0.005397	1.005394	-4.146072	
483	1.005484	0.000119	-4.232269	-0.000119	1.005484	-2.326324	
484	1.013190	0.008598	-7.532715	-0.008598	1.013190	1.437973	
485	1.004828	0.001518	-3.698898	-0.001518	1.004828	-1.636963	
486	1.006541	-0.003432	-8.724457	0.003432	1.006541	-4.490067	
487	1.005836	-0.003296	-7.153076	0.003296	1.005836	3.710403	
488	1.002663	-0.001405	-2.088593	0.001405	1.002663	-3.171646	
489	1.004506	-0.006197	-5.266312	0.006197	1.004506	-5.715012	
490	1.005059	-0.005227	-3.253082	0.005227	1.005059	-0.864731	
491	1.001847	-0.006534	-1.630890	0.006534	1.001847	-1.128860	
492	1.003883	0.005949	2.172012	-0.005949	1.003883	0.258743	
493	1.006015	0.005407	1.153473	-0.005407	1.006015	2.250793	
494	1.002297	-0.000262	-0.590805	0.000262	1.002297	-2.959534	
495	1.007137	-0.007278	-2.713730	0.007278	1.007137	-3.800568	
496	1.004685	-0.003255	-1.588791	0.003255	1.004685	0.445038	
497	0.997590	-0.005429	1.562332	0.005429	0.997590	-2.091629	
498	1.001404	-0.003207	-1.302368	0.003207	1.001404	-1.843567	
499	1.002429	-0.005183	-1.768356	0.005183	1.002429	-3.473770	
500	1.012032	-0.002735	-4.901031	0.002735	1.012032	-1.596542	
501	1.009640	0.000951	-2.074417	-0.000951	1.009640	-2.501038	
502	1.004651	0.004203	-0.105515	-0.004203	1.004651	1.608948	
503	1.002043	-0.000699	0.284271	0.000699	1.002043	-0.374344	
504	1.019204	0.000210	-5.733261	-0.000210	1.019204	-6.724228	
505	1.011638	-0.000753	-4.848450	0.000753	1.011638	0.784882	
506	1.007026	0.000492	-4.634659	-0.000492	1.007026	-0.516830	
507	1.017527	0.001218	-6.173859	-0.001218	1.017527	-6.150833	
508	1.009058	-0.000984	-5.862167	0.000984	1.009058	-0.931717	
509	1.003802	-0.003995	-2.646439	0.003995	1.003802	-3.363983	
510	1.017246	-0.001192	-6.700531	0.001192	1.017246	0.236435	
511	1.003889	0.002856	-0.008011	-0.002856	1.003889	1.737534	
512	0.996110	0.002828	2.799149	-0.002828	0.996110	-3.439972	
513	1.002247	-0.004809	-0.677017	0.004809	1.002247	-1.296936	
514	1.003680	-0.006351	-0.914688	0.006351	1.003680	0.034470	
515	0.991862	0.000744	8.139450	-0.000744	0.991862	2.367126	
516	0.992826	0.002163	8.492966	-0.002163	0.992826	1.048065	
517	1.000898	-0.005575	4.318878	0.005575	1.000898	-7.339355	
518	1.007862	-0.003342	-0.536560	0.003342	1.007862	0.116562	
519	1.018768	-0.004157	1.145447	0.004157	1.018768	-2.699783	
520	0.992321	0.004459	11.086578	-0.004459	0.992321	1.976791	
521	0.999465	0.001496	3.566696	-0.001496	0.999465	2.126572	
522	1.004183	-0.000007	1.685028	0.000007	1.004183	-3.469666	
523	1.003936	-0.002759	1.080429	0.002759	1.003936	-0.568268	
524	1.003961	-0.001252	1.113174	0.001252	1.003961	2.230286	
525	1.003521	-0.001163	3.282822	0.001163	1.003521	-3.651230	
526	1.003916	-0.000652	0.973404	0.000652	1.003916	-0.417511	
527	1.001684	-0.003664	1.086365	0.003664	1.001684	-2.037201	
528	1.001646	-0.003026	2.514328	0.003026	1.001646	-2.173508	
529	1.006727	0.002425	0.300369	-0.002425	1.006727	0.514496	
530	1.004200	0.004328	3.254852	-0.004328	1.004200	-0.407867	
531	1.003452	0.000725	-1.331955	-0.000725	1.003452	-1.857986	
532	1.009064	-0.002389	-4.244873	0.002389	1.009064	-1.617630	
533	0.999672	-0.002356	-2.083542	0.002356	0.999672	3.057800	
534	1.004935	0.002931	-0.078323	-0.002931	1.004935	-2.550522	
535	1.003265	0.000440	-1.046112	-0.000440	1.003265	-1.204681	
536	1.004864	-0.001390	-0.985855	0.001390	1.004864	-1.908066	
537	1.001882	-0.002038	0.097122	0.002038	1.001882	-1.237320	
538	0.998463	-0.000236	1.498581	0.000236	0.998463	2.903397	
539	0.997562	0.003576	2.898300	-0.003576	0.997562	1.849945	
540	1.001266	-0.000052	0.687103	0.000052	1.001266	-0.903473	
541	1.015150	-0.003165	-5.203796	0.003165	1.015150	-4.434250	
542	1.002166	-0.002299	-1.255508	0.002299	1.002166	0.629669	
543	1.003346	0.001084	0.526108	-0.001084	1.003346	-3.328018	
544	1.001985	-0.000916	-1.558350	0.000916	1.001985	-1.627777	
545	1.004103	-0.002402	-1.964279	0.002402	1.004103	-0.654068	
546	1.004847	-0.005693	-2.410217	0.005693	1.004847	-1.772903	
547	1.000430	0.001840	0.949158	-0.001840	1.000430	1.020645	
548	1.004910	0.005336	0.789520	-0.005336	1.004910	1.561401	
549	1.004747	0.000170	-2.539154	-0.000170	1.004747	-2.535919	
550	1.006681	-0.004398	-3.424500	0.004398	1.006681	-2.457275	
551	1.003467	-0.004354	-2.986755	0.004354	1.003467	-0.246689	
552	1.000038	-0.000335	2.113312	0.000335	1.000038	-1.783936	
553	1.001482	-0.001996	0.544006	0.001996	1.001482	-0.402084	
554	1.003487	-0.001726	-0.826843	0.001726	1.003487	0.262360	
555	0.998766	-0.009276	3.101807	0.009276	0.998766	0.029282	
556	1.000632	0.000548	1.471725	-0.000548	1.000632	0.483459	
557	0.997744	0.000879	3.433151	-0.000879	0.997744	1.314148	
558	1.001758	-0.000835	1.171829	0.000835	1.001758	-3.087540	
559	1.003039	-0.000277	-0.415878	0.000277	1.003039	-0.407990	
560	1.002042	-0.004908	-0.617035	0.004908	1.002042	2.046783	
561	1.005894	0.001026	0.430099	-0.001026	1.005894	-3.757858	
562	1.005089	-0.008043	-1.385376	0.008043	1.005089	-1.845078	
563	1.003107	-0.002509	0.539383	0.002509	1.003107	-2.536255	
564	1.000554	-0.007124	1.578461	0.007124	1.000554	-1.117706	
565	1.001239	-0.001234	2.176514	0.001234	1.001239	0.041565	
566	0.995633	0.003838	3.617371	-0.003838	0.995633	2.301590	
567	0.998539	0.003206	3.185547	-0.003206	0.998539	0.287796	
568	1.003653	0.000142	-0.171814	-0.000142	1.003653	-0.843628	
569	1.004200	-0.004006	-0.878983	0.004006	1.004200	-0.423782	
570	1.005722	0.000209	-1.443756	-0.000209	1.005722	-2.598984	
571	1.012080	-0.000319	-3.534485	0.000319	1.012080	-3.443619	
572	1.006010	-0.000982	-1.240433	0.000982	1.006010	-2.069794	
573	1.010372	-0.002464	-2.101593	0.002464	1.010372	-4.024277	
574	1.016707	0.003309	-6.633331	-0.003309	1.016707	-1.498276	
575	1.016707	0.003309	-6.633331	-0.003309	1.016707	-1.498276	
576	1.028105	0.008783	-9.789520	-0.008783	1.028105	-1.867889	
577	1.012862	0.005281	-3.145538	-0.005281	1.012862	-3.661545	
578	1.008440	-0.002055	-3.158661	0.002055	1.008440	0.489639	
579	1.012536	-0.002182	-6.218536	0.002182	1.012536	-0.715836	
580	1.013224	-0.001739	-0.252045	0.001739	1.013224	-5.668777	
581	1.008364	0.002331	1.294312	-0.002331	1.008364	-1.595886	
582	1.002256	0.000063	2.869583	-0.000063	1.002256	-0.909714	
583	1.005197	-0.000173	1.479202	0.000173	1.005197	-1.724472	
584	0.994235	-0.001838	8.682884	0.001838	0.994235	2.931366	
585	0.995069	0.000968	6.860275	-0.000968	0.995069	1.370636	
586	1.002015	0.005564	9.110870	-0.005564	1.002015	-0.516602	
587	0.998215	-0.004473	9.315796	0.004473	0.998215	-1.926727	
588	0.997075	-0.002558	9.200363	0.002558	0.997075	1.167389	
589	0.997251	0.000570	9.641815	-0.000570	0.997251	-0.445602	
590	0.994980	0.000505	13.259537	-0.000505	0.994980	3.189148	
591	1.000734	0.001052	7.329834	-0.001052	1.000734	-0.516159	
592	0.995751	0.002145	13.103256	-0.002145	0.995751	1.087997	
593	0.997647	0.002179	11.489883	-0.002179	0.997647	5.368958	
594	1.001051	0.003165	8.299438	-0.003165	1.001051	0.719330	
595	0.999796	0.006420	10.871536	-0.006420	0.999796	-2.055298	
596	1.002107	0.003408	3.190033	-0.003408	1.002107	0.762924	
597	1.002770	-0.000105	3.739426	0.000105	1.002770	1.334885	
598	1.005632	-0.003435	1.422852	0.003435	1.005632	-3.207825	
599	1.006366	-0.008032	1.467667	0.008032	1.006366	-5.168655	
600	1.004319	-0.001325	1.579407	0.001325	1.004319	-2.733017	
601	1.004389	0.002134	2.161392	-0.002134	1.004389	-0.989273	
602	1.004271	0.000433	0.238129	-0.000433	1.004271	0.837601	
603	1.006226	0.001066	-0.490311	-0.001066	1.006226	-0.289108	
604	1.004886	0.000594	-0.905945	-0.000594	1.004886	-1.936691	
605	1.005829	0.001794	-1.364243	-0.001794	1.005829	1.002747	
606	1.004516	0.001527	-0.966797	-0.001527	1.004516	2.828995	
607	1.006150	-0.002088	-2.510468	0.002088	1.006150	-1.720428	
608	1.008959	-0.007152	-3.553131	0.007152	1.008959	-4.435410	
609	1.005062	-0.002849	-1.864044	0.002849	1.005062	-0.255890	
610	1.004252	-0.000015	0.027039	0.000015	1.004252	-1.698944	
611	1.003689	0.001195	-0.995117	-0.001195	1.003689	-0.959106	
612	1.006478	-0.001166	-2.695404	0.001166	1.006478	-0.417206	
613	1.005235	0.001577	-2.112549	-0.001577	1.005235	-1.036774	
614	1.009078	0.001261	-4.342926	-0.001261	1.009078	-4.483490	
615	1.008794	-0.002370	-6.284515	0.002370	1.008794	-2.973831	
616	1.007734	0.000236	-4.490265	-0.000236	1.007734	-1.450012	
617	1.006789	-0.003072	-6.703705	0.003072	1.006789	-2.016785	
618	1.007265	-0.003317	-5.167114	0.003317	1.007265	-4.097382	
619	1.006033	-0.006734	-7.350281	0.006734	1.006033	0.020645	
620	1.004817	-0.000064	-3.306366	0.000064	1.004817	-1.191071	
621	1.003742	-0.003115	-5.418121	0.003115	1.003742	-0.752304	
622	1.005181	-0.001830	-4.690948	0.001830	1.005181	1.425781	
623	1.006536	0.002743	-3.144867	-0.002743	1.006536	-2.643021	
624	1.007320	0.000593	-5.198425	-0.000593	1.007320	-2.095200	
625	1.008179	-0.000290	-6.512482	0.000290	1.008179	-2.216614	
626	1.008783	-0.002887	-9.395020	0.002887	1.008783	2.637787	
627	1.007147	-0.000299	-5.165161	0.000299	1.007147	-0.466431	
628	1.006288	-0.003528	-10.742371	0.003528	1.006288	2.863953	
629	1.012902	-0.004137	-9.620316	0.004137	1.012902	-16.108566	
630	1.007297	0.000847	-13.657349	-0.000847	1.007297	2.178268	
631	1.007856	0.001437	-8.244202	-0.001437	1.007856	-3.425934	
632	1.006046	0.002388	-3.733017	-0.002388	1.006046	-4.001114	
633	1.009696	0.001459	-8.546906	-0.001459	1.009696	-5.292328	
634	1.006990	-0.002071	-6.806137	0.002071	1.006990	-7.244820	
635	1.005755	-0.007276	-9.057068	0.007276	1.005755	0.850845	
636	1.004950	-0.007295	-4.786316	0.007295	1.004950	0.188751	
637	1.003957	0.000540	0.246902	-0.000540	1.003957	-3.174141	
638	1.004211	0.000772	-2.581299	-0.000772	1.004211	0.658569	
639	1.004935	-0.003079	-0.453979	0.003079	1.004935	-4.249962	
640	1.003585	-0.003061	-1.895630	0.003061	1.003585	0.244568	
641	0.998785	-0.004853	-0.234131	0.004853	0.998785	0.210098	
642	1.001741	0.002196	-0.960480	-0.002196	1.001741	0.275543	
643	1.003203	0.003000	-4.317017	-0.003000	1.003203	0.578407	
644	1.006845	-0.000581	-7.844025	0.000581	1.006845	-2.882751	
645	1.008137	-0.004287	-7.871490	0.004287	1.008137	-3.388397	
646	1.008002	0.000113	-7.462372	-0.000113	1.008002	2.896683	
647	1.018081	0.000948	-13.423157	-0.000948	1.018081	3.448486	
648	1.015071	0.002310	-5.560699	-0.002310	1.015071	-12.155869	
649	1.014076	0.004921	-10.325226	-0.004921	1.014076	-6.337997	
650	1.008863	-0.001033	-5.308594	0.001033	1.008863	2.038864	
651	1.028163	0.010984	-12.106781	-0.010984	1.028163	0.471359	
652	1.007857	0.011552	-3.564301	-0.011552	1.007857	2.632355	
653	1.013938	0.005597	-10.136658	-0.005597	1.013938	-2.279846	
654	1.012850	-0.000338	-11.816193	0.000338	1.012850	0.714386	
655	1.006469	0.002746	-3.375671	-0.002746	1.006469	4.702820	
656	1.007033	0.002884	-1.030762	-0.002884	1.007033	-4.506187	
657	1.002270	-0.000763	-0.556015	0.000763	1.002270	-1.385025	
658	1.001226	-0.005635	-0.173370	0.005635	1.001226	2.552322	
659	0.993007	-0.006490	5.508087	0.006490	0.993007	-0.248688	
660	0.994999	0.005258	6.605698	-0.005258	0.994999	1.508698	
661	0.988531	0.003370	13.047867	-0.003370	0.988531	6.673737	
662	0.996665	-0.001676	5.179581	0.001676	0.996665	-0.981766	
663	0.992996	-0.000223	8.297256	0.000223	0.992996	0.756737	
664	0.997539	-0.003460	6.046387	0.003460	0.997539	-0.105240	
665	0.990527	-0.006364	12.129608	0.006364	0.990527	-0.945557	
666	1.002049	-0.003121	3.355316	0.003121	1.002049	-0.854904	
667	1.000407	-0.001383	5.492859	0.001383	1.000407	-1.904457	
668	0.998016	-0.011268	5.340942	0.011268	0.998016	-2.889969	
669	1.001480	-0.000044	1.617126	0.000044	1.001480	0.205002	
670	1.010863	0.014206	-3.386261	-0.014206	1.010863	0.607292	
671	1.000408	0.000987	-1.765289	-0.000987	1.000408	0.064453	
672	1.003536	-0.003567	-5.068695	0.003567	1.003536	-0.992935	
673	1.003405	-0.002909	-3.449188	0.002909	1.003405	-1.399872	
674	1.003000	-0.000857	-1.405685	0.000857	1.003000	-1.443222	
675	1.002866	-0.001352	0.137589	0.001352	1.002866	-0.818390	
676	1.003258	-0.000541	-0.053848	0.000541	1.003258	-1.476959	
677	1.001770	-0.002702	2.478561	0.002702	1.001770	-0.405060	
678	1.001161	0.002705	2.244690	-0.002705	1.001161	-0.288666	
679	1.001321	0.010123	4.342957	-0.010123	1.001321	5.155487	
680	1.003572	0.003385	2.079575	-0.003385	1.003572	-0.873535	
681	1.003889	-0.002799	0.826996	0.002799	1.003889	-2.944229	
682	1.001777	-0.003884	2.860947	0.003884	1.001777	1.709518	
683	1.000931	0.001996	3.029022	-0.001996	1.000931	-0.999176	
684	1.000615	0.002902	3.691605	-0.002902	1.000615	0.761627	
685	1.003947	-0.001137	1.158691	0.001137	1.003947	-1.024246	
686	1.003657	-0.000818	3.842743	0.000818	1.003657	-0.525482	
687	1.002465	0.000431	2.091125	-0.000431	1.002465	0.526581	
688	1.003676	0.002265	3.718613	-0.002265	1.003676	-1.050568	
689	1.004139	0.002410	1.868591	-0.002410	1.004139	0.781982	
690	1.006595	0.001201	0.020187	-0.001201	1.006595	-3.320923	
691	1.004879	-0.002342	-1.690353	0.002342	1.004879	-0.541855	
692	1.003557	-0.002642	-1.375443	0.002642	1.003557	0.216888	
693	1.007692	-0.002751	-1.709900	0.002751	1.007692	-3.664581	
694	1.004247	-0.002715	-1.221405	0.002715	1.004247	-2.036224	
695	1.006011	-0.005638	-3.124847	0.005638	1.006011	-2.184097	
696	1.005813	-0.001213	-0.593933	0.001213	1.005813	-3.304916	
697	1.002885	0.004586	-0.482452	-0.004586	1.002885	1.002167	
698	1.002729	0.002725	-1.121277	-0.002725	1.002729	-0.695160	
699	1.005209	-0.003733	-3.969299	0.003733	1.005209	-3.338669	
700	1.003025	-0.002538	-2.724396	0.002538	1.003025	2.216537	
701	1.005682	-0.001698	-2.049683	0.001698	1.005682	-1.742844	
702	1.007030	-0.004368	-2.746735	0.004368	1.007030	-5.096375	
703	1.004826	-0.005007	-3.164490	0.005007	1.004826	0.911850	
704	1.004259	0.000771	-0.722168	-0.000771	1.004259	-0.852936	
705	1.004489	0.012701	0.766724	-0.012701	1.004489	3.044205	
706	1.004324	0.001937	-2.205658	-0.001937	1.004324	-1.417725	
707	1.008332	-0.007954	-4.453552	0.007954	1.008332	-2.859787	
708	1.005929	-0.005976	-2.522781	0.005976	1.005929	-0.992889	
709	1.005635	0.000119	1.217621	-0.000119	1.005635	-3.623749	
710	1.003624	-0.001637	0.892853	0.001637	1.003624	-1.783859	
711	1.004101	-0.000594	0.463226	0.000594	1.004101	0.804565	
712	1.001523	0.001701	3.980118	-0.001701	1.001523	0.545517	
713	1.006842	0.004422	0.307251	-0.004422	1.006842	0.643387	
714	1.005088	0.004374	1.168640	-0.004374	1.005088	-1.800278	
715	1.003739	-0.001324	-1.262543	0.001324	1.003739	-1.318542	
716	1.005451	-0.004455	-1.436584	0.004455	1.005451	-0.929733	
717	1.004054	-0.002058	-0.878784	0.002058	1.004054	-2.107254	
718	1.004632	-0.001319	0.212006	0.001319	1.004632	-3.232834	
719	1.006254	-0.000730	-1.045593	0.000730	1.006254	0.872650	
720	1.004112	0.001654	-0.167603	-0.001654	1.004112	-0.671997	
721	1.001961	0.008357	2.743408	-0.008357	1.001961	1.894363	
722	1.007352	0.003384	0.255096	-0.003384	1.007352	-1.498093	
723	1.006956	-0.001342	-0.513641	0.001342	1.006956	-3.120346	
724	1.005348	-0.007995	-2.202911	0.007995	1.005348	-0.361542	
725	1.003644	-0.002979	0.321442	0.002979	1.003644	-2.772964	
726	1.005988	-0.002328	-1.342133	0.002328	1.005988	-2.270401	
727	1.003552	-0.002428	-1.149231	0.002428	1.003552	-1.345306	
728	1.003918	-0.003541	-2.857422	0.003541	1.003918	-1.455414	
729	1.004279	0.001527	-1.882050	-0.001527	1.004279	-1.102081	
730	1.001963	0.008103	-1.060181	-0.008103	1.001963	2.570114	
731	1.008033	-0.000107	-4.705383	0.000107	1.008033	-2.765457	
732	1.006046	-0.004646	-5.685730	0.004646	1.006046	-2.652939	
733	1.002744	-0.002312	-3.769318	0.002312	1.002744	1.725632	
734	1.005497	0.002927	-0.581940	-0.002927	1.005497	-3.342133	
735	1.005595	-0.000465	-1.767487	0.000465	1.005595	-1.321823	
736	1.006601	-0.003847	-1.367920	0.003847	1.006601	-3.799423	
737	1.004512	-0.005248	-1.045319	0.005248	1.004512	-2.060226	
738	1.005796	-0.000387	0.621887	0.000387	1.005796	-2.104538	
739	1.000888	0.009522	3.485901	-0.009522	1.000888	4.638885	
740	1.004722	0.002395	-0.897858	-0.002395	1.004722	-1.125549	
741	1.003125	-0.001855	-0.982422	0.001855	1.003125	-0.239914	
742	1.001293	-0.002302	-1.033600	0.002302	1.001293	2.876968	
743	1.004660	0.000432	0.875336	-0.000432	1.004660	-3.384537	
744	1.008721	-0.004647	-2.979370	0.004647	1.008721	-3.539368	
745	1.003320	-0.006202	-1.877289	0.006202	1.003320	-1.205017	
746	1.003172	-0.001458	0.970001	0.001458	1.003172	-1.557053	
747	1.002581	0.004787	1.791687	-0.004787	1.002581	-0.238174	
748	1.003929	0.008365	1.261292	-0.008365	1.003929	0.790787	
749	1.004845	-0.000694	-1.703247	0.000694	1.004845	-2.400528	
750	1.003934	-0.004242	-3.605011	0.004242	1.003934	0.193176	
751	1.003140	-0.001859	-0.872498	0.001859	1.003140	-0.618698	
752	1.006252	-0.001093	-1.811035	0.001093	1.006252	-5.979004	
753	1.004596	-0.000100	-2.019165	0.000100	1.004596	0.310760	
754	1.001802	-0.002455	-2.754822	0.002455	1.001802	1.800415	
755	1.004221	0.001478	-1.999878	-0.001478	1.004221	-2.854996	
756	1.000668	0.002623	-1.895721	-0.002623	1.000668	2.340988	
757	1.003674	0.001391	-5.018097	-0.001391	1.003674	-1.168640	
758	1.004346	-0.002555	-5.515533	0.002555	1.004346	-1.912964	
759	1.004014	-0.001034	-4.865723	0.001034	1.004014	-0.257568	
760	1.004624	-0.000019	-4.258911	0.000019	1.004624	-2.082565	
761	1.005864	-0.003082	-3.253357	0.003082	1.005864	-3.856979	
762	1.002351	-0.003153	-2.206085	0.003153	1.002351	0.267136	
763	1.003014	0.003040	1.894745	-0.003040	1.003014	-1.389938	
764	1.001645	0.003532	2.101135	-0.003532	1.001645	1.390091	
765	1.000432	0.006138	3.430664	-0.006138	1.000432	3.106018	
766	1.003681	-0.002153	1.787033	0.002153	1.003681	-3.610580	
767	1.003207	-0.004259	-0.412354	0.004259	1.003207	0.552048	
768	1.003677	-0.001457	2.250854	0.001457	1.003677	-1.714172	
769	1.003013	-0.000670	0.277161	0.000670	1.003013	-2.136780	
770	1.003636	0.000126	-0.501160	-0.000126	1.003636	0.180313	
771	1.003154	0.000113	-1.074020	-0.000113	1.003154	-0.643906	
772	1.003852	0.001347	-2.387817	-0.001347	1.003852	1.021332	
773	1.003191	0.002117	-2.106598	-0.002117	1.003191	-0.848511	
774	1.003897	0.001980	-2.565552	-0.001980	1.003897	-1.561279	
775	1.003036	-0.002797	-5.267822	0.002797	1.003036	1.575684	
776	1.006745	-0.008733	-7.059402	0.008733	1.006745	-4.967789	
777	1.003013	-0.001242	-3.020294	0.001242	1.003013	-1.323090	
778	1.004399	-0.000328	-2.915817	0.000328	1.004399	-2.565552	
779	1.004615	0.001476	-3.628784	-0.001476	1.004615	-0.459335	
780	1.004859	0.001725	-3.174164	-0.001725	1.004859	-2.226837	
781	1.003199	0.003303	-3.605942	-0.003303	1.003199	0.216644	
782	1.003454	-0.000162	-4.050018	0.000162	1.003454	-0.588516	
783	1.003591	-0.001468	-3.275681	0.001468	1.003591	-0.721939	
784	1.005178	-0.003159	-6.563889	0.003159	1.005178	-0.225632	
785	1.003837	-0.000497	-3.581039	0.000497	1.003837	-1.230652	
786	1.006984	-0.004194	-6.854691	0.004194	1.006984	-1.891998	
787	1.005867	-0.002021	-5.673721	0.002021	1.005867	-2.732498	
788	1.002661	0.004413	-1.342850	-0.004413	1.002661	-0.007553	
789	1.000135	0.003122	0.443909	-0.003122	1.000135	1.231644	
790	1.003593	0.001038	-1.521851	-0.001038	1.003593	-2.089111	
791	1.004360	-0.003524	-2.409760	0.003524	1.004360	-3.130692	
792	1.002723	-0.006094	-1.660400	0.006094	1.002723	2.174332	
793	1.002409	-0.000750	-0.904526	0.000750	1.002409	-1.899445	
794	1.003239	0.000338	1.014099	-0.000338	1.003239	-3.822266	
795	1.002067	-0.001671	-0.595657	0.001671	1.002067	1.002899	
796	1.002654	-0.001996	0.306564	0.001996	1.002654	-2.568298	
797	1.001334	0.000391	1.214355	-0.000391	1.001334	-0.906372	
798	0.998707	0.006718	2.200699	-0.006718	0.998707	5.508942	
799	1.001792	0.000168	0.267532	-0.000168	1.001792	-1.154266	
800	1.004635	-0.002134	-3.574295	0.002134	1.004635	-0.558624	
801	1.006852	-0.005957	-5.116440	0.005957	1.006852	-3.364311	
802	1.003796	-0.001883	-1.774460	0.001883	1.003796	-4.385330	
803	1.004587	-0.001096	-4.612564	0.001096	1.004587	-0.155716	
804	1.003604	-0.000990	-1.313171	0.000990	1.003604	-2.314758	
805	1.003169	0.001488	-1.935471	-0.001488	1.003169	-1.757889	
806	1.002733	0.000354	-3.455017	-0.000354	1.002733	3.243713	
807	1.002259	0.000497	-1.258041	-0.000497	1.002259	-1.383835	
808	1.003850	-0.000423	-1.818146	0.000423	1.003850	-1.503197	
809	1.003633	-0.001466	-2.894669	0.001466	1.003633	1.040421	
810	1.004815	-0.003849	-1.540985	0.003849	1.004815	-4.888687	
811	1.005327	-0.004279	-1.863129	0.004279	1.005327	-0.797867	
812	1.001134	0.002125	0.571487	-0.002125	1.001134	0.718292	
813	1.000161	0.004800	0.748184	-0.004800	1.000161	1.151894	
814	1.004117	0.000769	-3.124588	-0.000769	1.004117	-1.250641	
815	1.005517	-0.003054	-4.499405	0.003054	1.005517	-3.745758	
816	1.004681	-0.003562	-4.052734	0.003562	1.004681	0.245667	
817	1.002846	0.001306	-1.604691	-0.001306	1.002846	1.005875	
818	1.004625	-0.003084	-1.915756	0.003084	1.004625	-3.334793	
819	1.005755	-0.005596	-4.306503	0.005596	1.005755	-2.177788	
820	1.002751	-0.000656	-1.552200	0.000656	1.002751	0.584305	
821	1.002873	0.004012	-1.155334	-0.004012	1.002873	-0.418900	
822	1.002288	0.004415	-1.365738	-0.004415	1.002288	0.462219	
823	1.004981	0.001692	-4.610077	-0.001692	1.004981	0.737465	
824	1.003085	-0.000528	-1.916748	0.000528	1.003085	-0.618652	
825	1.001903	0.000901	0.076752	-0.000901	1.001903	2.073868	
826	1.001236	-0.000284	2.898865	0.000284	1.001236	-0.069748	
827	1.001624	0.000067	4.564209	-0.000067	1.001624	-1.901062	
828	1.002340	0.001269	3.089203	-0.001269	1.002340	0.169647	
829	1.001829	0.002460	7.187683	-0.002460	1.001829	-1.569321	
830	0.999700	0.004280	8.547256	-0.004280	0.999700	0.567368	
831	1.000473	0.000147	6.042084	-0.000147	1.000473	0.670197	
832	1.001391	-0.002121	4.127258	0.002121	1.001391	-0.006332	
833	0.998092	0.000146	7.101318	-0.000146	0.998092	2.595482	
834	1.001565	-0.000140	3.276093	0.000140	1.001565	-0.446152	
835	1.003427	-0.003369	3.115417	0.003369	1.003427	-3.105743	
836	1.001186	0.002057	4.496796	-0.002057	1.001186	0.989182	
837	1.003526	0.004020	4.058655	-0.004020	1.003526	-1.081161	
838	1.002001	0.003846	4.310181	-0.003846	1.002001	0.288651	
839	1.003250	-0.001169	2.702087	0.001169	1.003250	-1.931107	
840	1.002342	-0.001068	0.256226	0.001068	1.002342	2.360703	
841	1.002356	0.001399	2.114380	-0.001399	1.002356	1.577026	
842	1.002641	-0.001009	0.576172	0.001009	1.002641	-1.592056	
843	1.004617	-0.005862	-2.396484	0.005862	1.004617	-2.343201	
844	1.002956	0.000438	0.006042	-0.000438	1.002956	-0.864227	
845	1.003843	0.004220	1.003464	-0.004220	1.003843	-2.514694	
846	1.002770	0.003902	-0.572662	-0.003902	1.002770	1.669937	
847	1.003214	-0.000438	-0.760101	0.000438	1.003214	-1.053070	
848	1.004533	-0.003754	-3.083801	0.003754	1.004533	-1.549866	
849	1.003339	-0.002128	-2.470169	0.002128	1.003339	2.295303	
850	1.004765	-0.000244	-1.291473	0.000244	1.004765	-2.642700	
851	1.005146	-0.001384	-1.675766	0.001384	1.005146	-4.881897	
852	1.004431	-0.004943	-3.483856	0.004943	1.004431	0.270721	
853	1.001778	-0.000129	-0.701874	0.000129	1.001778	0.607910	
854	1.004103	0.005874	-0.875519	-0.005874	1.004103	-0.886978	
855	1.001861	0.001703	-1.823822	-0.001703	1.001861	1.925095	
856	1.003812	-0.004281	-6.314331	0.004281	1.003812	0.019104	
857	1.005690	-0.004240	-6.847290	0.004240	1.005690	-3.542206	
858	1.006436	-0.004202	-9.347382	0.004202	1.006436	-1.124100	
859	1.005483	-0.000297	-3.145752	0.000297	1.005483	-4.116898	
860	1.006569	-0.004623	-6.211655	0.004623	1.006569	-3.318375	
861	1.006715	-0.005644	-4.850342	0.005644	1.006715	-2.231903	
862	1.004775	0.000188	-1.694366	-0.000188	1.004775	-3.195511	
863	1.003920	0.003567	-1.194962	-0.003567	1.003920	2.205925	
864	1.004541	0.002210	-1.589371	-0.002210	1.004541	-0.369965	
865	1.006276	-0.005626	-4.890579	0.005626	1.006276	-1.536560	
866	1.003476	-0.001266	-3.521271	0.001266	1.003476	0.444397	
867	1.006996	-0.003917	-4.092651	0.003917	1.006996	-3.679459	
868	1.004125	0.000743	-3.460419	-0.000743	1.004125	0.060791	
869	1.004948	-0.001731	-3.583038	0.001731	1.004948	-0.302170	
870	1.004754	-0.000456	-3.255035	0.000456	1.004754	-0.028183	
871	1.005079	0.001849	-3.258453	-0.001849	1.005079	-0.979736	
872	1.005789	0.000973	-4.948639	-0.000973	1.005789	-2.201515	
873	1.006991	-0.000929	-5.863937	0.000929	1.006991	-0.700027	
874	1.004414	-0.005174	-6.005066	0.005174	1.004414	-1.208122	
875	1.004719	-0.001772	-3.264343	0.001772	1.004719	-3.968987	
876	1.007539	-0.003748	-6.904205	0.003748	1.007539	-1.552460	
877	1.004453	-0.000805	-2.869232	0.000805	1.004453	-1.269104	
878	1.006281	0.001746	-4.443817	-0.001746	1.006281	-1.487640	
879	1.005293	0.000866	-4.725189	-0.000866	1.005293	-0.325645	
880	1.004603	-0.001374	-4.039642	0.001374	1.004603	-2.670273	
881	1.004200	-0.002322	-6.006958	0.002322	1.004200	-1.869225	
882	1.002757	-0.002364	-4.441040	0.002364	1.002757	3.231316	
883	1.005250	0.000013	-2.949951	-0.000013	1.005250	-3.045418	
884	1.006054	-0.000287	-4.671844	0.000287	1.006054	-2.621483	
885	1.003285	-0.000752	-3.022430	0.000752	1.003285	1.359024	
886	1.007338	-0.003571	-3.871262	0.003571	1.007338	-5.084877	
887	1.003822	0.000728	-2.188812	-0.000728	1.003822	-0.786346	
888	1.002489	0.002993	-2.253937	-0.002993	1.002489	2.169586	
889	1.004935	0.001738	-3.223389	-0.001738	1.004935	-1.237541	
890	1.002541	0.000060	-1.580841	-0.000060	1.002541	-1.000328	
891	1.004827	-0.001780	-3.502472	0.001780	1.004827	0.293686	
892	1.001650	0.001653	0.774628	-0.001653	1.001650	-0.892715	
893	1.002556	0.000076	0.921631	-0.000076	1.002556	-1.986824	
894	1.003889	-0.001308	-0.255096	0.001308	1.003889	0.076523	
895	1.005276	0.000305	0.672913	-0.000305	1.005276	-2.766510	
896	1.001777	0.003614	0.935547	-0.003614	1.001777	3.841064	
897	1.002058	0.005846	2.206390	-0.005846	1.002058	2.103546	
898	1.003664	0.003278	0.860077	-0.003278	1.003664	-0.787231	
899	1.002010	-0.000730	0.073853	0.000730	1.002010	0.577240	
900	1.003930	-0.001013	3.072906	0.001013	1.003930	-1.724197	
901	1.003207	0.001296	1.727570	-0.001296	1.003207	-1.586075	
902	1.004382	0.000524	3.903076	-0.000524	1.004382	-2.001297	
903	1.000908	0.000760	4.163422	-0.000760	1.000908	0.854523	
904	1.003248	0.001287	4.401276	-0.001287	1.003248	-0.447098	
905	1.002448	0.001464	4.252045	-0.001464	1.002448	1.345566	
906	1.002558	0.002997	2.969543	-0.002997	1.002558	0.669189	
907	1.003285	0.000906	2.346283	-0.000906	1.003285	-0.810425	
908	1.001836	-0.000416	-0.693054	0.000416	1.001836	1.693451	
909	1.005250	-0.001722	-0.599579	0.001722	1.005250	-4.038765	
910	1.004234	0.000010	-1.071503	-0.000010	1.004234	-1.941010	
911	1.003917	-0.000956	-1.347870	0.000956	1.003917	-0.109863	
912	1.005614	-0.000368	-1.560455	0.000368	1.005614	-3.000526	
913	1.003548	0.000722	-2.493744	-0.000722	1.003548	1.338531	
914	1.003377	-0.000308	-3.628296	0.000308	1.003377	-1.106613	
915	1.003271	0.000711	-4.339508	-0.000711	1.003271	-0.503265	
916	1.005056	-0.002199	-5.960754	0.002199	1.005056	-1.040451	
917	1.003736	-0.002712	-5.400116	0.002712	1.003736	-0.503174	
918	1.002548	-0.006202	-8.216919	0.006202	1.002548	-4.089439	
919	1.002024	-0.000907	-3.444733	0.000907	1.002024	-1.109665	
920	1.001175	-0.000385	-5.045135	0.000385	1.001175	0.028557	
921	1.003180	-0.002923	-5.564301	0.002923	1.003180	-3.964844	
922	1.001839	-0.001387	-3.872955	0.001387	1.001839	-0.992088	
923	1.002658	-0.000521	-5.347229	0.000521	1.002658	0.100189	
924	1.004203	0.000342	-1.812408	-0.000342	1.004203	-1.138054	
925	1.001461	-0.002746	-3.936859	0.002746	1.001461	1.609268	
926	1.008626	-0.007560	-5.359772	0.007560	1.008626	-6.966019	
927	1.005949	-0.005494	-3.875122	0.005494	1.005949	-4.524254	
928	1.005279	-0.001784	-1.698669	0.001784	1.005279	-0.179718	
929	1.004775	0.003175	0.258820	-0.003175	1.004775	-2.305603	
930	1.003383	0.001107	-1.135406	-0.001107	1.003383	-0.667458	
931	1.002811	0.000389	-0.660919	-0.000389	1.002811	1.806328	
932	1.004812	-0.000442	-0.350464	0.000442	1.004812	-1.479172	
933	1.002025	-0.002442	-0.814667	0.002442	1.002025	0.680313	
934	1.003649	-0.001104	0.093048	0.001104	1.003649	-1.887154	
935	1.007005	0.001913	2.031250	-0.001913	1.007005	-3.339905	
936	1.002023	0.001500	0.247803	-0.001500	1.002023	-0.062935	
937	1.004469	0.001356	2.074677	-0.001356	1.004469	-0.866325	
938	1.004438	0.003723	1.981934	-0.003723	1.004438	1.075081	
939	1.002889	0.005450	1.235474	-0.005450	1.002889	3.498222	
940	1.004720	0.003640	1.487366	-0.003640	1.004720	1.449417	
941	1.002028	-0.000687	-0.293365	0.000687	1.002028	-0.488083	
942	1.004137	-0.000914	-0.130554	0.000914	1.004137	-1.806839	
943	1.005459	0.002902	-0.206848	-0.002902	1.005459	-2.289162	
944	1.002704	0.003525	0.209229	-0.003525	1.002704	0.627136	
945	1.004678	0.000202	-0.702942	-0.000202	1.004678	-1.528152	
946	1.001509	0.000719	-0.862122	-0.000719	1.001509	0.786934	
947	1.002251	0.001540	-1.287140	-0.001540	1.002251	1.779648	
948	1.003227	0.001148	-0.908112	-0.001148	1.003227	-0.529587	
949	1.001945	0.000146	-1.502899	-0.000146	1.001945	0.844086	
950	1.003244	-0.000425	-1.696350	0.000425	1.003244	-2.113876	
951	1.004331	-0.001081	-2.765778	0.001081	1.004331	-2.318779	
952	1.001040	0.000522	-0.929474	-0.000522	1.001040	0.830460	
953	1.003854	-0.000813	-1.665588	0.000813	1.003854	-1.688156	
954	1.002840	0.003156	-1.767578	-0.003156	1.002840	1.797966	
955	1.001219	0.001332	-2.008057	-0.001332	1.001219	1.764091	
956	1.003694	-0.002323	-4.163208	0.002323	1.003694	-3.815666	
957	1.000587	-0.001554	-1.937683	0.001554	1.000587	0.767738	
958	1.004326	-0.001348	-3.047821	0.001348	1.004326	-3.496460	
959	1.001777	-0.002083	-3.471527	0.002083	1.001777	-0.343239	
960	1.001826	-0.002470	-2.606415	0.002470	1.001826	-0.929230	
961	1.002207	-0.005784	-3.750763	0.005784	1.002207	-1.799576	
962	1.001851	0.000653	-0.725220	-0.000653	1.001851	0.981766	
963	1.002035	0.003632	-1.275635	-0.003632	1.002035	3.678329	
964	1.005239	-0.002445	-1.617371	0.002445	1.005239	-6.018845	
965	1.002591	-0.005220	-2.312103	0.005220	1.002591	-1.447472	
966	1.000836	-0.002711	-1.246948	0.002711	1.000836	2.165115	
967	1.006254	-0.002712	-1.966797	0.002712	1.006254	-4.822174	
968	1.001728	-0.000319	-0.643555	0.000319	1.001728	-0.454300	
969	1.002189	-0.004013	-1.816864	0.004013	1.002189	-0.133377	
970	1.005655	0.001172	-1.522369	-0.001172	1.005655	-3.731171	
971	1.003819	0.007352	-0.124939	-0.007352	1.003819	3.732155	
972	1.003418	0.002435	0.713074	-0.002435	1.003418	1.267654	
973	1.002424	-0.000951	0.391632	0.000951	1.002424	0.788589	
974	1.009148	0.001458	3.085693	-0.001458	1.009148	-1.477356	
975	0.999212	0.000079	5.250244	-0.000079	0.999212	-0.134865	
976	1.001508	0.001604	9.285187	-0.001604	1.001508	-0.243423	
977	1.011930	0.001308	4.400787	-0.001308	1.011930	-2.377365	
978	0.995802	0.006516	9.457382	-0.006516	0.995802	1.367722	
979	1.001214	0.006545	5.013245	-0.006545	1.001214	3.252434	
980	0.997642	0.004373	7.632492	-0.004373	0.997642	2.358017	
981	1.000622	-0.002958	2.119751	0.002958	1.000622	-2.315979	
982	1.003701	-0.003068	1.858429	0.003068	1.003701	-0.478897	
983	1.006260	0.001727	3.073303	-0.001727	1.006260	-1.678032	
984	1.002150	0.003338	1.918335	-0.003338	1.002150	2.637505	
985	1.000396	-0.002317	1.183868	0.002317	1.000396	6.180077	
986	1.002167	0.000180	0.530518	-0.000180	1.002167	0.160561	
987	1.002315	0.001337	0.506866	-0.001337	1.002315	2.958282	
988	0.996605	0.001521	1.940155	-0.001521	0.996605	6.272919	
989	1.003853	0.000607	-0.350433	-0.000607	1.003853	-1.875694	
990	1.007208	0.006852	-1.918442	-0.006852	1.007208	-7.691978	
991	1.000186	-0.003553	-1.817200	0.003553	1.000186	-0.813103	
992	1.004250	-0.008547	-4.789795	0.008547	1.004250	-9.279594	
993	1.007811	-0.003163	-3.783844	0.003163	1.007811	-3.980690	
994	1.003860	0.005494	-2.034973	-0.005494	1.003860	1.126572	
995	1.001824	0.006015	-2.040283	-0.006015	1.001824	3.056488	
996	1.003119	0.001665	-4.460449	-0.001665	1.003119	-0.937103	
997	1.004915	-0.003657	-4.977432	0.003657	1.004915	-1.765800	
998	1.003189	-0.002842	-4.254456	0.002842	1.003189	-0.216003	
999	1.005658	0.004264	-3.253723	-0.004264	1.005658	-1.831238	
1000	1.005749	0.002186	-3.468445	-0.002186	1.005749	-2.419548	
1001	1.002393	-0.003812	-3.818665	0.003812	1.002393	-1.792465	
1002	1.000669	-0.007354	-4.935486	0.007354	1.000669	-3.445656	
1003	1.001685	0.001500	-0.704224	-0.001500	1.001685	1.351486	
1004	1.003242	0.004156	-1.258301	-0.004156	1.003242	1.786980	
1005	1.004809	-0.000137	-1.612030	0.000137	1.004809	-3.881615	
1006	0.999585	-0.006702	-2.137115	0.006702	0.999585	1.932304	
1007	1.003925	-0.001204	0.161255	0.001204	1.003925	-1.816582	
1008	1.007003	0.007645	0.846832	-0.007645	1.007003	0.546829	
1009	1.005865	0.006882	1.377472	-0.006882	1.005865	2.157211	
1010	1.004740	0.002286	0.368500	-0.002286	1.004740	-0.379135	
1011	1.005291	-0.000104	1.959625	0.000104	1.005291	-0.561996	
1012	1.003430	0.000027	1.949524	-0.000027	1.003430	0.166534	
1013	1.001383	0.002251	8.033722	-0.002251	1.001383	1.807068	
1014	1.003601	-0.000031	7.948730	0.000031	1.003601	1.778793	
1015	1.002795	-0.002626	6.986176	0.002626	1.002795	-2.061768	
1016	1.001472	-0.003529	10.533600	0.003529	1.001472	-0.250809	
1017	1.001073	0.002450	6.234833	-0.002450	1.001073	3.034576	
1018	1.002833	0.006494	11.088226	-0.006494	1.002833	3.182556	
1019	1.008136	-0.001810	3.881531	0.001810	1.008136	-6.269028	
1020	1.000087	-0.005216	-1.797516	0.005216	1.000087	-0.397797	
1021	1.007592	-0.005668	-6.808167	0.005668	1.007592	-2.856438	
1022	1.000576	0.001422	-3.644592	-0.001422	1.000576	-0.021912	
1023	1.000064	-0.003422	-10.108856	0.003422	1.000064	0.027252	
1024	0.996125	-0.004172	-7.327087	0.004172	0.996125	-3.330177	
1025	1.007216	-0.003212	-17.139191	0.003212	1.007216	-4.448151	
1026	1.000038	0.002578	-6.303253	-0.002578	1.000038	-0.549774	
1027	1.004930	0.002326	-12.312378	-0.002326	1.004930	-3.244461	
1028	1.002618	-0.001220	-10.106445	0.001220	1.002618	-1.202805	
1029	1.000269	-0.003965	-8.371918	0.003965	1.000269	2.010498	
1030	1.001198	-0.004135	-8.222931	0.004135	1.001198	-0.108322	
1031	1.002976	0.002792	-5.634705	-0.002792	1.002976	1.282166	
1032	1.003916	0.003167	-4.109436	-0.003167	1.003916	-0.087189	
1033	1.006082	-0.000939	-8.093903	0.000939	1.006082	-7.024582	
1034	1.003773	-0.001671	-3.707916	0.001671	1.003773	-3.711731	
1035	1.004166	-0.000429	-4.976929	0.000429	1.004166	-0.015289	
1036	1.002351	0.005270	-0.964813	-0.005270	1.002351	3.827637	
1037	1.005189	0.007098	-2.300964	-0.007098	1.005189	2.741898	
1038	1.002273	0.000578	-2.081909	-0.000578	1.002273	1.336624	
1039	1.002009	0.001578	-0.861786	-0.001578	1.002009	6.642868	
1040	1.004769	0.002514	-1.920715	-0.002514	1.004769	-0.723145	
1041	1.005781	-0.001186	-2.737335	0.001186	1.005781	-7.606064	
1042	1.004701	-0.010456	-4.503448	0.010456	1.004701	-4.718979	
1043	1.004014	-0.003996	-1.349823	0.003996	1.004014	-3.697449	
1044	1.003711	0.007001	1.964661	-0.007001	1.003711	0.691788	
1045	1.002226	0.002996	0.598267	-0.002996	1.002226	3.725891	
1046	1.005445	-0.002740	-0.276428	0.002740	1.005445	-0.078293	
1047	1.003547	-0.000211	1.764374	0.000211	1.003547	-0.394501	
1048	1.000415	0.001884	6.735352	-0.001884	1.000415	-4.664413	
1049	1.003418	0.003902	5.975616	-0.003902	1.003418	-6.418121	
1050	1.006747	0.001643	3.554443	-0.001643	1.006747	-1.302750	
1051	1.000587	0.005960	9.968323	-0.005960	1.000587	-0.744553	
1052	1.002481	0.005869	5.434692	-0.005869	1.002481	0.620758	
1053	0.999670	0.007386	9.151917	-0.007386	0.999670	1.366753	
1054	1.005316	-0.001713	5.968262	0.001713	1.005316	-2.142685	
1055	1.006227	-0.003902	3.862274	0.003902	1.006227	-5.324677	
1056	1.005762	-0.000168	4.530060	0.000168	1.005762	-3.205208	
1057	1.003190	0.000205	4.066803	-0.000205	1.003190	-0.924675	
1058	1.006671	0.008864	6.955200	-0.008864	1.006671	-4.140358	
1059	1.006575	0.007784	3.442200	-0.007784	1.006575	-0.444450	
1060	1.002200	0.006497	4.818436	-0.006497	1.002200	0.999954	
1061	1.008076	-0.000923	0.765259	0.000923	1.008076	-6.851257	
1062	1.005295	-0.004483	0.155731	0.004483	1.005295	-5.483719	
1063	1.009152	-0.004900	-1.525909	0.004900	1.009152	-6.581261	
1064	1.003752	-0.000055	1.587616	0.000055	1.003752	-2.525139	
1065	1.004362	-0.000096	1.261444	0.000096	1.004362	-0.827034	
1066	1.002917	-0.003749	1.449371	0.003749	1.002917	2.361015	
1067	1.000219	-0.007312	2.001221	0.007312	1.000219	5.037766	
1068	1.001653	-0.001928	3.016663	0.001928	1.001653	2.001816	
1069	1.002243	-0.000090	5.374023	0.000090	1.002243	0.496010	
1070	1.002196	0.002013	2.609314	-0.002013	1.002196	2.083702	
1071	1.008870	0.003486	2.655426	-0.003486	1.008870	-1.788368	
1072	1.003388	0.000429	0.488159	-0.000429	1.003388	-0.562042	
1073	1.004736	-0.001641	1.353607	0.001641	1.004736	0.328568	
1074	1.008329	0.003328	0.252380	-0.003328	1.008329	-3.841591	
1075	1.006058	0.000823	-0.949402	-0.000823	1.006058	-3.310471	
1076	1.009533	0.004169	-1.838348	-0.004169	1.009533	-5.878197	
1077	1.003868	0.004137	-0.472382	-0.004137	1.003868	-0.599754	
1078	1.008510	0.006567	-2.935455	-0.006567	1.008510	-3.827377	
1079	1.002186	-0.001232	-3.989349	0.001232	1.002186	0.439568	
1080	0.995802	-0.007198	-5.459961	0.007198	0.995802	6.730652	
1081	1.003341	-0.002066	-2.016022	0.002066	1.003341	-2.915283	
1082	1.004598	0.000712	-5.231659	-0.000712	1.004598	-1.951584	
1083	1.003888	0.001730	-5.289520	-0.001730	1.003888	2.726059	
1084	1.002960	-0.001492	-3.607788	0.001492	1.002960	-1.722061	
1085	1.010172	-0.002380	-7.688095	0.002380	1.010172	-4.063278	
1086	1.002850	-0.000102	-1.223877	0.000102	1.002850	-0.652832	
1087	1.008395	0.003537	-2.795654	-0.003537	1.008395	-5.450661	
1088	1.000321	-0.001993	-4.134094	0.001993	1.000321	2.228416	
1089	1.001055	-0.007118	-3.914520	0.007118	1.001055	-0.675407	
1090	1.009557	-0.003513	-5.323334	0.003513	1.009557	-15.525963	
1091	1.012237	0.004609	-0.857697	-0.004609	1.012237	-18.872269	
1092	0.990660	0.023832	-13.663666	-0.023832	0.990660	33.773911	
1093	0.985273	-0.044157	6.839905	0.044157	0.985273	8.305740	
1094	1.003511	-0.004264	-3.380005	0.004264	1.003511	-1.375809	
1095	1.000829	0.005067	-3.054596	-0.005067	1.000829	7.044640	
1096	1.004653	0.001838	-6.143646	-0.001838	1.004653	11.622879	
1097	1.000841	0.001554	6.169373	-0.001554	1.000841	11.868378	
1098	1.010839	0.024821	-10.065369	-0.024821	1.010839	-3.493210	
1099	1.005271	0.002352	-2.879578	-0.002352	1.005271	-5.844925	
1100	1.002018	-0.010206	-11.187317	0.010206	1.002018	-0.946320	
1101	1.007368	-0.013507	-6.283096	0.013507	1.007368	-1.671066	
1102	1.006255	-0.001077	-3.429077	0.001077	1.006255	-4.900589	
1103	1.006377	0.007569	-4.462982	-0.007569	1.006377	1.203194	
1104	1.003383	0.001118	-2.625854	-0.001118	1.003383	0.404999	
1105	1.004456	-0.001333	-4.489502	0.001333	1.004456	-2.560196	
1106	1.005506	-0.008267	-3.930176	0.008267	1.005506	0.995346	
1107	1.000649	-0.002077	-2.512939	0.002077	1.000649	5.079506	
1108	1.005263	0.001964	-1.559082	-0.001964	1.005263	-2.061584	
1109	1.006655	0.002061	-2.058197	-0.002061	1.006655	-1.593811	
1110	1.003192	-0.001180	-2.239227	0.001180	1.003192	1.457672	
1111	1.004346	0.005650	-1.897278	-0.005650	1.004346	1.126053	
1112	1.005999	0.002240	-2.096222	-0.002240	1.005999	-3.646194	
1113	1.005465	-0.002044	-4.079468	0.002044	1.005465	-3.502579	
1114	1.003493	-0.001938	-2.912170	0.001938	1.003493	-0.576981	
1115	1.011261	0.004553	-2.691986	-0.004553	1.011261	-7.231720	
1116	1.003124	-0.000981	-3.061554	0.000981	1.003124	-1.755768	
1117	1.002443	-0.004813	-3.376129	0.004813	1.002443	1.230118	
1118	1.003852	-0.000604	-1.835938	0.000604	1.003852	-0.002060	
1119	1.001710	0.002852	-2.176971	-0.002852	1.001710	3.734222	
1120	1.004456	0.003263	-1.001434	-0.003263	1.004456	1.888641	
1121	1.004104	0.000923	-3.855377	-0.000923	1.004104	0.154160	
1122	1.005643	0.001558	-3.205597	-0.001558	1.005643	-3.581741	
1123	1.004227	0.001616	-2.624329	-0.001616	1.004227	-1.306320	
1124	1.007509	-0.003916	-6.305267	0.003916	1.007509	-8.884872	
1125	1.004077	-0.003776	-3.219513	0.003776	1.004077	-4.192596	
1126	1.006482	-0.001767	-3.719574	0.001767	1.006482	-3.787506	
1127	1.006048	0.006003	-0.692093	-0.006003	1.006048	-2.820389	
1128	1.004919	0.001901	-1.676849	-0.001901	1.004919	-1.395294	
1129	1.004571	-0.006124	-3.538849	0.006124	1.004571	-1.353226	
1130	1.001806	-0.002558	-0.477325	0.002558	1.001806	2.186218	
1131	1.003564	0.001488	0.660980	-0.001488	1.003564	1.462357	
1132	1.005218	0.004653	0.765350	-0.004653	1.005218	-2.608017	
1133	1.002339	-0.001498	-0.149078	0.001498	1.002339	1.178940	
1134	1.005790	-0.002115	-0.437256	0.002115	1.005790	-4.096069	
1135	1.006258	0.004673	0.792725	-0.004673	1.006258	-3.474976	
1136	1.004837	0.005264	-0.596954	-0.005264	1.004837	1.526718	
1137	1.005711	-0.000457	-0.461578	0.000457	1.005711	-2.436996	
1138	1.006013	-0.000673	-1.980804	0.000673	1.006013	-2.357735	
1139	1.004031	0.002030	0.577026	-0.002030	1.004031	-0.749535	
1140	1.005326	-0.000672	-1.295502	0.000672	1.005326	0.927444	
1141	1.002681	-0.000378	-0.183350	0.000378	1.002681	0.046837	
1142	1.004901	-0.000089	0.285858	0.000089	1.004901	-1.742981	
1143	1.003332	-0.000388	-0.266113	0.000388	1.003332	-0.413116	
1144	1.006203	0.003615	0.614990	-0.003615	1.006203	-0.916862	
1145	1.001642	0.002994	-0.385529	-0.002994	1.001642	2.454628	
1146	1.000054	0.003227	1.849426	-0.003227	1.000054	0.241150	
1147	1.004688	0.001796	0.154816	-0.001796	1.004688	-3.227798	
1148	1.006298	0.004046	2.167511	-0.004046	1.006298	-6.932732	
1149	1.004731	0.001333	0.630768	-0.001333	1.004731	-3.538834	
1150	1.006241	-0.006703	-1.837677	0.006703	1.006241	-5.803780	
1151	1.003605	-0.003415	-1.657837	0.003415	1.003605	-2.659813	
1152	1.006641	-0.001441	-0.642380	0.001441	1.006641	-3.756927	
1153	1.004906	0.000157	-1.076141	-0.000157	1.004906	-0.747879	
1154	1.001297	-0.001427	-0.926575	0.001427	1.001297	3.722725	
1155	1.002345	0.001636	0.127213	-0.001636	1.002345	1.225945	
1156	1.004530	0.004963	-0.064575	-0.004963	1.004530	-0.638084	
1157	1.003198	0.001104	-1.580963	-0.001104	1.003198	0.112946	
1158	1.003891	-0.000197	-0.473007	0.000197	1.003891	-2.864609	
1159	1.003030	0.000119	-2.027985	-0.000119	1.003030	-0.960999	
1160	1.002838	0.000225	-0.981110	-0.000225	1.002838	-0.814728	
1161	1.010176	0.002609	-3.927856	-0.002609	1.010176	0.217461	
1162	1.001562	-0.004139	-1.115784	0.004139	1.001562	-0.797203	
1163	1.004550	0.000282	0.254272	-0.000282	1.004550	-0.943192	
1164	1.004222	0.004616	0.954224	-0.004616	1.004222	-0.213379	
1165	1.009210	0.005266	0.046753	-0.005266	1.009210	-1.717583	
1166	1.010795	0.006542	-1.787689	-0.006542	1.010795	2.307335	
1167	1.010795	0.006542	-1.787689	-0.006542	1.010795	2.307335	
1168	1.010795	0.006542	-1.787689	-0.006542	1.010795	2.307335	
1169	1.010795	0.006542	-1.787689	-0.006542	1.010795	2.307335	
1170	1.010795	0.006542	-1.787689	-0.006542	1.010795	2.307335	
1171	1.010795	0.006542	-1.787689	-0.006542	1.010795	2.307335	
1172	1.002626	0.001151	3.753311	-0.001151	1.002626	0.514503	
1173	1.002626	0.001151	3.753311	-0.001151	1.002626	0.514503	
1174	1.002626	0.001151	3.753311	-0.001151	1.002626	0.514503	
1175	1.003806	-0.001699	4.025299	0.001699	1.003806	-1.590126	
1176	1.003806	-0.001699	4.025299	0.001699	1.003806	-1.590126	
1177	1.001586	0.003309	3.802658	-0.003309	1.001586	2.304466	
1178	1.003183	0.000747	1.670547	-0.000747	1.003183	-0.007683	
1179	1.002500	-0.001856	-0.134232	0.001856	1.002500	-3.234467	
1180	1.004414	-0.001474	-0.392868	0.001474	1.004414	-0.926712	
1181	1.003273	0.004468	2.190140	-0.004468	1.003273	-4.661392	
1182	1.004608	0.000083	-0.295441	-0.000083	1.004608	-1.107765	
1183	1.005391	-0.005759	-2.436523	0.005759	1.005391	-2.767311	
1184	1.004142	-0.002723	-1.938675	0.002723	1.004142	-1.697769	
1185	1.004766	-0.002308	-2.265167	0.002308	1.004766	-0.359909	
1186	1.004177	0.001213	-1.875015	-0.001213	1.004177	0.589523	
1187	1.001370	0.002679	-1.749817	-0.002679	1.001370	6.738594	
1188	1.002864	0.001631	-2.464752	-0.001631	1.002864	2.612511	
1189	1.004426	-0.000545	-4.098785	0.000545	1.004426	-1.812973	
1190	1.003787	0.000030	-2.244354	-0.000030	1.003787	0.518738	
1191	1.002991	0.000963	-2.318756	-0.000963	1.002991	0.821259	
1192	1.006299	0.000670	-2.417023	-0.000670	1.006299	-3.179840	
1193	1.002866	-0.002359	-1.758728	0.002359	1.002866	-1.272751	
