0	1.000000	0.000000	0.000000	0.000000	1.000000	0.000000	
1	1.000444	0.000019	-0.631226	-0.000019	1.000444	0.157074	
2	0.999674	-0.000784	0.899902	0.000784	0.999674	-0.086731	
3	1.000597	-0.000690	-0.321777	0.000690	1.000597	-1.708649	
4	0.999751	-0.000317	-1.651001	0.000317	0.999751	1.370056	
5	1.000455	-0.000284	-2.624023	0.000284	1.000455	0.463989	
6	0.999760	0.000325	0.482666	-0.000325	0.999760	2.018921	
7	1.000405	0.000154	-0.198608	-0.000154	1.000405	0.264526	
8	0.999671	0.000137	-1.315552	-0.000137	0.999671	1.396637	
9	1.000448	-0.000282	-0.634888	0.000282	1.000448	0.279938	
10	0.999871	-0.000156	-0.437622	0.000156	0.999871	0.783447	
11	1.000407	-0.000468	-1.647949	0.000468	1.000407	0.438904	
12	1.000053	0.000814	-0.060181	-0.000814	1.000053	2.778625	
13	1.000516	-0.000372	-1.167358	0.000372	1.000516	1.016907	
14	0.999924	0.000522	-1.272217	-0.000522	0.999924	1.981049	
15	1.000329	-0.000470	0.110718	0.000470	1.000329	0.293671	
16	0.999956	-0.000352	-0.030518	0.000352	0.999956	-0.237366	
17	1.000367	0.000550	-0.432739	-0.000550	1.000367	1.179901	
18	0.999993	0.000672	-1.070068	-0.000672	0.999993	2.358215	
19	1.000537	0.000008	-0.696045	-0.000008	1.000537	0.346039	
20	0.999973	-0.000383	-0.833862	0.000383	0.999973	1.172455	
21	1.000073	-0.000415	-0.570312	0.000415	1.000073	0.422729	
22	0.999762	0.001181	-0.580566	-0.001181	0.999762	2.368103	
23	1.000617	0.000246	-0.556885	-0.000246	1.000617	0.883270	
24	0.999863	-0.000217	0.220581	0.000217	0.999863	-0.098389	
25	1.000155	-0.000088	-0.177124	0.000088	1.000155	0.205109	
26	0.999990	0.000115	-1.340332	-0.000115	0.999990	0.432037	
27	1.000393	0.000014	-1.508179	-0.000014	1.000393	0.873077	
28	0.999611	0.000037	-0.124023	-0.000037	0.999611	1.316498	
29	1.000448	-0.000492	-2.126099	0.000492	1.000448	-0.075623	
30	0.999761	0.000008	-0.160889	-0.000008	0.999761	0.342957	
31	1.000261	-0.000268	-0.267944	0.000268	1.000261	-0.740082	
32	0.999768	0.000782	-1.545288	-0.000782	0.999768	2.261200	
33	1.000414	-0.000490	0.470703	0.000490	1.000414	-1.113434	
34	0.999852	-0.000190	-0.776855	0.000190	0.999852	0.324646	
35	1.000303	0.000495	-0.604614	-0.000495	1.000303	1.363495	
36	0.999867	0.000088	-0.078369	-0.000088	0.999867	0.335175	
37	1.000225	-0.000272	-0.380005	0.000272	1.000225	-0.553101	
38	0.999893	-0.000117	0.213379	0.000117	0.999893	-0.051300	
39	1.000404	0.000476	-0.335205	-0.000476	1.000404	1.204926	
40	1.000125	0.000680	-0.499268	-0.000680	1.000125	1.164429	
41	1.000270	0.000216	-0.556274	-0.000216	1.000270	0.423340	
42	0.999744	-0.000223	-0.025024	0.000223	0.999744	-0.051392	
43	1.000510	-0.000093	-2.372925	0.000093	1.000510	0.567688	
44	0.999693	-0.000571	-0.501587	0.000571	0.999693	0.250549	
45	1.000508	0.000164	-1.521973	-0.000164	1.000508	0.738770	
46	0.999728	-0.000074	-0.055054	0.000074	0.999728	0.662842	
47	1.000660	-0.000329	-1.163208	0.000329	1.000660	0.140350	
48	0.999368	-0.000134	0.899292	0.000134	0.999368	1.119598	
49	1.000390	-0.000380	0.458008	0.000380	1.000390	0.026794	
50	0.999808	-0.000016	0.322876	0.000016	0.999808	0.082825	
51	1.000347	0.000200	-0.530640	-0.000200	1.000347	0.380737	
52	0.999627	0.000213	-0.799194	-0.000213	0.999627	1.528625	
53	1.000499	-0.000359	-0.749390	0.000359	1.000499	0.451324	
54	0.999583	-0.000217	-0.860474	0.000217	0.999583	1.123932	
55	1.000445	-0.000299	0.220459	0.000299	1.000445	-0.140106	
56	0.999657	-0.000329	0.429199	0.000329	0.999657	0.228546	
57	1.000427	0.000649	-0.581055	-0.000649	1.000427	1.134460	
58	0.999696	0.000041	0.168457	-0.000041	0.999696	0.447388	
59	1.000455	-0.000696	0.125000	0.000696	1.000455	-1.040466	
60	0.999911	-0.000141	0.073242	0.000141	0.999911	0.477020	
61	1.000244	0.000099	-0.104126	-0.000099	1.000244	1.426880	
62	0.999768	-0.000304	1.794922	0.000304	0.999768	-0.256287	
63	1.000458	-0.000190	0.151733	0.000190	1.000458	-0.102814	
64	0.999764	-0.000100	0.138672	0.000100	0.999764	1.541748	
65	1.000153	-0.000359	-0.000122	0.000359	1.000153	-0.788605	
66	0.999857	0.000297	0.569092	-0.000297	0.999857	0.677582	
67	1.000305	0.000128	-0.533569	-0.000128	1.000305	0.201233	
68	0.999643	0.000276	0.020081	-0.000276	0.999643	1.103241	
69	1.000292	0.000086	0.263550	-0.000086	1.000292	0.628662	
70	0.999820	-0.000693	-0.696655	0.000693	0.999820	-0.414246	
71	1.000386	0.000470	-1.426758	-0.000470	1.000386	1.086182	
72	0.999648	0.000584	1.202637	-0.000584	0.999648	1.081726	
73	1.000705	-0.000241	1.151489	0.000241	1.000705	-0.990692	
74	0.999933	-0.000357	0.244995	0.000357	0.999933	-0.824249	
75	1.000372	0.000534	-1.489014	-0.000534	1.000372	0.488403	
76	0.999768	0.000637	1.329590	-0.000637	0.999768	1.247101	
77	1.000449	0.000039	0.381348	-0.000039	1.000449	-0.361206	
78	0.999746	0.000087	-0.047852	-0.000087	0.999746	0.508026	
79	1.000390	0.001511	-0.705444	-0.001511	1.000390	2.073273	
80	0.999796	0.000718	1.236450	-0.000718	0.999796	-0.525055	
81	1.000376	0.000122	-0.920654	-0.000122	1.000376	-0.577881	
82	0.999766	0.000136	0.197998	-0.000136	0.999766	0.457550	
83	1.000299	-0.000149	0.776733	0.000149	1.000299	-0.035004	
84	0.999914	-0.000403	0.960327	0.000403	0.999914	-0.397705	
85	1.000268	-0.000719	0.902954	0.000719	1.000268	-1.160553	
86	0.999768	-0.000485	0.903076	0.000485	0.999768	-0.857727	
87	1.000266	0.000171	0.872314	-0.000171	1.000266	0.120972	
88	1.000014	0.000281	-0.014282	-0.000281	1.000014	-0.575745	
89	1.000175	-0.000264	-1.000854	0.000264	1.000175	-1.011414	
90	1.000167	0.000245	-1.200684	-0.000245	1.000167	-0.047516	
91	0.999963	0.000325	-0.570435	-0.000325	0.999963	0.253967	
92	1.000147	0.000068	-0.307617	-0.000068	1.000147	0.095123	
93	1.000012	-0.000361	-1.169800	0.000361	1.000012	-0.431335	
94	0.999938	0.000048	-0.609253	-0.000048	0.999938	-0.186066	
95	1.000159	0.000294	-0.229858	-0.000294	1.000159	0.364532	
96	1.000155	0.001211	0.463623	-0.001211	1.000155	-0.122437	
97	1.000255	0.000759	0.067017	-0.000759	1.000255	0.823761	
98	0.999773	0.000635	0.165039	-0.000635	0.999773	0.379547	
99	1.000347	-0.000280	0.321899	0.000280	1.000347	-0.593445	
100	0.999655	0.000430	-0.110718	-0.000430	0.999655	0.453033	
101	1.000234	0.000037	0.883179	-0.000037	1.000234	-0.242096	
102	0.999906	-0.000328	1.402222	0.000328	0.999906	-0.733643	
103	1.000179	-0.000072	-0.257690	0.000072	1.000179	-0.144806	
104	0.999684	-0.000235	0.197021	0.000235	0.999684	-0.030762	
105	1.000314	0.000130	-0.729858	-0.000130	1.000314	0.348419	
106	0.999707	-0.000187	0.976562	0.000187	0.999707	0.049805	
107	1.000358	-0.000090	0.322144	0.000090	1.000358	-0.486420	
108	0.999664	0.000120	0.912354	-0.000120	0.999664	0.258911	
109	1.000409	0.000358	-0.130859	-0.000358	1.000409	0.086792	
110	0.999685	-0.000086	0.672119	0.000086	0.999685	0.190033	
111	1.000198	0.000109	-0.248657	-0.000109	1.000198	0.233215	
112	0.999990	-0.000064	0.012207	0.000064	0.999990	-0.160736	
113	1.000303	0.000068	-0.985474	-0.000068	1.000303	-0.174591	
114	0.999629	0.000241	-0.346802	-0.000241	0.999629	0.301849	
115	1.000360	0.000733	0.005981	-0.000733	1.000360	0.249115	
116	0.999859	-0.000294	-0.008667	0.000294	0.999859	-0.414948	
117	1.000320	0.000143	-0.468872	-0.000143	1.000320	0.003113	
118	0.999760	0.000470	-0.070801	-0.000470	0.999760	0.570221	
119	1.000485	0.000871	-1.157593	-0.000871	1.000485	1.276581	
120	0.999981	0.000013	0.182739	-0.000013	0.999981	0.273804	
121	1.000210	0.000147	-0.059448	-0.000147	1.000210	0.212494	
122	0.999783	0.000108	-0.255981	-0.000108	0.999783	0.320618	
123	1.000310	-0.000139	-0.302124	0.000139	1.000310	-0.502502	
124	1.000048	0.000374	0.751343	-0.000374	1.000048	0.523529	
125	1.000431	0.001069	-0.432861	-0.001069	1.000431	0.417419	
126	0.999850	0.000101	0.955688	-0.000101	0.999850	0.384705	
127	1.000548	-0.000102	-0.197876	0.000102	1.000548	-1.274445	
128	0.999845	0.000122	0.158081	-0.000122	0.999845	0.481323	
129	1.000430	-0.000021	0.131592	0.000021	1.000430	0.244568	
130	0.999692	0.000340	0.651489	-0.000340	0.999692	0.649353	
131	1.000474	0.000170	0.528687	-0.000170	1.000474	-0.869720	
132	0.999701	-0.000307	0.351807	0.000307	0.999701	-0.720642	
133	1.000498	-0.000199	-0.760254	0.000199	1.000498	-0.560364	
134	0.999853	0.000761	0.114868	-0.000761	0.999853	2.005280	
135	1.000406	-0.000578	1.598633	0.000578	1.000406	-0.626953	
136	0.999762	-0.000746	1.467041	0.000746	0.999762	-0.997681	
137	1.000473	-0.000131	-1.369385	0.000131	1.000473	-0.260315	
138	0.999709	-0.000061	0.817505	0.000061	0.999709	-0.337006	
139	1.000459	0.000546	-0.325195	-0.000546	1.000459	-0.440796	
140	0.999719	-0.000387	0.457764	0.000387	0.999719	-0.618469	
141	1.000312	-0.000327	-0.479248	0.000327	1.000312	-0.709412	
142	0.999832	-0.000160	-0.404541	0.000160	0.999832	-1.226898	
143	1.000568	-0.000061	-1.371216	0.000061	1.000568	-0.467041	
144	0.999651	-0.000587	-0.797729	0.000587	0.999651	-1.707031	
145	1.000534	-0.000322	-2.133667	0.000322	1.000534	-0.326691	
146	0.999711	-0.000383	0.105835	0.000383	0.999711	-1.084595	
147	1.000306	-0.000044	-1.623779	0.000044	1.000306	-1.208771	
148	0.999770	0.000498	-1.069092	-0.000498	0.999770	-0.061432	
149	1.000719	-0.000831	-1.992798	0.000831	1.000719	-0.841583	
150	0.999662	0.000322	0.011597	-0.000322	0.999662	0.401123	
151	1.000201	0.000731	-0.117554	-0.000731	1.000201	0.526276	
152	0.999731	0.000045	1.563110	-0.000045	0.999731	-0.354462	
153	1.000337	-0.000069	-0.248169	0.000069	1.000337	-0.799652	
154	0.999796	0.000316	-0.145874	-0.000316	0.999796	1.001831	
155	1.000239	-0.000740	0.410034	0.000740	1.000239	-0.947021	
156	0.999720	-0.000423	0.541748	0.000423	0.999720	-0.520294	
157	1.000507	0.000299	-0.385498	-0.000299	1.000507	-0.443024	
158	0.999622	0.000461	-0.011597	-0.000461	0.999622	0.942108	
159	1.000443	-0.000480	-1.082153	0.000480	1.000443	-0.352478	
160	0.999446	-0.000617	0.051270	0.000617	0.999446	-0.634552	
161	1.000328	-0.000400	-0.686768	0.000400	1.000328	-0.760895	
162	0.999608	0.000193	-1.149902	-0.000193	0.999608	1.299530	
163	1.000173	0.000237	0.004395	-0.000237	1.000173	-0.317108	
164	0.999925	0.000118	0.157349	-0.000118	0.999925	0.172455	
165	1.000127	0.000759	-0.747925	-0.000759	1.000127	0.173584	
166	0.999747	0.000314	-0.134521	-0.000314	0.999747	0.206299	
167	1.000539	-0.000146	-1.322083	0.000146	1.000539	-0.235046	
168	0.999709	-0.000064	-0.475098	0.000064	0.999709	0.270752	
169	1.000250	0.000519	-1.064575	-0.000519	1.000250	0.345978	
170	0.999768	-0.000010	0.445679	0.000010	0.999768	0.049500	
171	1.000240	0.000130	-1.083862	-0.000130	1.000240	0.180206	
172	1.000175	0.000431	-1.673096	-0.000431	1.000175	1.228790	
173	1.000084	0.000119	-0.115845	-0.000119	1.000084	0.112701	
174	0.999738	0.000009	0.256226	-0.000009	0.999738	0.069702	
175	1.000579	0.000080	-1.467773	-0.000080	1.000579	-0.623810	
176	1.001164	0.000414	-0.932556	-0.000414	1.001164	-0.286346	
177	1.000457	0.000745	-0.506958	-0.000745	1.000457	0.013184	
178	0.999838	-0.000287	-0.048950	0.000287	0.999838	0.933746	
179	1.000564	0.000446	-1.163086	-0.000446	1.000564	0.685669	
180	0.999641	0.000154	0.631226	-0.000154	0.999641	0.318726	
181	1.000503	0.000335	-1.049927	-0.000335	1.000503	-0.727112	
182	0.999835	0.000494	-0.090454	-0.000494	0.999835	-0.025299	
183	1.000240	0.000452	-0.253418	-0.000452	1.000240	-0.499634	
184	0.999791	0.000065	0.228271	-0.000065	0.999791	0.001862	
185	1.000293	0.000111	-0.614258	-0.000111	1.000293	0.086060	
186	0.999898	0.000197	-0.071289	-0.000197	0.999898	0.043518	
187	1.000189	0.000081	-1.164856	-0.000081	1.000189	-0.306915	
188	0.999792	-0.000197	0.197510	0.000197	0.999792	-0.128510	
189	1.000183	0.000142	-0.351318	-0.000142	1.000183	-0.131256	
190	0.999958	-0.000151	0.083862	0.000151	0.999958	-1.155914	
191	1.000338	0.000077	-1.659790	-0.000077	1.000338	-0.584167	
192	0.999648	0.000909	-0.295654	-0.000909	0.999648	1.231873	
193	1.000282	-0.000497	0.923828	0.000497	1.000282	-0.742340	
194	0.999839	-0.000276	0.625610	0.000276	0.999839	-0.243927	
195	1.000369	-0.000110	0.412109	0.000110	1.000369	-0.315369	
196	0.999871	0.000719	0.130981	-0.000719	0.999871	0.625580	
197	0.999988	0.000688	0.562134	-0.000688	0.999988	0.438782	
198	1.000079	-0.000657	1.139893	0.000657	1.000079	-1.255005	
199	0.999957	0.000196	-1.009644	-0.000196	0.999957	0.088196	
200	1.000131	0.000883	-0.358154	-0.000883	1.000131	1.796478	
201	0.999932	-0.000317	-0.022217	0.000317	0.999932	-1.158875	
202	0.999881	-0.000510	-0.613892	0.000510	0.999881	-1.105652	
203	1.000120	0.000111	-0.218628	-0.000111	1.000120	0.239838	
204	1.000198	0.000073	0.072021	-0.000073	1.000198	-0.553009	
205	1.000118	0.000384	-0.241089	-0.000384	1.000118	-0.182770	
206	1.000022	0.000469	1.165161	-0.000469	1.000022	0.626862	
207	0.999996	-0.000241	0.088379	0.000241	0.999996	-0.300903	
208	0.999948	-0.000231	-0.874756	0.000231	0.999948	-0.731079	
209	0.999977	0.000062	0.577637	-0.000062	0.999977	-0.020813	
210	1.000130	0.000045	1.167236	-0.000045	1.000130	-0.055084	
211	1.000273	-0.000164	0.638794	0.000164	1.000273	-0.503937	
212	0.999920	-0.000023	0.432495	0.000023	0.999920	-0.114105	
213	0.999948	0.000052	0.498535	-0.000052	0.999948	0.320129	
214	1.000224	0.000283	0.855713	-0.000283	1.000224	-0.470215	
215	1.000010	0.000310	-0.227417	-0.000310	1.000010	-0.201294	
216	1.000036	-0.000026	-0.007812	0.000026	1.000036	-0.646301	
217	1.000115	-0.000038	-0.778564	0.000038	1.000115	-0.103546	
218	0.999890	0.000181	0.027588	-0.000181	0.999890	0.134674	
219	1.000082	0.000339	0.629639	-0.000339	1.000082	0.276489	
220	0.999977	-0.000044	0.150146	0.000044	0.999977	0.020630	
221	1.000088	0.000117	-0.191406	-0.000117	1.000088	0.115509	
222	0.999966	-0.000000	-0.504395	0.000000	0.999966	0.170959	
223	1.000090	0.000606	-0.284424	-0.000606	1.000090	0.237579	
224	1.000106	0.000884	-0.036377	-0.000884	1.000106	0.456177	
225	1.000082	0.000209	-0.139771	-0.000209	1.000082	-0.528931	
226	1.000068	-0.000077	-0.121216	0.000077	1.000068	-0.399323	
227	1.000153	-0.000122	-0.006104	0.000122	1.000153	-0.137238	
228	0.999909	0.000183	1.214966	-0.000183	0.999909	0.627441	
229	1.000290	0.000288	-0.273315	-0.000288	1.000290	0.656891	
230	0.999171	-0.000142	0.735229	0.000142	0.999171	-0.065796	
231	1.000414	0.000120	-0.647827	-0.000120	1.000414	0.285400	
232	0.999682	0.000624	0.717651	-0.000624	0.999682	-0.164307	
233	1.000553	-0.000049	0.383789	0.000049	1.000553	-0.643707	
234	0.999836	0.000309	-0.012817	-0.000309	0.999836	0.363953	
235	1.000177	0.000315	0.096436	-0.000315	1.000177	-0.021057	
236	0.999782	0.000184	0.396973	-0.000184	0.999782	0.243774	
237	1.000365	0.000186	0.439453	-0.000186	1.000365	-0.924408	
238	0.999851	0.000281	-0.017944	-0.000281	0.999851	-0.540405	
239	1.000157	0.000049	-0.158813	-0.000049	1.000157	0.068146	
240	0.999722	0.000460	0.720459	-0.000460	0.999722	0.556793	
241	1.000381	0.000076	0.457153	-0.000076	1.000381	-0.621460	
242	0.999944	0.000005	0.080688	-0.000005	0.999944	0.049103	
243	1.000105	0.000175	-0.125732	-0.000175	1.000105	-0.027161	
244	0.999820	0.000166	0.079102	-0.000166	0.999820	-0.099213	
245	1.000174	-0.000046	0.578369	0.000046	1.000174	-0.265472	
246	0.999548	0.000064	1.241455	-0.000064	0.999548	0.202972	
247	1.000340	0.000575	0.142212	-0.000575	1.000340	-0.590179	
248	0.999628	0.000182	1.209839	-0.000182	0.999628	-0.056702	
249	1.000657	0.000225	1.075195	-0.000225	1.000657	-0.094696	
250	0.999672	0.000111	1.672974	-0.000111	0.999672	0.010742	
251	1.000146	-0.000026	0.371948	0.000026	1.000146	-0.076508	
252	0.999691	-0.000059	0.429321	0.000059	0.999691	0.615448	
253	1.000280	0.000049	0.968018	-0.000049	1.000280	-0.255798	
254	0.999796	0.000072	1.562134	-0.000072	0.999796	0.042297	
255	1.000262	0.000072	0.323242	-0.000072	1.000262	-0.854156	
256	0.999758	0.000146	0.716064	-0.000146	0.999758	0.205109	
257	1.000382	-0.000219	-0.117310	0.000219	1.000382	-0.064240	
258	0.999715	-0.000095	0.320312	0.000095	0.999715	0.706879	
259	1.000406	-0.000029	0.398193	0.000029	1.000406	0.060242	
260	0.999739	-0.000003	1.502075	0.000003	0.999739	0.492310	
261	1.000332	0.000349	-1.309448	-0.000349	1.000332	1.078491	
262	0.999563	0.000432	1.082397	-0.000432	0.999563	0.694031	
263	1.000429	-0.000056	0.909668	0.000056	1.000429	-1.186432	
264	0.999883	0.000185	-0.139648	-0.000185	0.999883	0.246429	
265	1.000109	0.000163	1.202759	-0.000163	1.000109	0.126404	
266	0.999847	0.000673	1.776733	-0.000673	0.999847	1.824554	
267	1.000403	0.000093	0.530396	-0.000093	1.000403	0.010468	
268	0.999536	0.000111	0.717041	-0.000111	0.999536	0.927368	
269	1.000379	0.000071	-0.169312	-0.000071	1.000379	0.526306	
270	0.999763	0.000065	1.445557	-0.000065	0.999763	0.455017	
271	1.000323	0.000352	0.513550	-0.000352	1.000323	0.068787	
272	0.999697	-0.000258	1.190674	0.000258	0.999697	0.139771	
273	1.000403	0.000318	0.270020	-0.000318	1.000403	0.889069	
274	0.999777	0.000100	0.167236	-0.000100	0.999777	0.872040	
275	1.000313	0.000051	0.098022	-0.000051	1.000313	0.185730	
276	0.999686	0.000225	1.125000	-0.000225	0.999686	0.651520	
277	1.000481	-0.000045	0.126953	0.000045	1.000481	-0.376862	
278	0.999855	0.000236	-0.039551	-0.000236	0.999855	0.307281	
279	1.000423	0.000397	0.543457	-0.000397	1.000423	-0.153900	
280	0.999649	0.000353	0.769653	-0.000353	0.999649	0.931549	
281	1.000448	0.000064	-0.557251	-0.000064	1.000448	-0.039856	
282	0.999795	0.000163	0.392334	-0.000163	0.999795	0.380768	
283	1.000396	0.000248	0.486938	-0.000248	1.000396	0.403076	
284	0.999635	0.000031	1.790039	-0.000031	0.999635	0.274963	
285	1.000394	0.000326	-0.414185	-0.000326	1.000394	0.827667	
286	0.999809	0.000245	0.190918	-0.000245	0.999809	1.058075	
287	1.000183	0.000181	0.593506	-0.000181	1.000183	0.411407	
288	0.999815	0.000432	1.260010	-0.000432	0.999815	0.897827	
289	1.000526	-0.000040	1.193359	0.000040	1.000526	0.723328	
290	0.999601	-0.000050	1.571777	0.000050	0.999601	0.475555	
291	1.000577	0.000039	-0.349365	-0.000039	1.000577	-0.174561	
292	0.999735	0.000059	0.529297	-0.000059	0.999735	-0.075684	
293	1.000361	0.000312	-0.303223	-0.000312	1.000361	0.616119	
294	0.999651	-0.000084	1.851562	0.000084	0.999651	-0.109344	
295	1.000553	0.000029	-0.589478	-0.000029	1.000553	-0.160614	
296	0.999720	-0.000117	-0.102295	0.000117	0.999720	0.105988	
297	1.000352	0.000104	-0.234375	-0.000104	1.000352	0.632111	
298	0.999826	0.000208	1.280884	-0.000208	0.999826	0.218475	
299	1.000427	-0.000148	-0.011719	0.000148	1.000427	0.010925	
300	0.999540	0.000199	-0.356812	-0.000199	0.999540	1.005341	
301	1.000480	0.000171	-0.012939	-0.000171	1.000480	-0.625488	
302	0.999764	0.000282	0.918457	-0.000282	0.999764	0.410553	
303	1.000513	0.000051	-0.730835	-0.000051	1.000513	-0.128082	
304	0.999696	0.000376	0.553101	-0.000376	0.999696	0.649841	
305	1.000422	-0.000086	0.331421	0.000086	1.000422	-0.076447	
306	0.999749	-0.000010	0.880249	0.000010	0.999749	0.966125	
307	1.000185	-0.000014	0.731567	0.000014	1.000185	0.546265	
308	1.000100	-0.000093	1.049805	0.000093	1.000100	0.009064	
309	0.999956	-0.000108	1.916626	0.000108	0.999956	0.522736	
310	0.999967	0.000084	1.210327	-0.000084	0.999967	0.147919	
311	1.000366	0.000287	0.061768	-0.000287	1.000366	-0.448822	
312	0.999990	-0.000097	1.308716	0.000097	0.999990	0.147888	
313	1.000105	0.000351	1.333130	-0.000351	1.000105	0.558350	
314	1.000268	-0.000075	0.265503	0.000075	1.000268	-0.134216	
315	0.999931	-0.000204	-0.447510	0.000204	0.999931	0.680634	
316	1.000126	-0.000023	-0.857910	0.000023	1.000126	1.184540	
317	1.000031	-0.000101	0.929810	0.000101	1.000031	0.345306	
318	1.000063	0.000144	0.183105	-0.000144	1.000063	0.220734	
319	0.999988	-0.000131	-0.260498	0.000131	0.999988	0.046783	
320	1.000052	0.000108	0.016357	-0.000108	1.000052	0.116486	
321	1.000067	0.000336	0.848145	-0.000336	1.000067	0.401215	
322	1.000040	-0.000067	0.108887	0.000067	1.000040	0.222626	
323	1.000185	0.000188	-0.460083	-0.000188	1.000185	0.357605	
324	1.000002	0.000205	0.145874	-0.000205	1.000002	0.145782	
325	1.000090	0.000224	0.685059	-0.000224	1.000090	0.616058	
326	1.000068	0.000437	0.009155	-0.000437	1.000068	0.522766	
327	1.000073	0.000129	0.069458	-0.000129	1.000073	0.072693	
328	1.000175	0.000229	-0.183594	-0.000229	1.000175	-0.135406	
329	0.999966	-0.000270	-0.766968	0.000270	0.999966	0.220642	
330	0.999960	0.000174	0.700806	-0.000174	0.999960	0.815491	
331	1.001005	-0.000218	0.502930	0.000218	1.001005	0.427734	
332	1.000126	-0.000221	-0.623535	0.000221	1.000126	-0.094238	
333	1.000033	0.000087	-0.314453	-0.000087	1.000033	0.221893	
334	0.999935	-0.000205	0.392456	0.000205	0.999935	0.846924	
335	1.000130	0.000135	0.746216	-0.000135	1.000130	0.298248	
336	1.000039	0.000032	0.369873	-0.000032	1.000039	-0.091553	
337	1.000166	-0.000165	0.359985	0.000165	1.000166	-0.086456	
338	1.000020	0.000030	0.037354	-0.000030	1.000020	0.532745	
339	1.000087	0.000133	1.118774	-0.000133	1.000087	0.262115	
340	1.000059	0.000053	1.384888	-0.000053	1.000059	-0.078552	
341	1.000271	-0.000136	-0.014893	0.000136	1.000271	-0.153320	
342	0.999977	-0.000196	0.234253	0.000196	0.999977	0.189270	
343	1.000027	-0.000121	-0.122803	0.000121	1.000027	0.168396	
344	1.000131	0.000228	-0.289673	-0.000228	1.000131	1.339325	
345	1.000055	-0.000030	0.465576	0.000030	1.000055	0.000671	
346	1.000118	-0.000490	-0.381226	0.000490	1.000118	0.044006	
347	0.999919	0.000402	-0.241333	-0.000402	0.999919	1.124451	
348	1.000049	0.000097	1.149048	-0.000097	1.000049	0.195343	
349	1.000157	0.000415	0.959229	-0.000415	1.000157	0.036194	
350	1.000087	-0.000102	-0.279785	0.000102	1.000087	0.398651	
351	1.000037	-0.000192	-0.035522	0.000192	1.000037	0.818359	
352	0.999974	0.000189	0.699585	-0.000189	0.999974	0.881592	
353	1.000130	-0.000069	1.187012	0.000069	1.000130	-0.121918	
354	1.000159	0.000039	0.421631	-0.000039	1.000159	-0.139984	
355	1.000317	-0.000205	-0.489624	0.000205	1.000317	-0.132355	
356	0.999708	0.000068	-0.463989	-0.000068	0.999708	0.875397	
357	1.000413	0.000334	-0.395630	-0.000334	1.000413	0.002289	
358	0.999862	0.000114	1.432373	-0.000114	0.999862	0.168823	
359	1.000514	0.000065	-0.274658	-0.000065	1.000514	-0.038055	
360	0.999805	0.000406	0.729126	-0.000406	0.999805	1.246368	
361	1.000233	-0.000103	1.132812	0.000103	1.000233	-0.199524	
362	0.999658	-0.000293	0.709106	0.000293	0.999658	0.477142	
363	1.000435	0.000147	-1.144043	-0.000147	1.000435	0.450806	
364	0.999606	0.000096	2.569214	-0.000096	0.999606	0.441742	
365	1.000504	0.000065	0.314209	-0.000065	1.000504	-0.082977	
366	0.999635	0.000087	1.099976	-0.000087	0.999635	1.120544	
367	1.000247	-0.000073	-0.137817	0.000073	1.000247	0.091003	
368	0.999781	0.000154	0.953491	-0.000154	0.999781	1.001160	
369	1.000366	0.000145	0.736694	-0.000145	1.000366	0.123749	
370	0.999874	0.000038	0.061768	-0.000038	0.999874	0.121307	
371	1.000203	0.000337	-0.277466	-0.000337	1.000203	0.092285	
372	0.999894	0.000305	0.000244	-0.000305	0.999894	0.009796	
373	1.000228	0.000121	-0.324951	-0.000121	1.000228	-0.257629	
374	0.999884	0.000033	0.287964	-0.000033	0.999884	0.073425	
375	1.000373	0.000075	-0.657959	-0.000075	1.000373	-0.040802	
376	0.999703	0.000039	0.123535	-0.000039	0.999703	0.485199	
377	1.000147	0.000081	0.362793	-0.000081	1.000147	-0.273224	
378	0.999722	0.000230	0.542603	-0.000230	0.999722	0.411163	
379	1.000598	0.000060	-0.029541	-0.000060	1.000598	-1.125488	
380	0.999795	0.000179	0.119751	-0.000179	0.999795	0.573395	
381	1.000375	0.000295	0.352905	-0.000295	1.000375	-0.217957	
382	0.999779	0.000035	0.198486	-0.000035	0.999779	0.452911	
383	1.000202	0.000203	0.671021	-0.000203	1.000202	-0.017578	
384	0.999792	0.000014	0.790161	-0.000014	0.999792	0.180237	
385	1.000144	-0.000020	-0.074463	0.000020	1.000144	-0.019958	
386	0.999891	-0.000357	-0.008057	0.000357	0.999891	0.443634	
387	1.000275	0.000378	-0.890991	-0.000378	1.000275	1.028595	
388	0.999859	-0.000077	1.066162	0.000077	0.999859	-0.612244	
389	1.000259	-0.000172	0.470337	0.000172	1.000259	-0.409973	
390	0.999693	-0.000154	0.831299	0.000154	0.999693	0.159424	
391	1.000258	0.000071	-0.315186	-0.000071	1.000258	-0.091003	
392	0.999863	-0.000097	0.250244	0.000097	0.999863	-0.278931	
393	1.000417	-0.000144	0.265991	0.000144	1.000417	-0.065948	
394	0.999688	0.000223	0.669556	-0.000223	0.999688	0.377655	
395	1.000364	0.000100	-0.638672	-0.000100	1.000364	-0.135712	
396	0.999775	-0.000067	0.149292	0.000067	0.999775	0.181702	
397	1.000338	0.000204	-0.847046	-0.000204	1.000338	-0.354736	
398	0.999602	0.000217	1.529175	-0.000217	0.999602	0.902374	
399	1.000433	0.000007	0.051880	-0.000007	1.000433	-0.159515	
400	0.999853	0.000317	-1.487793	-0.000317	0.999853	1.431458	
401	1.000174	0.000004	-0.290283	-0.000004	1.000174	0.224426	
402	0.999756	0.000086	1.581543	-0.000086	0.999756	-0.086517	
403	1.000604	0.000291	-0.809937	-0.000291	1.000604	-0.796600	
404	0.999673	0.000007	-0.191406	-0.000007	0.999673	-0.030396	
405	1.000625	0.000305	-0.344849	-0.000305	1.000625	1.100769	
406	0.999761	-0.000119	0.431396	0.000119	0.999761	0.494354	
407	1.000172	0.000174	-0.212036	-0.000174	1.000172	0.363831	
408	0.999726	0.000118	0.935303	-0.000118	0.999726	0.313019	
409	1.000428	-0.000293	-0.335693	0.000293	1.000428	-0.167664	
410	0.999904	0.000218	0.687866	-0.000218	0.999904	0.167603	
411	1.000438	-0.000192	-0.418945	0.000192	1.000438	-0.337646	
412	0.999709	-0.000004	-0.775269	0.000004	0.999709	1.277222	
413	1.000432	0.000078	0.375610	-0.000078	1.000432	0.196838	
414	0.999695	0.000044	1.122681	-0.000044	0.999695	0.417450	
415	1.000411	-0.000283	-0.876221	0.000283	1.000411	0.992310	
416	0.999621	0.000152	-0.105713	-0.000152	0.999621	0.938019	
417	1.000289	0.000306	1.106079	-0.000306	1.000289	-0.804962	
418	0.999799	0.000090	0.640137	-0.000090	0.999799	0.480072	
419	1.000191	-0.000024	-0.172485	0.000024	1.000191	0.357910	
420	0.999698	0.000091	0.445068	-0.000091	0.999698	0.196899	
421	1.000425	0.000313	0.862671	-0.000313	1.000425	0.254364	
422	0.999869	-0.000151	0.411621	0.000151	0.999869	-0.089722	
423	1.000355	-0.000065	-0.949219	0.000065	1.000355	-0.118591	
424	1.000017	-0.000018	-0.428711	0.000018	1.000017	0.758118	
425	1.000057	-0.000148	-0.037720	0.000148	1.000057	0.057617	
426	1.000139	-0.000089	0.276489	0.000089	1.000139	0.340485	
427	0.999938	0.000240	0.474731	-0.000240	0.999938	0.338989	
428	1.000126	0.000063	-0.236694	-0.000063	1.000126	0.288025	
429	1.000089	0.000143	0.242310	-0.000143	1.000089	0.282227	
430	0.999994	0.000275	-0.427124	-0.000275	0.999994	-0.091431	
431	0.999975	0.000357	-0.030396	-0.000357	0.999975	0.623230	
432	1.000173	0.000568	0.106812	-0.000568	1.000173	-0.007446	
433	1.000139	0.000046	-0.160889	-0.000046	1.000139	-0.052032	
434	1.000334	0.000299	-1.036987	-0.000299	1.000334	-0.119293	
435	1.000026	0.000445	-0.280273	-0.000445	1.000026	0.177124	
436	0.999847	0.000197	0.602661	-0.000197	0.999847	0.367249	
437	1.000170	0.000315	0.191284	-0.000315	1.000170	-0.395721	
438	1.000086	0.000007	-0.064453	-0.000007	1.000086	-0.230957	
439	1.000063	0.000462	-0.014771	-0.000462	1.000063	0.002075	
440	0.999971	0.000070	1.094849	-0.000070	0.999971	-0.094147	
441	1.000217	0.000251	0.163208	-0.000251	1.000217	0.017120	
442	0.999815	0.000083	0.684082	-0.000083	0.999815	-0.720032	
443	1.000213	0.000066	-0.087402	-0.000066	1.000213	-0.716614	
444	0.999984	-0.000018	0.021973	0.000018	0.999984	-0.130493	
445	1.000190	0.000106	-0.255371	-0.000106	1.000190	-0.258026	
446	0.999767	-0.000124	0.171875	0.000124	0.999767	-1.214508	
447	1.000450	-0.000133	0.138306	0.000133	1.000450	-0.581299	
448	0.999797	-0.000185	-0.324829	0.000185	0.999797	-0.841492	
449	1.000249	-0.000158	0.019409	0.000158	1.000249	-0.350159	
450	0.999940	-0.000368	0.858154	0.000368	0.999940	-0.100861	
451	1.000393	-0.000188	-0.795166	0.000188	1.000393	-0.444183	
452	0.999754	-0.000306	1.257935	0.000306	0.999754	-0.437408	
453	1.000347	-0.000224	0.067139	0.000224	1.000347	-0.843536	
454	0.999839	-0.000120	0.304810	0.000120	0.999839	-0.290375	
455	1.000324	-0.000452	-0.605225	0.000452	1.000324	-1.100983	
456	0.999728	-0.000006	-0.113403	0.000006	0.999728	0.132568	
457	1.000516	-0.000278	0.896362	0.000278	1.000516	-1.295441	
458	0.999834	-0.000575	0.314453	0.000575	0.999834	-0.755280	
459	1.000242	-0.000441	-0.550781	0.000441	1.000242	-0.379181	
460	0.999486	-0.000328	0.450928	0.000328	0.999486	-0.190002	
461	1.000373	-0.000064	0.975830	0.000064	1.000373	-0.557098	
462	0.999704	0.000096	0.817261	-0.000096	0.999704	-0.042480	
463	1.000586	-0.000133	0.166992	0.000133	1.000586	-1.602478	
464	0.999687	-0.000179	0.216431	0.000179	0.999687	-0.044739	
465	1.000234	-0.000097	0.643555	0.000097	1.000234	0.194275	
466	0.999729	-0.000781	0.965698	0.000781	0.999729	-1.045166	
467	1.000326	-0.000013	0.433228	0.000013	1.000326	-0.086456	
468	0.999727	-0.000143	-0.101318	0.000143	0.999727	0.164673	
469	1.000320	-0.000205	0.074585	0.000205	1.000320	-0.488434	
470	0.999891	-0.000190	0.714111	0.000190	0.999891	-0.243134	
471	1.000238	-0.000192	-0.074951	0.000192	1.000238	-0.161255	
472	1.000037	0.000008	0.053833	-0.000008	1.000037	0.163452	
473	1.000035	0.000009	-0.095215	-0.000009	1.000035	0.217255	
474	0.999867	-0.000067	1.340942	0.000067	0.999867	0.187897	
475	1.000451	0.000236	0.266357	-0.000236	1.000451	0.031799	
476	0.999672	0.000151	1.092651	-0.000151	0.999672	-0.541290	
477	1.000486	0.000158	-0.823364	-0.000158	1.000486	-0.452942	
478	0.999763	0.000136	-0.188354	-0.000136	0.999763	0.151001	
479	1.000208	0.000225	-0.104980	-0.000225	1.000208	0.161163	
480	0.999913	-0.000039	-0.062012	0.000039	0.999913	-0.078827	
481	1.000356	0.000194	-0.229736	-0.000194	1.000356	0.602112	
482	0.999727	0.000069	0.651245	-0.000069	0.999727	0.133087	
483	1.000453	0.000039	-0.857422	-0.000039	1.000453	-0.036102	
484	0.999651	0.000234	-0.297241	-0.000234	0.999651	0.582031	
485	1.000368	0.000210	0.535889	-0.000210	1.000368	0.096741	
486	0.999923	0.000372	0.580933	-0.000372	0.999923	0.076874	
487	1.000407	0.000083	0.223511	-0.000083	1.000407	-0.915527	
488	0.999781	0.000169	0.219238	-0.000169	0.999781	0.223450	
489	1.000409	0.000312	0.382935	-0.000312	1.000409	-0.622498	
490	0.999808	-0.000571	-0.362671	0.000571	0.999808	-0.428101	
491	1.000395	-0.000011	-0.828247	0.000011	1.000395	1.061096	
492	0.999690	0.000348	1.516479	-0.000348	0.999690	0.404663	
493	1.000544	-0.000179	0.081909	0.000179	1.000544	-2.189636	
494	0.999714	-0.000028	0.349243	0.000028	0.999714	0.301910	
495	1.000510	0.000016	0.024658	-0.000016	1.000510	-0.855560	
496	0.999807	0.000010	1.234253	-0.000010	0.999807	0.000519	
497	1.000296	-0.000129	1.358887	0.000129	1.000296	-0.228455	
498	0.999874	-0.000286	1.515381	0.000286	0.999874	-0.500397	
499	1.000254	0.000079	1.746094	-0.000079	1.000254	-0.942932	
500	1.000332	-0.000471	1.361084	0.000471	1.000332	-1.620117	
501	1.000009	-0.000291	1.184570	0.000291	1.000009	-0.369110	
502	1.000415	0.000417	1.239380	-0.000417	1.000415	0.206451	
503	1.000295	-0.000585	0.769775	0.000585	1.000295	-1.300262	
504	0.999935	-0.000639	0.679565	0.000639	0.999935	-1.013702	
505	1.000036	-0.000196	1.184082	0.000196	1.000036	0.293610	
506	1.000102	-0.000641	2.626953	0.000641	1.000102	-1.359772	
507	1.000072	-0.000412	0.464966	0.000412	1.000072	-0.250885	
508	0.999883	-0.000241	0.164795	0.000241	0.999883	-0.996552	
509	1.000028	-0.000319	1.506714	0.000319	1.000028	-1.246704	
510	0.999944	-0.000331	0.650269	0.000331	0.999944	-0.739380	
511	1.000372	0.000058	0.395020	-0.000058	1.000372	-0.748077	
512	0.999778	-0.000118	1.257812	0.000118	0.999778	0.014923	
513	1.000459	-0.000407	2.183838	0.000407	1.000459	-1.343323	
514	0.999816	-0.000310	1.285645	0.000310	0.999816	-0.208069	
515	1.000449	-0.000295	-0.580200	0.000295	1.000449	-0.519012	
516	0.999924	0.000126	1.185669	-0.000126	0.999924	0.160034	
517	1.000451	0.000004	0.373535	-0.000004	1.000451	-1.055084	
518	0.999737	0.000268	0.859253	-0.000268	0.999737	-0.817535	
519	1.000542	0.000146	0.038208	-0.000146	1.000542	-0.357880	
520	0.999739	-0.000023	0.936157	0.000023	0.999739	-0.347076	
521	1.000246	-0.000147	-0.252197	0.000147	1.000246	-0.458038	
522	0.999742	-0.000273	0.851929	0.000273	0.999742	-0.668579	
523	1.000169	-0.000066	-0.181396	0.000066	1.000169	-0.109344	
524	0.999944	-0.000112	1.294800	0.000112	0.999944	-1.842682	
525	1.000519	-0.000265	1.493652	0.000265	1.000519	-0.959900	
526	0.999700	0.000094	2.044678	-0.000094	0.999700	-0.174988	
527	1.000426	-0.000226	0.419922	0.000226	1.000426	-1.017914	
528	0.999861	-0.000381	0.459473	0.000381	0.999861	-0.293396	
529	1.000304	-0.000361	0.634766	0.000361	1.000304	-1.029938	
530	0.999608	-0.000365	1.400391	0.000365	0.999608	-1.485443	
531	1.000554	-0.000073	0.536987	0.000073	1.000554	-0.706238	
532	0.999842	-0.000340	0.948853	0.000340	0.999842	-1.093964	
533	1.000220	-0.000169	0.163574	0.000169	1.000220	-0.908295	
534	0.999742	-0.000248	0.479248	0.000248	0.999742	-0.885101	
535	1.000448	-0.000259	0.985718	0.000259	1.000448	-1.562073	
536	0.999680	-0.000365	0.846680	0.000365	0.999680	-0.947723	
537	1.000335	-0.000440	-0.590088	0.000440	1.000335	-0.505524	
538	0.999706	-0.000436	-0.177124	0.000436	0.999706	-0.166260	
539	1.000396	-0.000060	0.273193	0.000060	1.000396	-0.447723	
540	0.999691	-0.000393	0.566284	0.000393	0.999691	-0.847992	
541	1.000513	-0.000056	-0.011841	0.000056	1.000513	-1.474640	
542	0.999764	0.000051	1.195435	-0.000051	0.999764	-0.766602	
543	1.000383	-0.000393	0.900635	0.000393	1.000383	-0.273712	
544	0.999685	-0.000120	0.580200	0.000120	0.999685	-0.750153	
545	1.000537	0.000041	-0.508423	-0.000041	1.000537	-1.189453	
546	0.999901	-0.000073	1.274414	0.000073	0.999901	-0.285706	
547	1.000545	0.000403	-0.312500	-0.000403	1.000545	-0.249176	
548	0.999771	0.000079	0.715210	-0.000079	0.999771	-1.642090	
549	1.000377	-0.000098	0.341675	0.000098	1.000377	-0.135925	
550	0.999669	-0.000005	0.706543	0.000005	0.999669	0.128632	
551	1.000398	-0.000056	0.111328	0.000056	1.000398	-0.170776	
552	0.999772	0.000039	1.561523	-0.000039	0.999772	0.319794	
553	1.000515	-0.000050	0.213379	0.000050	1.000515	-0.590637	
554	0.999337	0.000072	0.189087	-0.000072	0.999337	-0.851166	
555	1.000742	-0.000354	-0.740112	0.000354	1.000742	-1.646759	
556	0.999566	0.000021	1.216309	-0.000021	0.999566	-0.422913	
557	1.000363	0.000119	0.620239	-0.000119	1.000363	-0.760254	
558	0.999619	-0.000127	0.165161	0.000127	0.999619	-1.350067	
559	1.000239	0.000116	-0.121582	-0.000116	1.000239	-0.404327	
560	0.999856	-0.000112	0.292969	0.000112	0.999856	-0.400940	
561	1.000223	-0.000008	-0.573242	0.000008	1.000223	-1.531036	
562	0.999685	-0.000272	0.184692	0.000272	0.999685	-1.519501	
563	1.000625	0.000273	-0.310059	-0.000273	1.000625	-0.451538	
564	0.999832	0.000170	1.259644	-0.000170	0.999832	-1.780823	
565	1.000484	-0.000298	-0.069458	0.000298	1.000484	-1.381897	
566	0.999801	-0.000108	-0.874268	0.000108	0.999801	0.269775	
567	1.000497	-0.000650	-1.075439	0.000650	1.000497	-0.570740	
568	0.999459	-0.000175	0.525513	0.000175	0.999459	1.366791	
569	1.000303	0.000047	-0.081665	-0.000047	1.000303	0.100037	
570	0.999793	-0.000090	1.059204	0.000090	0.999793	-2.193634	
571	1.000450	-0.000591	-1.539062	0.000591	1.000450	-1.235504	
572	0.999505	-0.000344	-1.198730	0.000344	0.999505	3.052734	
573	1.000529	0.000320	-0.386597	-0.000320	1.000529	0.010498	
574	0.999573	0.001596	1.561401	-0.001596	0.999573	1.714294	
575	1.000770	0.001045	1.292480	-0.001045	1.000770	-0.811432	
576	0.999906	-0.000602	4.260620	0.000602	0.999906	-2.429932	
577	1.000761	0.000723	0.574829	-0.000723	1.000761	-0.846130	
578	0.999935	0.000897	2.810913	-0.000897	0.999935	-0.477295	
579	1.000559	0.000721	0.654053	-0.000721	1.000559	0.769012	
580	0.999633	-0.000772	1.355347	0.000772	0.999633	0.083282	
581	1.000510	0.000179	1.896851	-0.000179	1.000510	0.356049	
582	0.999711	0.000314	3.030640	-0.000314	0.999711	1.482391	
583	1.000098	0.000199	3.155396	-0.000199	1.000098	1.107239	
584	0.999876	0.000332	2.782227	-0.000332	0.999876	0.833740	
