0	1.000000	0.000000	0.000000	0.000000	1.000000	0.000000	
1	1.003663	-0.009575	2.760864	0.009575	1.003663	-17.971558	
2	1.003072	0.020050	-13.387756	-0.020050	1.003072	24.148987	
3	1.004861	-0.001914	-1.348145	0.001914	1.004861	-7.672638	
4	1.004039	-0.014646	4.735901	0.014646	1.004039	-14.900146	
5	1.003687	0.003317	-3.268677	-0.003317	1.003687	13.257812	
6	1.011005	-0.001361	-12.565552	0.001361	1.011005	-15.503845	
7	1.002706	-0.000857	-0.929565	0.000857	1.002706	6.274567	
8	1.004066	-0.005089	-1.131592	0.005089	1.004066	-7.097382	
9	1.003337	-0.018359	6.881348	0.018359	1.003337	-17.526520	
10	1.006668	0.021377	-19.328125	-0.021377	1.006668	13.683960	
11	1.002321	0.000349	-1.744019	-0.000349	1.002321	3.789307	
12	1.004048	-0.013109	4.419922	0.013109	1.004048	-24.638184	
13	1.003897	0.012330	-11.511963	-0.012330	1.003897	12.513580	
14	1.004759	-0.003475	-0.982178	0.003475	1.004759	-6.879028	
15	1.003397	-0.004264	-0.534302	0.004264	1.003397	-5.368469	
16	1.004739	0.007004	-9.092285	-0.007004	1.004739	5.472076	
17	1.003641	-0.000416	-2.328857	0.000416	1.003641	-2.632233	
18	1.002882	-0.000225	-2.134033	0.000225	1.002882	-1.913300	
19	1.003744	0.003070	-5.581055	-0.003070	1.003744	2.290985	
20	1.003784	-0.001410	-2.396362	0.001410	1.003784	-2.948273	
21	1.003667	0.001280	-4.153931	-0.001280	1.003667	0.690186	
22	1.003198	-0.000589	-2.294189	0.000589	1.003198	-1.844482	
23	1.003722	0.005225	-6.568970	-0.005225	1.003722	4.344849	
24	1.003744	-0.002241	-1.799255	0.002241	1.003744	-0.636658	
25	1.003358	-0.003126	-0.746582	0.003126	1.003358	-3.750885	
26	1.004880	0.001785	-6.080078	-0.001785	1.004880	1.937561	
27	1.003624	0.000707	-3.359985	-0.000707	1.003624	0.324646	
28	1.003057	-0.006105	1.020630	0.006105	1.003057	-4.624603	
29	1.003351	0.005248	-6.830688	-0.005248	1.003351	6.601135	
30	1.005228	0.008130	-8.935242	-0.008130	1.005228	13.637451	
31	0.999682	0.001279	0.860107	-0.001279	0.999682	1.680389	
32	1.004000	0.001187	-4.913940	-0.001187	1.004000	-11.817505	
33	1.003813	0.004749	-6.056885	-0.004749	1.003813	6.413757	
34	1.002535	-0.005786	2.127930	0.005786	1.002535	-14.095154	
35	1.004307	0.002927	-5.747314	-0.002927	1.004307	-1.420074	
36	1.004272	-0.004857	-1.537354	0.004857	1.004272	-10.071594	
37	1.004297	0.008138	-9.638184	-0.008138	1.004297	3.863831	
38	1.002710	-0.010405	4.711670	0.010405	1.002710	-13.327393	
39	1.003470	0.005882	-7.732910	-0.005882	1.003470	3.434906	
40	1.002542	-0.005203	1.668823	0.005203	1.002542	-5.599091	
41	1.004566	0.001200	-4.563232	-0.001200	1.004566	0.111206	
42	1.003596	-0.001889	-2.654541	0.001889	1.003596	-1.269684	
43	1.004146	0.003348	-6.176819	-0.003348	1.004146	2.095551	
44	1.002777	-0.007520	2.845703	0.007520	1.002777	-8.374176	
45	1.003462	0.003787	-5.937988	-0.003787	1.003462	3.014862	
46	1.002973	-0.003693	-0.238281	0.003693	1.002973	-5.059875	
47	1.003018	0.003955	-5.996460	-0.003955	1.003018	5.411591	
48	1.004732	-0.002961	-2.970032	0.002961	1.004732	-3.782135	
49	1.003024	0.001959	-3.339478	-0.001959	1.003024	-1.262878	
50	1.002366	-0.002457	-0.807983	0.002457	1.002366	-1.610748	
51	1.003618	0.001481	-4.471924	-0.001481	1.003618	-0.168945	
52	1.003000	-0.000621	-2.452148	0.000621	1.003000	-1.693146	
53	1.003623	0.000353	-3.973999	-0.000353	1.003623	-2.259369	
54	1.002947	-0.000772	-2.168457	0.000772	1.002947	-2.000031	
55	1.003778	0.000029	-4.268311	-0.000029	1.003778	-1.620605	
56	1.003349	0.001050	-3.953857	-0.001050	1.003349	-2.414398	
57	1.003024	-0.000130	-3.269287	0.000130	1.003024	-3.050110	
58	1.003664	-0.001513	-2.623047	0.001513	1.003664	-4.660736	
59	1.002983	-0.000234	-3.283081	0.000234	1.002983	-1.513611	
60	1.004944	0.006299	-9.472168	-0.006299	1.004944	1.731201	
61	1.001026	-0.010464	5.304199	0.010464	1.001026	-10.489044	
62	1.003115	0.028301	-19.127319	-0.028301	1.003115	26.901825	
63	1.002468	-0.024253	11.447021	0.024253	1.002468	-25.712921	
64	1.001937	0.005901	-7.134521	-0.005901	1.001937	5.973572	
65	1.002568	0.017380	-11.678955	-0.017380	1.002568	17.911682	
66	1.003223	-0.024060	9.217651	0.024060	1.003223	-26.551239	
67	1.002420	0.014198	-12.357056	-0.014198	1.002420	13.728577	
68	1.003444	-0.011767	2.236572	0.011767	1.003444	-11.735718	
69	1.004248	0.003896	-8.390381	-0.003896	1.004248	0.390076	
70	1.002668	-0.002691	-3.222534	0.002691	1.002668	-3.340057	
71	1.002661	0.002812	-6.251343	-0.002812	1.002661	1.373657	
72	1.002764	-0.005441	-1.088013	0.005441	1.002764	-7.386719	
73	1.001948	0.001328	-4.484741	-0.001328	1.001948	-0.046539	
74	1.003819	-0.001855	-5.575439	0.001855	1.003819	-2.775818	
75	1.002506	-0.002005	-3.226807	0.002005	1.002506	-4.946777	
76	1.002874	0.000681	-6.094116	-0.000681	1.002874	0.527313	
77	1.003573	0.000168	-6.361450	-0.000168	1.003573	-2.217102	
78	1.002149	-0.001537	-3.829712	0.001537	1.002149	-3.304626	
79	1.002792	0.003373	-7.468994	-0.003373	1.002792	1.535583	
80	1.002397	-0.000370	-4.889282	0.000370	1.002397	-1.879150	
81	1.002642	-0.000393	-5.408325	0.000393	1.002642	-1.633789	
82	1.002552	0.001007	-6.219482	-0.001007	1.002552	0.763611	
83	1.003949	0.001647	-8.005859	-0.001647	1.003949	-0.997833	
84	1.002937	-0.000384	-5.828735	0.000384	1.002937	0.270782	
85	1.003074	0.000968	-6.981323	-0.000968	1.003074	-0.930328	
86	1.003925	-0.000831	-6.815918	0.000831	1.003925	-1.032166	
87	1.001859	0.001553	-5.978638	-0.001553	1.001859	2.144653	
88	1.004087	-0.001121	-6.842041	0.001121	1.004087	-2.560150	
89	1.003764	0.001918	-8.278687	-0.001918	1.003764	2.554413	
90	1.001878	-0.000694	-5.093140	0.000694	1.001878	0.108276	
91	1.003270	0.000796	-7.199219	-0.000796	1.003270	0.607086	
92	1.002282	0.000279	-6.020630	-0.000279	1.002282	0.599060	
93	1.002018	0.001722	-6.595093	-0.001722	1.002018	2.506989	
94	1.002384	-0.001909	-5.048462	0.001909	1.002384	-1.973175	
95	1.002859	0.002204	-7.561157	-0.002204	1.002859	2.019806	
96	1.001988	-0.001476	-4.651733	0.001476	1.001988	-2.593201	
97	1.002763	0.001339	-7.192627	-0.001339	1.002763	1.778656	
98	1.001995	-0.002375	-4.192505	0.002375	1.001995	-4.117645	
99	1.002423	0.001845	-7.173096	-0.001845	1.002423	1.520264	
100	1.002073	-0.002947	-4.164062	0.002947	1.002073	-3.745117	
101	1.002571	0.001151	-6.947754	-0.001151	1.002571	0.311523	
102	1.002510	0.000111	-6.274414	-0.000111	1.002510	-1.664978	
103	1.002238	-0.003373	-3.775269	0.003373	1.002238	-4.520264	
104	1.003527	0.002509	-8.717163	-0.002509	1.003527	1.291168	
105	1.002099	-0.002660	-3.891602	0.002660	1.002099	-4.571014	
106	1.002337	0.001907	-6.910156	-0.001907	1.002337	-0.497742	
107	1.002431	-0.003518	-4.001343	0.003518	1.002431	-4.767914	
108	1.002875	0.001672	-7.739380	-0.001672	1.002875	1.330414	
109	1.002269	-0.001967	-5.080933	0.001967	1.002269	-3.476898	
110	1.002131	-0.000078	-6.258667	0.000078	1.002131	-1.602112	
111	1.002859	0.000430	-7.065308	-0.000430	1.002859	0.039673	
112	1.001568	0.000222	-5.872803	-0.000222	1.001568	0.197418	
113	1.002355	0.000564	-7.046509	-0.000564	1.002355	-1.242035	
114	1.002303	-0.000772	-5.935059	0.000772	1.002303	-1.582001	
115	1.002967	0.001818	-8.241333	-0.001818	1.002967	1.413849	
116	1.002835	-0.000572	-6.757080	0.000572	1.002835	-2.139771	
117	1.002390	0.001417	-7.408691	-0.001417	1.002390	-0.412781	
118	1.002705	0.000337	-6.789368	-0.000337	1.002705	-0.982208	
119	1.002569	0.001238	-7.659302	-0.001238	1.002569	0.246124	
120	1.001731	-0.000026	-5.718506	0.000026	1.001731	-1.382782	
121	1.002710	0.001478	-7.520264	-0.001478	1.002710	-0.671722	
122	1.002612	0.000563	-6.865845	-0.000563	1.002612	-0.043121	
123	1.002461	0.000483	-7.279907	-0.000483	1.002461	-0.309509	
124	1.001512	0.000485	-5.773071	-0.000485	1.001512	-0.604553	
125	1.003484	0.000502	-7.411438	-0.000502	1.003484	-1.075989	
126	1.002228	0.000889	-6.669800	-0.000889	1.002228	1.198090	
127	1.002940	-0.000104	-7.377686	0.000104	1.002940	-1.270630	
128	1.001949	0.000016	-6.060913	-0.000016	1.001949	-0.915771	
129	1.003008	0.000095	-7.081238	-0.000095	1.003008	-0.823151	
130	1.000904	-0.000066	-4.757812	0.000066	1.000904	0.017639	
131	1.002275	0.000861	-6.861206	-0.000861	1.002275	-0.559448	
132	1.003587	-0.000381	-6.809448	0.000381	1.003587	-1.818573	
133	1.002417	0.001552	-7.541443	-0.001552	1.002417	1.362854	
134	1.001056	0.000738	-5.765991	-0.000738	1.001056	0.043518	
135	1.003312	0.000028	-7.389893	-0.000028	1.003312	-2.472229	
136	1.002257	0.000266	-5.961487	-0.000266	1.002257	-0.377716	
137	1.002144	-0.000715	-5.208557	0.000715	1.002144	-2.198761	
138	1.002329	-0.000205	-6.215820	0.000205	1.002329	-2.148804	
139	1.002814	0.000413	-6.016113	-0.000413	1.002814	-1.655945	
140	1.002428	0.001393	-6.036743	-0.001393	1.002428	0.333282	
141	1.002329	0.000669	-5.278687	-0.000669	1.002329	-1.122894	
142	1.002138	-0.002753	-3.675659	0.002753	1.002138	-4.528564	
143	1.002913	-0.000854	-5.970703	0.000854	1.002913	-0.851868	
144	1.002333	-0.002564	-4.733765	0.002564	1.002333	-2.912079	
145	1.001496	-0.000507	-3.763062	0.000507	1.001496	-1.913971	
146	1.002461	-0.000534	-6.009216	0.000534	1.002461	-0.287048	
147	1.001723	0.000330	-5.194031	-0.000330	1.001723	-0.350250	
148	1.001151	0.002214	-6.589722	-0.002214	1.001151	2.196747	
149	1.002628	-0.001279	-5.087097	0.001279	1.002628	-3.167267	
150	1.001247	0.001878	-7.015747	-0.001878	1.001247	2.170837	
151	1.001742	0.001467	-6.801392	-0.001467	1.001742	0.713379	
152	1.001572	0.000883	-6.640686	-0.000883	1.001572	-0.944031	
153	1.001974	0.001195	-7.809753	-0.001195	1.001974	0.818970	
154	1.000683	0.001367	-5.593262	-0.001367	1.000683	0.658600	
155	1.002081	0.000982	-7.467163	-0.000982	1.002081	-0.541107	
156	1.000601	0.002599	-6.727661	-0.002599	1.000601	3.164032	
157	1.002611	0.000800	-6.604187	-0.000800	1.002611	-0.209595	
158	1.000503	0.002560	-5.672607	-0.002560	1.000503	1.644592	
159	1.002083	0.000821	-6.511292	-0.000821	1.002083	0.690399	
160	1.001111	0.000645	-4.571533	-0.000645	1.001111	-0.554413	
161	1.001125	-0.000500	-4.094360	0.000500	1.001125	-0.307159	
162	1.003135	0.002008	-8.451355	-0.002008	1.003135	0.580750	
163	1.001011	-0.000230	-3.779602	0.000230	1.001011	-1.398346	
164	1.001368	0.001476	-5.834534	-0.001476	1.001368	1.426239	
165	1.003419	0.000573	-7.235657	-0.000573	1.003419	-0.907379	
166	1.001728	0.000044	-4.464966	-0.000044	1.001728	-1.499054	
167	1.002529	-0.000638	-5.055237	0.000638	1.002529	-2.453400	
168	1.001630	-0.000150	-4.200867	0.000150	1.001630	-0.568604	
169	1.002178	0.000204	-4.936279	-0.000204	1.002178	-1.940521	
170	1.001509	-0.000930	-3.516296	0.000930	1.001509	-1.432526	
171	1.001555	-0.000486	-3.571716	0.000486	1.001555	-1.685608	
172	1.001837	-0.001027	-3.492493	0.001027	1.001837	-1.772614	
173	1.002389	0.000529	-4.928833	-0.000529	1.002389	-0.937897	
174	1.001547	-0.001504	-2.943604	0.001504	1.001547	-2.276642	
175	1.002518	-0.000014	-4.616638	0.000014	1.002518	-0.661316	
176	1.001448	-0.001569	-2.638550	0.001569	1.001448	-2.777069	
177	1.002389	0.000421	-4.603821	-0.000421	1.002389	0.075806	
178	1.001394	-0.000601	-2.859497	0.000601	1.001394	-1.218048	
179	1.002221	0.000562	-4.408936	-0.000562	1.002221	0.148956	
180	1.001464	0.000651	-3.893738	-0.000651	1.001464	0.430084	
181	1.002024	0.001037	-4.437134	-0.001037	1.002024	-0.191010	
182	1.001492	0.000397	-3.654236	-0.000397	1.001492	0.157349	
183	1.002277	0.000965	-4.926147	-0.000965	1.002277	0.161438	
184	1.001734	0.001155	-4.210388	-0.001155	1.001734	0.562775	
185	1.001887	0.000764	-3.923889	-0.000764	1.001887	-0.225067	
186	1.001564	0.001672	-4.314636	-0.001672	1.001564	1.055328	
187	1.001804	0.000632	-3.885742	-0.000632	1.001804	0.570648	
188	1.001788	0.001121	-3.892273	-0.001121	1.001788	0.279633	
189	1.002031	0.000775	-4.068298	-0.000775	1.002031	-0.134125	
190	1.001773	0.001265	-4.001953	-0.001265	1.001773	0.852844	
191	1.001765	0.000614	-3.582581	-0.000614	1.001765	-0.496643	
192	1.001752	0.000935	-3.509521	-0.000935	1.001752	0.795776	
193	1.001639	0.001481	-3.987610	-0.001481	1.001639	1.240387	
194	1.001645	0.000591	-3.361755	-0.000591	1.001645	-0.386261	
195	1.002163	0.000428	-3.589539	-0.000428	1.002163	-0.362091	
196	1.001645	0.000641	-3.198975	-0.000641	1.001645	0.029358	
197	1.002048	0.000736	-3.404724	-0.000736	1.002048	-0.135498	
198	1.001761	0.000067	-2.654175	-0.000067	1.001761	-0.202301	
199	1.002361	0.001085	-3.735901	-0.001085	1.002361	-0.424103	
200	1.001757	0.000720	-2.956604	-0.000720	1.001757	-0.237030	
201	1.002439	-0.000278	-3.151550	0.000278	1.002439	-0.509979	
202	1.001799	0.000939	-3.109985	-0.000939	1.001799	0.206604	
203	1.002520	0.001089	-3.742004	-0.001089	1.002520	-0.116638	
204	1.002098	0.000722	-3.184448	-0.000722	1.002098	-0.366943	
205	1.002008	-0.000015	-2.707153	0.000015	1.002008	-0.350220	
206	1.002631	0.000049	-3.574951	-0.000049	1.002631	-0.049042	
207	1.002338	0.000009	-2.949158	-0.000009	1.002338	-0.533966	
208	1.001902	-0.000289	-2.306335	0.000289	1.001902	-1.071075	
209	1.002220	0.000405	-2.895752	-0.000405	1.002220	-0.059845	
210	1.002025	-0.000204	-2.102905	0.000204	1.002025	0.791962	
211	1.002516	-0.000052	-2.303833	0.000052	1.002516	-1.299561	
212	1.002109	-0.000838	-1.523376	0.000838	1.002109	-0.385040	
213	1.002610	0.002697	-3.582947	-0.002697	1.002610	1.317657	
214	1.002003	-0.003340	0.655823	0.003340	1.002003	-4.696411	
215	1.003060	0.001942	-3.757812	-0.001942	1.003060	1.316864	
216	1.002470	-0.000371	-1.276672	0.000371	1.002470	-2.416168	
217	1.002919	0.001215	-2.873657	-0.001215	1.002919	-0.758087	
218	1.002018	-0.000928	-0.373596	0.000928	1.002018	-1.848511	
219	1.002442	0.005151	-4.322693	-0.005151	1.002442	3.545227	
220	1.002605	-0.002129	0.034790	0.002129	1.002605	-3.792267	
221	1.002533	0.002718	-2.632568	-0.002718	1.002533	0.073425	
222	1.002487	-0.000793	-0.555847	0.000793	1.002487	-1.243958	
223	1.002842	0.003224	-3.259888	-0.003224	1.002842	1.344604	
224	1.002285	-0.001351	-0.117798	0.001351	1.002285	-1.916656	
225	1.002795	0.003804	-3.515381	-0.003804	1.002795	3.146973	
226	1.002462	-0.000563	-0.589783	0.000563	1.002462	-1.288147	
227	1.003113	0.002323	-2.699097	-0.002323	1.003113	0.452515	
228	1.002466	-0.000224	-0.545349	0.000224	1.002466	-1.297760	
229	1.002973	0.002105	-2.007324	-0.002105	1.002973	0.335297	
230	1.003435	-0.002296	-0.813599	0.002296	1.003435	-3.413116	
231	1.003104	0.002021	-2.004272	-0.002021	1.003104	-0.216644	
232	1.002643	-0.000135	-0.442139	0.000135	1.002643	-2.394684	
233	1.003273	0.000948	-1.472351	-0.000948	1.003273	-1.070129	
234	1.002730	-0.001053	0.356018	0.001053	1.002730	-3.337830	
235	1.003191	0.001355	-1.374573	-0.001355	1.003191	-0.654846	
236	1.002753	-0.000792	0.419312	0.000792	1.002753	-2.952301	
237	1.003337	0.000083	-0.077820	-0.000083	1.003337	-1.404999	
238	1.003126	-0.000900	0.545471	0.000900	1.003126	-3.825958	
239	1.003177	0.001138	-0.659180	-0.001138	1.003177	-0.936707	
240	1.003624	-0.000015	-0.493164	0.000015	1.003624	-1.237976	
241	1.003427	-0.000006	0.307739	0.000006	1.003427	-2.069611	
242	1.003164	-0.000314	0.956177	0.000314	1.003164	-2.323669	
243	1.003279	0.000239	0.570068	-0.000239	1.003279	-1.500366	
244	1.002822	-0.000653	1.693115	0.000653	1.002822	-1.415771	
245	1.003723	0.000511	0.245056	-0.000511	1.003723	-1.011261	
246	1.003343	0.000861	0.739990	-0.000861	1.003343	-1.223267	
247	1.003551	0.001485	0.216797	-0.001485	1.003551	-0.117249	
248	1.003093	0.000944	1.239563	-0.000944	1.003093	-0.719238	
249	1.001762	0.002881	0.543884	-0.002881	1.001762	2.145874	
250	1.004010	0.000167	0.880798	-0.000167	1.004010	-1.159515	
251	1.003189	0.001461	1.177917	-0.001461	1.003189	0.031250	
252	1.003163	0.003073	0.557800	-0.003073	1.003163	1.206848	
253	1.003747	0.000522	1.868896	-0.000522	1.003747	-1.769409	
254	1.001903	0.003147	1.814026	-0.003147	1.001903	3.177032	
255	1.003587	0.001201	1.963867	-0.001201	1.003587	-0.093292	
256	1.002566	0.001427	2.284546	-0.001427	1.002566	-1.250153	
257	1.003773	0.001310	1.745972	-0.001310	1.003773	-0.665863	
258	1.002156	0.000354	3.597717	-0.000354	1.002156	-0.670502	
259	1.004044	-0.000050	2.161621	0.000050	1.004044	-1.481537	
260	1.002873	0.001564	2.009583	-0.001564	1.002873	-1.250214	
261	1.001226	-0.000746	4.370178	0.000746	1.001226	-0.862427	
262	1.003589	-0.000204	2.306702	0.000204	1.003589	-1.744873	
263	1.003845	-0.000690	2.734924	0.000690	1.003845	-2.612000	
264	1.001859	-0.000100	3.672546	0.000100	1.001859	-0.966156	
265	1.002924	-0.001677	3.875427	0.001677	1.002924	-2.041199	
266	1.004161	0.000030	1.957153	-0.000030	1.004161	-1.685486	
267	1.002467	-0.001056	3.916992	0.001056	1.002467	-0.745331	
268	1.003055	-0.002028	4.518188	0.002028	1.003055	-3.555176	
269	1.002620	-0.001542	4.358948	0.001542	1.002620	-5.352325	
270	1.002012	-0.000963	3.875000	0.000963	1.002012	-1.682922	
271	1.001832	-0.001762	4.617615	0.001762	1.001832	-2.448914	
272	1.002923	0.000321	2.933838	-0.000321	1.002923	-1.478973	
273	1.003501	-0.002025	3.658386	0.002025	1.003501	-5.205994	
274	1.003030	0.000787	2.406311	-0.000787	1.003030	-0.559479	
275	1.001795	0.000094	3.505371	-0.000094	1.001795	-0.657043	
276	1.002852	-0.001196	4.268433	0.001196	1.002852	-4.189880	
277	1.002810	0.001880	1.249573	-0.001880	1.002810	0.956116	
278	1.003172	-0.001618	4.160645	0.001618	1.003172	-3.243591	
279	1.001061	0.003233	2.291626	-0.003233	1.001061	3.977356	
280	1.003400	0.001396	1.675598	-0.001396	1.003400	-0.896698	
281	1.001186	0.001129	3.519897	-0.001129	1.001186	0.539886	
282	1.002814	0.001234	2.382385	-0.001234	1.002814	0.315063	
283	1.002077	0.000707	3.178589	-0.000707	1.002077	0.005768	
284	1.003637	0.001376	1.392212	-0.001376	1.003637	-0.897339	
285	1.002802	0.001529	2.031860	-0.001529	1.002802	0.028107	
286	1.003571	0.000983	1.285095	-0.000983	1.003571	-0.875610	
287	1.003013	0.001827	1.420288	-0.001827	1.003013	-0.898499	
288	1.002945	0.001220	1.718018	-0.001220	1.002945	0.519226	
289	1.002788	0.000297	2.479004	-0.000297	1.002788	-2.732056	
290	1.003242	0.000835	2.237854	-0.000835	1.003242	0.576019	
291	1.002509	0.001973	1.763550	-0.001973	1.002509	0.493256	
292	1.002802	-0.000291	2.910828	0.000291	1.002802	-1.223236	
293	1.003696	0.001130	0.540222	-0.001130	1.003696	-1.299957	
294	1.002986	-0.000930	2.438232	0.000930	1.002986	-1.477600	
295	1.003889	-0.000652	1.447815	0.000652	1.003889	-1.673706	
296	1.003996	0.000360	1.012146	-0.000360	1.003996	-1.860565	
297	1.002931	-0.001756	2.934204	0.001756	1.002931	-3.505402	
298	1.003087	-0.001049	2.080811	0.001049	1.003087	-0.886383	
299	1.004503	-0.000658	0.770325	0.000658	1.004503	-2.056732	
300	1.004184	0.000008	0.105042	-0.000008	1.004184	-1.391846	
301	1.004226	-0.001675	1.557678	0.001675	1.004226	-3.786865	
302	1.004305	0.002409	-1.872559	-0.002409	1.004305	2.135651	
303	1.004921	-0.005437	3.858948	0.005437	1.004921	-4.916168	
304	1.002327	0.003109	-0.234131	-0.003109	1.002327	4.142029	
305	1.003863	-0.004366	3.106689	0.004366	1.003863	-4.006195	
306	1.003801	-0.001109	0.988159	0.001109	1.003801	-3.308838	
307	1.004640	0.007028	-5.001343	-0.007028	1.004640	6.648102	
308	1.002709	-0.004509	4.860046	0.004509	1.002709	-5.753510	
309	1.003253	0.002114	-0.924744	-0.002114	1.003253	1.370850	
310	1.003500	0.000046	0.437500	-0.000046	1.003500	-1.278198	
311	1.004777	0.000359	-1.230591	-0.000359	1.004777	-1.965088	
312	1.003196	0.000267	0.797424	-0.000267	1.003196	0.302246	
313	1.004687	0.000923	-1.956055	-0.000923	1.004687	-1.392334	
314	1.003620	-0.001415	1.285278	0.001415	1.003620	-3.392609	
315	1.003375	0.000984	-0.250244	-0.000984	1.003375	-0.121887	
316	1.004184	-0.000086	-0.365723	0.000086	1.004184	-1.708862	
317	1.004717	0.001177	-1.596069	-0.001177	1.004717	-1.927948	
318	1.004537	-0.001162	-0.480103	0.001162	1.004537	-2.452393	
319	1.001852	0.000739	0.907898	-0.000739	1.001852	-0.606171	
320	1.002837	0.000296	0.352905	-0.000296	1.002837	-0.899231	
321	1.004736	-0.000173	-1.571533	0.000173	1.004736	-3.378662	
322	1.002458	0.000436	0.165527	-0.000436	1.002458	-1.385010	
323	1.004493	-0.000311	-1.119263	0.000311	1.004493	-3.180664	
324	1.004211	-0.001361	-0.300903	0.001361	1.004211	-3.612183	
325	1.003861	0.001941	-3.107544	-0.001941	1.003861	-0.400177	
326	1.002755	-0.002512	1.010742	0.002512	1.002755	-4.679962	
327	1.005269	0.002297	-5.126465	-0.002297	1.005269	-0.128693	
328	1.002315	-0.002349	0.934204	0.002349	1.002315	-6.428528	
329	1.004144	0.000686	-3.190796	-0.000686	1.004144	-1.222595	
330	1.003010	0.000538	-1.920776	-0.000538	1.003010	-4.245697	
331	1.003161	0.000772	-2.241821	-0.000772	1.003161	-2.808258	
332	1.003480	0.000622	-2.832397	-0.000622	1.003480	-3.465912	
333	1.004272	0.001659	-3.997070	-0.001659	1.004272	-3.571625	
334	1.004512	-0.000250	-3.334229	0.000250	1.004512	-4.191925	
335	1.004287	0.002642	-4.814697	-0.002642	1.004287	-1.648956	
336	1.004588	-0.001178	-3.011841	0.001178	1.004588	-1.822418	
337	1.003051	0.003822	-4.275391	-0.003822	1.003051	1.250793	
338	1.003085	0.000318	-2.910889	-0.000318	1.003085	1.391876	
339	1.002573	0.000639	-1.843750	-0.000639	1.002573	-2.003235	
340	1.003702	-0.001139	-2.441040	0.001139	1.003702	0.355225	
341	1.002700	-0.000732	-1.473755	0.000732	1.002700	-1.341461	
342	1.003405	0.000347	-3.151733	-0.000347	1.003405	2.444458	
343	1.003775	-0.000607	-3.041992	0.000607	1.003775	0.643616	
344	1.004097	0.000168	-4.080322	-0.000168	1.004097	3.134247	
345	1.003357	0.000963	-3.639526	-0.000963	1.003357	2.663849	
346	1.003330	-0.000246	-3.163696	0.000246	1.003330	0.643250	
347	1.001890	-0.000770	-1.461182	0.000770	1.001890	-0.678986	
348	1.003886	-0.000270	-3.411133	0.000270	1.003886	-1.883575	
349	1.002551	-0.001282	-1.316895	0.001282	1.002551	-1.283386	
350	1.003647	-0.000290	-2.706787	0.000290	1.003647	-2.742126	
351	1.003215	-0.000791	-1.983643	0.000791	1.003215	-0.026337	
352	1.002742	-0.000804	-1.510864	0.000804	1.002742	-2.135498	
353	1.005031	-0.000707	-4.597778	0.000707	1.005031	-1.752808	
354	1.002818	-0.001571	-1.565430	0.001571	1.002818	-1.876709	
355	1.004006	0.000261	-4.211548	-0.000261	1.004006	-1.496002	
356	1.003315	-0.001861	-2.201660	0.001861	1.003315	-1.763916	
357	1.002274	0.000677	-2.828247	-0.000677	1.002274	-0.390137	
358	1.003193	0.000206	-3.926758	-0.000206	1.003193	-0.265503	
359	1.002947	-0.003174	-1.477051	0.003174	1.002947	-2.319885	
360	1.002226	0.000383	-2.933105	-0.000383	1.002226	-0.622223	
361	1.003903	-0.003071	-1.958008	0.003071	1.003903	-2.364685	
362	1.002724	0.003247	-5.515259	-0.003247	1.002724	3.917023	
363	1.002880	-0.004761	-0.248901	0.004761	1.002880	-4.671356	
364	1.003765	0.002506	-4.856689	-0.002506	1.003765	3.379852	
365	1.002316	-0.000610	-2.146851	0.000610	1.002316	-0.015991	
366	1.003769	0.002176	-5.424316	-0.002176	1.003769	2.764038	
367	1.002621	-0.000881	-2.068481	0.000881	1.002621	0.264496	
368	1.002687	0.001748	-4.133301	-0.001748	1.002687	1.535828	
369	1.002649	0.001061	-3.584961	-0.001061	1.002649	1.467438	
370	1.001895	0.002143	-3.661133	-0.002143	1.001895	2.567291	
371	1.003396	0.000351	-4.553345	-0.000351	1.003396	-1.238190	
372	1.002558	0.004134	-5.488770	-0.004134	1.002558	4.493652	
373	1.002589	0.001668	-4.619019	-0.001668	1.002589	0.367462	
374	1.002752	0.001702	-5.022583	-0.001702	1.002752	-0.544342	
375	1.002741	0.002288	-5.361328	-0.002288	1.002741	0.537384	
376	1.002000	0.001655	-4.441528	-0.001655	1.002000	-0.424683	
377	1.003402	-0.001602	-4.400146	0.001602	1.003402	-5.215118	
378	1.002188	-0.001473	-2.976074	0.001473	1.002188	-4.388763	
379	1.001903	0.000549	-5.020020	-0.000549	1.001903	-1.430267	
380	1.002725	-0.000640	-5.105957	0.000640	1.002725	-4.779755	
381	1.002616	-0.000641	-4.989380	0.000641	1.002616	-2.918823	
382	1.002208	-0.001648	-4.399048	0.001648	1.002208	-5.075806	
383	1.003271	-0.001983	-5.225708	0.001983	1.003271	-6.020538	
384	1.002639	-0.000851	-5.461426	0.000851	1.002639	-3.050140	
385	1.002822	-0.003859	-4.140625	0.003859	1.002822	-6.882812	
386	1.001875	0.002235	-6.879883	-0.002235	1.001875	-0.515137	
387	1.002554	-0.001802	-5.940918	0.001802	1.002554	-3.058014	
388	1.001846	-0.002504	-4.778442	0.002504	1.001846	-3.263947	
389	1.002713	0.001825	-8.836792	-0.001825	1.002713	-0.043121	
390	1.002349	-0.007580	-2.778198	0.007580	1.002349	-9.619690	
391	1.001409	0.003401	-9.503052	-0.003401	1.001409	2.378662	
392	1.001605	-0.003694	-5.637695	0.003694	1.001605	-5.339783	
393	1.001952	0.000875	-9.110962	-0.000875	1.001952	-0.177490	
394	1.001070	-0.003124	-5.816528	0.003124	1.001070	-4.747345	
395	1.001492	0.001804	-9.603027	-0.001804	1.001492	0.627197	
396	1.001746	-0.003187	-7.326660	0.003187	1.001746	-5.317352	
397	1.001478	-0.000185	-9.029907	0.000185	1.001478	-1.539581	
398	1.000724	0.000011	-8.649170	-0.000011	1.000724	-1.264435	
399	1.001640	-0.001734	-8.702881	0.001734	1.001640	-3.209076	
400	1.000927	-0.000401	-9.253540	0.000401	1.000927	-0.492279	
401	1.000589	-0.000153	-9.395142	0.000153	1.000589	-1.104736	
402	1.000946	0.000077	-10.003906	-0.000077	1.000946	-1.509735	
403	1.001098	-0.000355	-10.350464	0.000355	1.001098	-0.825317	
404	1.001149	0.000071	-11.761475	-0.000071	1.001149	-0.562897	
405	1.000669	-0.000145	-10.639038	0.000145	1.000669	-1.678467	
406	1.000448	-0.000866	-10.448608	0.000866	1.000448	-0.569763	
407	1.000589	0.000096	-11.652222	-0.000096	1.000589	-0.615967	
408	0.999885	-0.000472	-10.766235	0.000472	0.999885	-0.742615	
409	0.999950	0.000249	-11.315308	-0.000249	0.999950	-0.207184	
410	1.001024	-0.000467	-13.594971	0.000467	1.001024	-1.027740	
411	0.999531	0.000617	-12.182861	-0.000617	0.999531	-0.009338	
412	1.001067	-0.001611	-13.375610	0.001611	1.001067	-3.804840	
413	1.000352	0.000743	-14.527100	-0.000743	1.000352	0.531006	
414	0.998986	-0.000342	-12.417725	0.000342	0.998986	-0.670959	
415	0.999821	0.000480	-14.059326	-0.000480	0.999821	-0.868683	
416	0.999037	-0.001416	-12.235596	0.001416	0.999037	-1.726227	
417	0.999130	0.000421	-13.983765	-0.000421	0.999130	-0.012573	
418	0.998795	-0.000922	-12.707275	0.000922	0.998795	-2.504791	
419	1.001655	-0.001761	-16.130005	0.001761	1.001655	-3.781219	
420	0.998747	-0.001367	-14.007080	0.001367	0.998747	-0.818298	
421	1.000078	-0.001552	-16.461670	0.001552	1.000078	-3.538788	
422	0.999090	-0.002234	-15.934509	0.002234	0.999090	-2.929474	
423	0.999839	-0.001236	-17.869995	0.001236	0.999839	-1.998962	
424	0.998547	-0.001078	-16.837891	0.001078	0.998547	-0.984863	
425	0.999998	-0.001055	-17.685547	0.001055	0.999998	-2.218811	
426	1.000963	-0.000429	-20.104736	0.000429	1.000963	-0.087830	
427	1.000260	0.000256	-21.170044	-0.000256	1.000260	2.608765	
428	0.999427	-0.000872	-18.963989	0.000872	0.999427	0.624756	
429	0.998740	-0.001150	-17.801758	0.001150	0.998740	1.604675	
430	0.998602	-0.002875	-17.191650	0.002875	0.998602	0.286713	
431	0.998816	-0.000674	-18.777588	0.000674	0.998816	0.344086	
432	0.999607	-0.001223	-19.662109	0.001223	0.999607	1.269714	
433	0.998426	-0.000665	-19.130310	0.000665	0.998426	0.464447	
434	0.999887	-0.000744	-20.559998	0.000744	0.999887	0.488464	
435	0.998715	-0.000351	-19.556580	0.000351	0.998715	-0.445312	
436	0.997932	-0.002443	-17.521545	0.002443	0.997932	0.014404	
437	0.997034	-0.003525	-16.692993	0.003525	0.997034	-3.008209	
438	0.999817	-0.000595	-21.827637	0.000595	0.999817	-0.092163	
439	1.001145	0.000442	-24.359985	-0.000442	1.001145	1.096985	
440	0.998601	-0.002136	-19.722961	0.002136	0.998601	-2.314240	
441	0.998248	-0.001569	-19.968323	0.001569	0.998248	-0.208282	
442	0.997678	-0.001274	-20.728455	0.001274	0.997678	1.535583	
443	0.998338	-0.002653	-20.521912	0.002653	0.998338	-1.503113	
444	0.997653	-0.002789	-20.265320	0.002789	0.997653	-0.332306	
445	1.000717	-0.000029	-25.625549	0.000029	1.000717	-0.084717	
446	1.000887	0.000059	-26.148376	-0.000059	1.000887	-0.338867	
447	0.999136	-0.000920	-23.572754	0.000920	0.999136	-1.346649	
448	0.997339	-0.000676	-23.378448	0.000676	0.997339	0.261322	
449	1.002860	-0.001873	-27.634033	0.001873	1.002860	-4.107788	
450	0.997827	0.001055	-25.232910	-0.001055	0.997827	1.405151	
451	1.004341	-0.000374	-30.908386	0.000374	1.004341	-2.949219	
452	0.999370	0.001965	-28.167603	-0.001965	0.999370	2.353271	
453	1.001797	-0.002361	-28.305664	0.002361	1.001797	-2.438843	
454	1.003510	0.001628	-32.648804	-0.001628	1.003510	1.403137	
455	1.003775	-0.000342	-32.266113	0.000342	1.003775	-1.949951	
456	1.000864	-0.002648	-28.487793	0.002648	1.000864	-0.419312	
457	1.004554	0.000218	-34.186157	-0.000218	1.004554	-0.815186	
458	1.003224	0.000008	-33.140137	-0.000008	1.003224	0.819031	
459	0.997676	-0.001403	-29.976135	0.001403	0.997676	1.900879	
460	1.004780	-0.000053	-35.535889	0.000053	1.004780	0.344666	
461	1.005942	-0.001147	-35.704224	0.001147	1.005942	-2.357605	
462	1.005504	-0.001282	-35.602478	0.001282	1.005504	-1.499146	
463	1.004361	-0.001720	-35.064819	0.001720	1.004361	-1.349792	
464	1.003976	-0.002346	-35.184509	0.002346	1.003976	-2.039490	
465	1.003988	-0.002173	-35.857361	0.002173	1.003988	-1.440063	
466	1.004129	-0.002752	-35.656189	0.002752	1.004129	-1.925659	
467	1.008388	-0.001884	-39.087250	0.001884	1.008388	-4.139038	
468	1.008994	-0.003059	-38.593964	0.003059	1.008994	-6.233887	
469	1.010095	-0.005791	-37.193771	0.005791	1.010095	-8.145874	
470	1.006731	-0.001791	-39.320099	0.001791	1.006731	-4.994934	
471	1.008386	-0.002359	-39.900269	0.002359	1.008386	-7.285156	
472	1.006107	0.001210	-41.615540	-0.001210	1.006107	-1.737701	
473	1.009074	0.001679	-43.657349	-0.001679	1.009074	-5.223755	
474	1.006072	0.001088	-41.885681	-0.001088	1.006072	-3.960876	
475	1.005028	-0.000069	-41.350708	0.000069	1.005028	-3.526581	
476	1.001257	-0.001673	-34.905029	0.001673	1.001257	-5.272705	
477	1.005691	0.001905	-44.538330	-0.001905	1.005691	-0.814941	
478	1.003092	-0.000571	-39.010254	0.000571	1.003092	-2.840698	
479	1.003091	0.001166	-39.889771	-0.001166	1.003091	-0.938904	
480	1.003473	-0.000851	-40.166138	0.000851	1.003473	-2.350647	
481	1.002994	0.001091	-40.112305	-0.001091	1.002994	-0.715332	
482	1.007976	0.000260	-47.853394	-0.000260	1.007976	-4.442566	
483	1.009806	0.000290	-49.562317	-0.000290	1.009806	-4.540924	
484	1.004639	-0.002474	-42.286377	0.002474	1.004639	-6.034241	
485	1.003790	0.001529	-42.101196	-0.001529	1.003790	0.548401	
486	1.002395	0.000830	-39.868530	-0.000830	1.002395	1.916565	
487	1.004681	-0.000643	-42.299683	0.000643	1.004681	-3.479309	
488	1.001691	-0.000022	-38.200195	0.000022	1.001691	0.805298	
489	1.005930	-0.000873	-44.140381	0.000873	1.005930	-1.726624	
490	1.003784	0.000478	-42.176758	-0.000478	1.003784	0.187012	
491	1.002831	-0.000745	-39.484497	0.000745	1.002831	1.149841	
492	1.003146	0.001180	-41.615234	-0.001180	1.003146	1.739685	
493	1.004355	-0.000859	-41.861694	0.000859	1.004355	0.201111	
494	1.002756	0.002556	-42.305176	-0.002556	1.002756	5.968384	
495	1.001847	-0.002342	-37.998657	0.002342	1.001847	1.258667	
496	1.000699	0.002774	-38.394775	-0.002774	1.000699	0.179932	
497	1.005682	-0.001310	-43.228516	0.001310	1.005682	-4.513489	
498	1.006788	0.001608	-45.992920	-0.001608	1.006788	-3.454285	
499	1.003615	-0.000029	-39.732178	0.000029	1.003615	-4.609863	
500	1.003983	0.001798	-41.983032	-0.001798	1.003983	-0.646423	
501	1.004458	-0.000845	-39.796509	0.000845	1.004458	-6.563843	
502	1.005797	0.000552	-43.122681	-0.000552	1.005797	-4.169373	
503	1.003987	0.001056	-40.198364	-0.001056	1.003987	-2.557129	
504	1.006211	0.000326	-42.559814	-0.000326	1.006211	-3.546997	
505	1.009653	0.000585	-48.304565	-0.000585	1.009653	-3.148560	
506	1.007099	0.007342	-47.976440	-0.007342	1.007099	3.507568	
507	1.008053	0.000915	-44.684692	-0.000915	1.008053	2.291138	
508	1.009750	0.004196	-49.304443	-0.004196	1.009750	1.635620	
509	1.005664	-0.001650	-39.706787	0.001650	1.005664	0.139160	
510	1.008900	0.002314	-46.980103	-0.002314	1.008900	1.643738	
511	1.010399	-0.000286	-46.137817	0.000286	1.010399	-2.585327	
512	1.011489	0.002747	-48.868713	-0.002747	1.011489	-1.724304	
513	1.013884	0.001109	-50.216309	-0.001109	1.013884	-4.781494	
514	1.010987	0.001212	-46.808777	-0.001212	1.010987	-4.101562	
515	1.013322	0.002421	-50.172974	-0.002421	1.013322	-6.974670	
516	1.011114	0.000514	-46.497559	-0.000514	1.011114	-5.782715	
517	1.008782	-0.001629	-41.669312	0.001629	1.008782	-6.944427	
518	1.015238	0.001898	-49.920288	-0.001898	1.015238	-8.191650	
519	1.011345	-0.002068	-43.503418	0.002068	1.011345	-9.103394	
520	1.012185	-0.002564	-43.652832	0.002564	1.012185	-9.124817	
521	1.014614	0.002474	-48.678711	-0.002474	1.014614	-8.290039	
522	1.008258	0.001371	-40.350098	-0.001371	1.008258	-4.338684	
523	1.015769	-0.002069	-46.146973	0.002069	1.015769	-9.745605	
524	1.015259	0.001615	-47.441467	-0.001615	1.015259	-8.557861	
525	1.016676	-0.000467	-46.461975	0.000467	1.016676	-9.748474	
526	1.016238	-0.003384	-44.788025	0.003384	1.016238	-10.013275	
527	1.014991	0.001520	-47.017517	-0.001520	1.014991	-6.686523	
528	1.016903	-0.002115	-44.607056	0.002115	1.016903	-8.812378	
529	1.018607	-0.003567	-45.003723	0.003567	1.018607	-12.189148	
530	1.000082	-0.000539	-23.306030	0.000539	1.000082	-0.920593	
531	1.001238	-0.003148	-22.738281	0.003148	1.001238	-3.448975	
532	0.999393	0.000589	-20.825806	-0.000589	0.999393	0.087982	
533	0.999693	-0.002319	-19.323242	0.002319	0.999693	-1.769867	
534	1.016358	0.000107	-42.293945	-0.000107	1.016358	-8.792847	
535	1.001170	0.000423	-21.500488	-0.000423	1.001170	-0.455109	
536	1.003171	0.004325	-27.721436	-0.004325	1.003171	0.458588	
537	1.003171	0.004325	-27.721436	-0.004325	1.003171	0.458588	
538	1.020941	0.001828	-44.205872	-0.001828	1.020941	-9.002167	
539	0.996505	-0.000337	-12.299316	0.000337	0.996505	2.937836	
540	0.999770	0.000300	-20.501099	-0.000300	0.999770	-0.415421	
541	1.010722	-0.006500	-28.876404	0.006500	1.010722	-10.789520	
542	0.997389	0.002032	-19.144836	-0.002032	0.997389	3.965576	
543	1.012162	0.005726	-34.203125	-0.005726	1.012162	1.297485	
544	1.012162	0.005726	-34.203125	-0.005726	1.012162	1.297485	
545	1.017729	-0.000608	-37.252930	0.000608	1.017729	-13.271881	
546	0.997580	0.002598	-14.219971	-0.002598	0.997580	2.212402	
547	1.002889	-0.002202	-18.602905	0.002202	1.002889	-3.895691	
548	0.998026	0.006285	-16.306763	-0.006285	0.998026	5.627533	
549	1.003532	-0.000801	-19.867920	0.000801	1.003532	-2.856628	
550	0.998840	0.000764	-13.126709	-0.000764	0.998840	0.884277	
551	1.003648	-0.000643	-18.832886	0.000643	1.003648	-4.308441	
552	0.998573	0.001670	-12.471069	-0.001670	0.998573	1.815338	
553	0.999802	0.002502	-14.568848	-0.002502	0.999802	1.878494	
554	1.000092	0.001175	-13.970825	-0.001175	1.000092	0.246979	
555	1.004667	-0.001835	-18.476440	0.001835	1.004667	-6.482300	
556	1.006354	-0.001214	-21.870056	0.001214	1.006354	-5.438782	
557	1.001143	-0.002432	-12.608887	0.002432	1.001143	-3.899841	
558	1.001961	-0.001039	-14.212036	0.001039	1.001961	-3.872681	
559	1.000493	0.001967	-13.648193	-0.001967	1.000493	0.664307	
560	1.000652	-0.001031	-11.743896	0.001031	1.000652	-2.085175	
561	1.001691	0.001581	-14.744873	-0.001581	1.001691	1.287506	
562	1.000788	-0.000028	-11.681641	0.000028	1.000788	-0.451141	
563	1.005609	0.000743	-19.166138	-0.000743	1.005609	-1.656860	
564	1.000368	-0.000988	-10.196167	0.000988	1.000368	-2.388062	
565	1.000113	0.001514	-10.863647	-0.001514	1.000113	1.106857	
566	1.001042	0.001328	-11.868774	-0.001328	1.001042	1.354614	
567	1.001282	0.000847	-11.656128	-0.000847	1.001282	-0.133667	
568	1.000708	0.001103	-10.667969	-0.001103	1.000708	0.204498	
569	1.000539	0.000585	-10.115112	-0.000585	1.000539	-0.316803	
570	1.002487	0.000142	-12.294312	-0.000142	1.002487	0.193787	
571	1.002572	0.000116	-11.559143	-0.000116	1.002572	-1.796509	
572	1.000959	-0.000111	-9.472229	0.000111	1.000959	-1.118408	
573	1.000621	0.001130	-9.729370	-0.001130	1.000621	0.301117	
574	1.001047	-0.002604	-7.788940	0.002604	1.001047	-2.516022	
575	1.001194	0.001807	-10.276855	-0.001807	1.001194	1.842865	
576	1.004029	-0.001987	-11.261353	0.001987	1.004029	-4.909088	
577	1.002958	0.000107	-10.826660	-0.000107	1.002958	-1.849609	
578	1.003088	-0.001228	-9.632385	0.001228	1.003088	-2.439331	
579	1.003738	-0.000121	-10.907654	0.000121	1.003738	-1.640930	
580	1.004502	-0.001203	-10.782593	0.001203	1.004502	-3.880035	
581	1.001469	0.001429	-7.970459	-0.001429	1.001469	-0.468781	
582	1.001367	0.000803	-7.266357	-0.000803	1.001367	-0.495361	
583	1.001292	0.000748	-6.764221	-0.000748	1.001292	-1.108185	
584	1.004152	0.001306	-10.095459	-0.001306	1.004152	-0.548492	
585	1.001270	0.002804	-7.569214	-0.002804	1.001270	0.387115	
586	1.001150	0.001911	-6.335815	-0.001911	1.001150	0.501434	
587	1.003954	0.001432	-9.032837	-0.001432	1.003954	-0.843292	
588	1.002505	0.001577	-7.952393	-0.001577	1.002505	-0.172546	
589	1.001419	-0.000064	-4.768921	0.000064	1.001419	-1.152740	
590	1.001786	0.000139	-4.863892	-0.000139	1.001786	-0.681152	
591	1.001287	0.003498	-6.274597	-0.003498	1.001287	2.037781	
592	1.001450	-0.000932	-3.198364	0.000932	1.001450	-1.275146	
593	1.001545	0.001830	-4.359131	-0.001830	1.001545	0.748444	
594	1.001418	-0.001785	-1.398926	0.001785	1.001418	-2.064697	
595	1.002255	0.004111	-5.348206	-0.004111	1.002255	1.243561	
596	1.000940	0.000055	-1.459290	-0.000055	1.000940	-0.624237	
597	1.005344	0.006219	-9.800903	-0.006219	1.005344	3.759308	
598	1.001378	0.003214	-3.465271	-0.003214	1.001378	1.435822	
599	1.002132	0.002186	-2.928894	-0.002186	1.002132	1.495239	
600	1.001440	0.001650	-2.012512	-0.001650	1.001440	0.536011	
601	1.001821	0.001586	-2.440186	-0.001586	1.001821	0.636993	
602	1.001228	0.000998	-1.905151	-0.000998	1.001228	-0.505249	
603	1.002225	0.002189	-3.204590	-0.002189	1.002225	1.549805	
604	1.001326	0.000878	-1.624390	-0.000878	1.001326	-0.895569	
605	1.002320	-0.000372	-1.326233	0.000372	1.002320	-1.884338	
606	1.002223	-0.000499	-1.027954	0.000499	1.002223	-1.648987	
607	1.004081	-0.003459	-0.766541	0.003459	1.004081	-5.794647	
608	1.001827	-0.000461	-0.467651	0.000461	1.001827	-2.199524	
609	1.002522	-0.003115	0.373596	0.003115	1.002522	-4.494812	
610	1.001704	-0.001074	-0.379883	0.001074	1.001704	-1.796631	
611	1.002330	-0.001381	-0.739502	0.001381	1.002330	-2.646454	
612	1.003512	-0.002565	-1.468994	0.002565	1.003512	-4.436432	
613	1.003507	-0.002194	-1.419556	0.002194	1.003507	-2.966187	
614	1.002244	-0.001830	-0.362915	0.001830	1.002244	-2.256104	
615	1.002101	-0.001147	-0.886536	0.001147	1.002101	-0.461761	
616	1.001583	-0.001513	-0.172607	0.001513	1.001583	-1.796997	
617	1.003079	-0.001468	-1.749146	0.001468	1.003079	-1.779785	
618	1.002147	0.000673	-1.612793	-0.000673	1.002147	-0.029449	
619	1.002641	-0.000197	-1.362671	0.000197	1.002641	-1.130127	
620	1.001552	0.001464	-1.395813	-0.001464	1.001552	0.565765	
621	1.002144	-0.000147	-0.794617	0.000147	1.002144	0.080811	
622	1.002901	0.004395	-3.152344	-0.004395	1.002901	2.526062	
623	1.001565	-0.001997	1.519958	0.001997	1.001565	-2.513367	
624	1.003312	0.005009	-3.026184	-0.005009	1.003312	5.891235	
625	1.001552	0.000825	0.521179	-0.000825	1.001552	-3.562286	
626	1.002381	0.007490	-3.835449	-0.007490	1.002381	7.151245	
627	1.001404	-0.001428	2.903198	0.001428	1.001404	-0.671661	
628	1.003013	0.008641	-3.994263	-0.008641	1.003013	5.334076	
629	1.001435	0.002998	1.436096	-0.002998	1.001435	1.499207	
630	1.003724	-0.001144	1.884521	0.001144	1.003724	-3.752594	
631	1.002247	0.001871	0.717224	-0.001871	1.002247	1.830170	
632	1.003742	0.000227	1.618225	-0.000227	1.003742	-1.971527	
633	1.001795	0.002994	0.206299	-0.002994	1.001795	2.542175	
634	1.001974	-0.004508	5.733398	0.004508	1.001974	-5.207458	
635	1.001892	0.003679	0.277222	-0.003679	1.001892	5.276917	
636	1.003215	-0.003048	4.238342	0.003048	1.003215	-3.063202	
637	1.002100	0.003499	0.588196	-0.003499	1.002100	4.292603	
638	1.002950	-0.004499	5.189758	0.004499	1.002950	-3.952393	
639	1.003004	0.001000	1.456787	-0.001000	1.003004	1.285553	
640	1.002444	-0.000942	3.599548	0.000942	1.002444	-0.361725	
641	1.003241	-0.001642	3.607605	0.001642	1.003241	-2.725250	
642	1.002478	-0.001690	4.390564	0.001690	1.002478	-1.727020	
643	1.002832	-0.000170	3.382507	0.000170	1.002832	-1.096497	
644	1.003491	-0.001282	3.704102	0.001282	1.003491	-1.508850	
645	1.003097	0.000384	3.103577	-0.000384	1.003097	-1.086182	
646	1.002559	-0.000723	4.507202	0.000723	1.002559	-1.403381	
647	1.003087	0.000201	4.078430	-0.000201	1.003087	0.165314	
648	1.001814	-0.005740	8.488770	0.005740	1.001814	-7.850922	
649	1.004869	0.004983	-0.874817	-0.004983	1.004869	2.161346	
650	1.001792	0.005232	3.109741	-0.005232	1.001792	4.413544	
651	1.004297	-0.011033	9.548950	0.011033	1.004297	-14.991272	
652	1.012909	0.005576	-2.866852	-0.005576	1.012909	-3.655334	
653	1.002921	0.007413	1.274658	-0.007413	1.002921	3.604187	
654	1.003330	-0.003349	8.205139	0.003349	1.003330	-4.527985	
655	1.004638	0.008905	-0.080627	-0.008905	1.004638	8.117828	
656	1.001686	0.000959	8.698669	-0.000959	1.001686	2.397888	
657	1.004066	-0.002522	6.159973	0.002522	1.004066	-2.387939	
658	1.002238	0.002270	6.180359	-0.002270	1.002238	14.303986	
659	1.004104	-0.007655	6.309021	0.007655	1.004104	-9.704559	
660	1.003381	-0.002667	4.852783	0.002667	1.003381	-2.433899	
661	1.004959	-0.003183	4.683350	0.003183	1.004959	-4.194977	
662	1.003546	-0.004784	7.179138	0.004784	1.003546	-5.119965	
663	1.005184	-0.010261	9.603821	0.010261	1.005184	-12.455841	
664	1.004079	0.000497	3.303528	-0.000497	1.004079	-1.601837	
665	1.004342	-0.007141	8.252014	0.007141	1.004342	-9.336487	
666	1.004141	-0.002406	5.665771	0.002406	1.004141	-4.529114	
667	1.004377	-0.000341	4.129700	0.000341	1.004377	-2.169006	
668	1.003369	-0.003206	6.944763	0.003206	1.003369	-6.671906	
669	1.006108	-0.004092	5.113892	0.004092	1.006108	-7.263092	
670	1.004348	0.000247	3.935059	-0.000247	1.004348	-4.933380	
671	1.004811	-0.002870	5.278381	0.002870	1.004811	-6.371216	
672	1.004291	0.001533	3.209290	-0.001533	1.004291	-1.139069	
673	1.005888	-0.004130	5.590820	0.004130	1.005888	-12.720306	
674	1.004446	-0.008836	8.401428	0.008836	1.004446	-11.660217	
675	1.004288	0.008349	-2.071167	-0.008349	1.004288	5.750397	
676	1.003931	-0.006934	10.228760	0.006934	1.003931	-7.705017	
677	1.003153	-0.000603	4.560425	0.000603	1.003153	-0.899445	
678	1.004383	0.013810	-3.512146	-0.013810	1.004383	16.306091	
679	1.004656	-0.015834	14.038269	0.015834	1.004656	-15.589783	
680	1.005667	0.017538	-11.034607	-0.017538	1.005667	32.196625	
681	1.004369	0.043913	-21.824707	-0.043913	1.004369	48.458710	
682	1.004701	-0.032976	20.044189	0.032976	1.004701	-49.536713	
683	1.006037	-0.003646	2.459473	0.003646	1.006037	-16.155945	
684	1.006349	0.012189	-5.448669	-0.012189	1.006349	3.366089	
685	1.004885	-0.007403	6.702026	0.007403	1.004885	-14.759521	
686	1.010557	-0.000058	-0.088867	0.000058	1.010557	-6.957703	
687	1.004919	-0.005640	5.605164	0.005640	1.004919	-7.482971	
688	1.004111	0.000922	2.111938	-0.000922	1.004111	-3.064392	
689	1.004244	-0.007656	7.612366	0.007656	1.004244	-9.153931	
690	1.005863	0.002576	-0.603210	-0.002576	1.005863	-3.115814	
691	1.002877	-0.011995	11.425354	0.011995	1.002877	-9.700256	
692	1.005611	-0.000065	1.895020	0.000065	1.005611	-3.683319	
693	1.003571	-0.003241	4.136169	0.003241	1.003571	-0.173492	
694	1.006056	-0.003609	3.923401	0.003609	1.006056	-3.854218	
695	1.005317	-0.008024	6.457520	0.008024	1.005317	-7.958954	
696	1.005180	-0.000798	1.262024	0.000798	1.005180	-2.005707	
697	1.005117	-0.001610	3.141968	0.001610	1.005117	-3.761597	
698	1.005106	-0.010440	7.335815	0.010440	1.005106	-9.698914	
699	1.005173	0.004781	-1.688599	-0.004781	1.005173	3.700806	
700	1.004202	-0.004885	5.310242	0.004885	1.004202	-4.705902	
701	1.004603	-0.003651	4.806152	0.003651	1.004603	-4.895203	
702	1.005338	-0.008161	4.697510	0.008161	1.005338	-8.093048	
703	1.005445	-0.002294	0.787109	0.002294	1.005445	-0.536682	
704	1.005311	0.001765	-0.877808	-0.001765	1.005311	-1.918152	
705	1.000627	-0.008305	8.372498	0.008305	1.000627	-3.901917	
706	1.005304	0.008280	-5.280579	-0.008280	1.005304	4.850952	
707	1.005022	0.003359	-1.835022	-0.003359	1.005022	3.874817	
708	1.006029	0.011796	-8.032593	-0.011796	1.006029	8.351715	
709	1.009493	-0.010481	2.214050	0.010481	1.009493	-5.834290	
710	1.001562	0.016379	-7.586121	-0.016379	1.001562	11.887909	
711	1.007742	0.002351	-4.641724	-0.002351	1.007742	2.524109	
712	1.004572	0.004489	-3.847412	-0.004489	1.004572	-2.322083	
713	1.004438	0.021179	-10.799561	-0.021179	1.004438	22.533600	
714	1.005205	-0.005855	1.941589	0.005855	1.005205	-8.576508	
715	1.005200	0.009041	-6.927307	-0.009041	1.005200	4.795258	
716	1.002159	-0.003535	3.311829	0.003535	1.002159	-2.697388	
717	1.005266	0.008821	-6.402588	-0.008821	1.005266	5.553650	
718	1.002152	-0.015173	10.846619	0.015173	1.002152	-14.235107	
719	1.005607	0.010422	-8.428406	-0.010422	1.005607	7.769928	
720	1.003461	-0.002320	2.551331	0.002320	1.003461	-3.208282	
721	1.005726	-0.000886	-0.865479	0.000886	1.005726	-3.319611	
722	1.001935	-0.003302	4.370178	0.003302	1.001935	-3.875122	
723	1.005547	0.003667	-4.701294	-0.003667	1.005547	9.030853	
724	1.003459	0.003351	-1.111389	-0.003351	1.003459	0.936798	
725	1.003056	-0.012458	8.756287	0.012458	1.003056	-12.472260	
726	1.001055	0.009634	-3.991760	-0.009634	1.001055	13.288910	
727	1.005775	-0.010677	5.499146	0.010677	1.005775	-12.185181	
728	1.004183	-0.000948	-0.651917	0.000948	1.004183	-4.117798	
729	1.007220	0.000572	-3.799011	-0.000572	1.007220	-0.425140	
730	1.003182	-0.008522	4.972778	0.008522	1.003182	-10.588013	
731	1.004411	0.002096	-2.621216	-0.002096	1.004411	-1.120514	
732	1.002550	0.000551	0.259705	-0.000551	1.002550	-1.750214	
733	1.004783	-0.009226	4.060242	0.009226	1.004783	-12.857300	
734	1.003105	0.004205	-4.155701	-0.004205	1.003105	1.314941	
735	1.002986	-0.003403	2.902100	0.003403	1.002986	-6.359619	
736	1.004298	-0.000103	-2.288574	0.000103	1.004298	-3.580566	
737	1.004750	-0.000317	-2.348877	0.000317	1.004750	0.348755	
738	1.003076	-0.003151	0.720154	0.003151	1.003076	-5.061768	
739	1.004588	0.003025	-4.499573	-0.003025	1.004588	1.195404	
740	1.001692	-0.003778	2.994995	0.003778	1.001692	-3.230865	
741	1.004277	-0.000126	-2.184265	0.000126	1.004277	-0.393127	
742	1.002990	-0.001222	-0.740051	0.001222	1.002990	-1.763855	
743	1.002732	-0.002874	-0.377380	0.002874	1.002732	-3.698456	
744	1.002021	0.002549	-3.004517	-0.002549	1.002021	1.740417	
745	1.003949	-0.005676	-0.213379	0.005676	1.003949	-6.464386	
746	1.003752	0.001320	-3.519287	-0.001320	1.003752	-0.162872	
747	1.002914	0.000443	-1.231201	-0.000443	1.002914	-1.986572	
748	1.005163	0.000623	-4.462708	-0.000623	1.005163	-1.894470	
749	1.004412	-0.002190	-1.633545	0.002190	1.004412	-5.275146	
