0	1.000000	0.000000	0.000000	0.000000	1.000000	0.000000	
1	1.003171	-0.001620	-2.731628	0.001620	1.003171	-2.858032	
2	1.003646	0.001154	-3.429016	-0.001154	1.003646	-2.145721	
3	1.003230	-0.002062	-2.551941	0.002062	1.003230	-2.140167	
4	1.004229	0.001536	-5.046387	-0.001536	1.004229	-1.622833	
5	1.003026	-0.002537	-1.151367	0.002537	1.003026	-4.054016	
6	1.003866	0.001980	-5.688110	-0.001980	1.003866	0.721252	
7	1.003778	-0.000987	-2.628479	0.000987	1.003778	-3.840881	
8	1.003355	0.001008	-4.561462	-0.001008	1.003355	0.998779	
9	1.003409	-0.001898	-1.314758	0.001898	1.003409	-6.524323	
10	1.003574	0.004824	-6.735962	-0.004824	1.003574	2.796509	
11	1.003312	-0.005020	-0.058411	0.005020	1.003312	-5.610901	
12	1.003721	0.005411	-7.225342	-0.005411	1.003721	2.754303	
13	1.003318	-0.006093	1.485718	0.006093	1.003318	-7.621796	
14	1.003210	0.009742	-9.430054	-0.009742	1.003210	5.443634	
15	1.003216	-0.010507	4.016785	0.010507	1.003216	-10.195618	
16	1.003556	0.017434	-14.758301	-0.017434	1.003556	15.626892	
17	1.004152	-0.015197	6.182800	0.015197	1.004152	-15.850037	
18	1.002565	0.001821	-5.214233	-0.001821	1.002565	1.115936	
19	1.003157	0.004194	-4.835693	-0.004194	1.003157	2.743591	
20	1.003482	-0.011437	4.234863	0.011437	1.003482	-12.933960	
21	1.003717	0.007504	-9.635864	-0.007504	1.003717	7.114807	
22	1.004221	-0.004994	-0.284790	0.004994	1.004221	-6.848480	
23	1.003808	-0.000050	-3.914124	0.000050	1.003808	-1.624664	
24	1.003749	-0.002733	-1.968079	0.002733	1.003749	-4.613403	
25	1.003903	0.000485	-3.942810	-0.000485	1.003903	-0.029022	
26	1.003803	-0.002770	-2.000061	0.002770	1.003803	-4.147614	
27	1.002444	-0.001582	-1.240173	0.001582	1.002444	-1.448944	
28	1.003874	-0.000742	-3.629395	0.000742	1.003874	-3.386841	
29	1.003282	-0.001865	-2.786621	0.001865	1.003282	5.298645	
30	1.004737	0.003522	-5.994934	-0.003522	1.004737	-5.583069	
31	1.002840	-0.004389	0.202576	0.004389	1.002840	1.093506	
32	1.004129	0.006274	-8.307129	-0.006274	1.004129	4.294342	
33	1.003399	-0.008289	2.523071	0.008289	1.003399	-9.659576	
34	1.003001	0.011627	-10.315796	-0.011627	1.003001	10.149109	
35	1.003841	-0.010201	3.418701	0.010201	1.003841	-10.130585	
36	1.003727	0.008183	-9.338623	-0.008183	1.003727	4.546051	
37	1.003380	-0.002333	-0.963989	0.002333	1.003380	-2.718384	
38	1.004016	0.000242	-4.057739	-0.000242	1.004016	-1.159058	
39	1.003322	-0.001276	-2.491211	0.001276	1.003322	-4.175354	
40	1.003927	0.000479	-4.386169	-0.000479	1.003927	-0.699646	
41	1.003776	0.001954	-5.084290	-0.001954	1.003776	1.046570	
42	1.003898	-0.004786	-0.065063	0.004786	1.003898	-7.315826	
43	1.001352	0.004626	-4.359009	-0.004626	1.001352	3.447662	
44	1.003997	-0.002425	-2.240173	0.002425	1.003997	-3.246521	
45	1.003468	-0.000519	-2.872314	0.000519	1.003468	-1.493774	
46	1.004259	0.000233	-4.492310	-0.000233	1.004259	-1.944946	
47	1.003078	-0.001218	-1.963196	0.001218	1.003078	-2.410461	
48	1.003563	0.000654	-3.949341	-0.000654	1.003563	-0.015015	
49	1.002545	0.000320	-3.020874	-0.000320	1.002545	-0.262146	
50	1.004203	0.000983	-4.269531	-0.000983	1.004203	-0.463470	
51	1.004223	0.001251	-5.740112	-0.001251	1.004223	0.602814	
52	1.003907	-0.001807	-1.880005	0.001807	1.003907	-6.313446	
53	1.003033	0.006739	-7.994751	-0.006739	1.003033	5.966400	
54	1.003909	-0.010840	3.559937	0.010840	1.003909	-10.691742	
55	1.003713	0.010522	-11.523560	-0.010522	1.003713	8.013611	
56	1.003697	-0.008035	2.262085	0.008035	1.003697	-8.694946	
57	1.002686	0.007176	-8.215698	-0.007176	1.002686	6.440338	
58	1.003343	-0.008806	2.568726	0.008806	1.003343	-9.191559	
59	1.002900	0.004139	-6.875122	-0.004139	1.002900	2.817078	
60	1.003361	-0.001637	-2.425537	0.001637	1.003361	-2.542297	
61	1.003342	-0.000926	-2.945435	0.000926	1.003342	-3.214874	
62	1.003508	-0.002578	-2.785278	0.002578	1.003508	-3.041809	
63	1.003744	-0.000446	-4.165161	0.000446	1.003744	-2.223145	
64	1.003387	-0.002006	-3.187134	0.002006	1.003387	-4.233917	
65	1.003195	-0.005488	0.114258	0.005488	1.003195	-7.725586	
66	1.003382	0.001256	-6.126953	-0.001256	1.003382	0.687775	
67	1.003425	-0.003125	-2.308228	0.003125	1.003425	-6.485138	
68	1.003699	-0.000498	-4.314087	0.000498	1.003699	-2.888214	
69	1.003424	0.000988	-4.956238	-0.000988	1.003424	-1.082062	
70	1.004080	-0.001753	-4.075378	0.001753	1.004080	-4.812134	
71	1.004123	0.003223	-7.442749	-0.003223	1.004123	1.017700	
72	1.004208	-0.001779	-3.975342	0.001779	1.004208	-4.235382	
73	1.003421	-0.000962	-3.595154	0.000962	1.003421	-3.776367	
74	1.003893	0.007789	-10.324768	-0.007789	1.003893	6.846527	
75	1.003058	-0.009326	2.729980	0.009326	1.003058	-9.478149	
76	1.004027	0.017801	-16.757202	-0.017801	1.004027	13.183655	
77	1.003569	-0.017047	6.048706	0.017047	1.003569	-18.697632	
78	1.002939	0.009954	-11.041992	-0.009954	1.002939	7.931335	
79	1.003302	-0.000179	-3.302612	0.000179	1.003302	-1.273315	
80	1.003041	-0.007697	0.550171	0.007697	1.003041	-11.475891	
81	1.003089	0.005874	-9.196045	-0.005874	1.003089	4.748627	
82	1.003476	-0.005809	-0.676514	0.005809	1.003476	-7.920776	
83	1.002941	0.006259	-8.488281	-0.006259	1.002941	3.413544	
84	1.003393	-0.010892	2.207153	0.010892	1.003393	-12.683929	
85	1.003403	0.007999	-11.254761	-0.007999	1.003403	6.274506	
86	1.004019	-0.008225	0.217163	0.008225	1.004019	-11.429901	
87	1.003280	-0.000933	-4.519104	0.000933	1.003280	-2.165588	
88	1.004054	-0.002122	-4.607239	0.002122	1.004054	-5.785675	
89	1.002742	-0.001003	-3.662964	0.001003	1.002742	-2.829132	
90	1.003304	0.002733	-6.432373	-0.002733	1.003304	1.845276	
91	1.003785	-0.004799	-1.417236	0.004799	1.003785	-6.246185	
92	1.003933	0.004980	-9.548523	-0.004980	1.003933	3.187805	
93	1.004085	-0.003011	-2.298462	0.003011	1.004085	-5.015442	
94	1.003711	0.003382	-8.063354	-0.003382	1.003711	1.399139	
95	1.003046	-0.000708	-3.497314	0.000708	1.003046	-1.981934	
96	1.003526	0.002216	-6.079712	-0.002216	1.003526	0.661591	
97	1.003659	-0.000742	-4.724365	0.000742	1.003659	-3.234070	
98	1.003407	0.000742	-5.560913	-0.000742	1.003407	-0.345734	
99	1.003705	0.000605	-5.780273	-0.000605	1.003705	0.611237	
100	1.003795	-0.000520	-5.124268	0.000520	1.003795	-3.903809	
101	1.003617	-0.000163	-5.184326	0.000163	1.003617	-0.795837	
102	1.003837	-0.000236	-5.375977	0.000236	1.003837	-1.570496	
103	1.003294	-0.000046	-4.748779	0.000046	1.003294	-1.885406	
104	1.004119	-0.001480	-5.104126	0.001480	1.004119	-3.423401	
105	1.003332	0.000649	-4.938477	-0.000649	1.003332	-2.364655	
106	1.003579	-0.001515	-4.412109	0.001515	1.003579	-2.981995	
107	1.002851	0.000421	-4.533936	-0.000421	1.002851	-0.889221	
108	1.003673	0.001536	-6.071655	-0.001536	1.003673	0.521637	
109	1.002890	-0.000880	-3.439941	0.000880	1.002890	-3.756622	
110	1.003364	-0.000288	-4.984741	0.000288	1.003364	0.482697	
111	1.003501	-0.001647	-3.548950	0.001647	1.003501	-2.192993	
112	1.003038	0.003494	-7.549072	-0.003494	1.003038	2.973511	
113	1.004474	-0.000425	-5.523438	0.000425	1.004474	0.242310	
114	1.001486	-0.003802	-0.302002	0.003802	1.001486	-1.413055	
115	1.002922	0.006889	-8.352417	-0.006889	1.002922	8.600708	
116	1.004353	-0.006794	-1.389221	0.006794	1.004353	-7.105927	
117	1.003474	0.005685	-9.761353	-0.005685	1.003474	6.802338	
118	1.003505	-0.004612	-1.146362	0.004612	1.003505	-6.382141	
119	1.003421	0.003307	-7.204346	-0.003307	1.003421	2.174988	
120	1.003503	-0.002755	-3.315796	0.002755	1.003503	-4.217316	
121	1.003085	0.000983	-5.313965	-0.000983	1.003085	0.101624	
122	1.003317	-0.001013	-4.126953	0.001013	1.003317	-2.761963	
123	1.002528	0.001064	-4.618896	-0.001064	1.002528	0.579651	
124	1.003660	-0.001209	-4.551514	0.001209	1.003660	-2.426117	
125	1.003026	-0.000682	-3.806396	0.000682	1.003026	-1.490875	
126	1.003168	0.001280	-5.697632	-0.001280	1.003168	1.553528	
127	1.003329	-0.001934	-3.951904	0.001934	1.003329	-2.486908	
128	1.002512	0.001444	-3.953613	-0.001444	1.002512	5.737610	
129	1.002569	-0.004351	-0.894409	0.004351	1.002569	-8.494415	
130	1.004623	0.009953	-12.232910	-0.009953	1.004623	2.839752	
131	0.998990	0.002042	0.364563	-0.002042	0.998990	1.149200	
132	1.004412	-0.010888	0.176880	0.010888	1.004412	-10.991302	
133	1.001339	0.009189	-9.117310	-0.009189	1.001339	8.655060	
134	1.003935	-0.010701	2.590820	0.010701	1.003935	-11.528076	
135	1.002257	0.010615	-10.931274	-0.010615	1.002257	8.491821	
136	1.003860	-0.012111	2.482422	0.012111	1.003860	-9.438110	
137	1.003049	0.005512	-7.704834	-0.005512	1.003049	-0.374146	
138	1.003359	-0.002758	-2.973877	0.002758	1.003359	-0.670105	
139	1.002596	0.002684	-5.771362	-0.002684	1.002596	-0.433533	
140	1.003545	-0.001324	-3.773071	0.001324	1.003545	-1.130737	
141	1.003782	0.000403	-4.887085	-0.000403	1.003782	-2.607758	
142	1.003349	0.000830	-4.540527	-0.000830	1.003349	-1.565979	
143	1.002771	-0.001473	-3.370239	0.001473	1.002771	-1.570343	
144	1.003631	0.001478	-5.534546	-0.001478	1.003631	-0.942627	
145	1.003216	-0.002840	-2.381104	0.002840	1.003216	-4.670776	
146	1.003638	0.002885	-6.721680	-0.002885	1.003638	1.038116	
147	1.002385	-0.004634	-0.344971	0.004634	1.002385	-4.823486	
148	1.003723	0.004346	-8.328979	-0.004346	1.003723	2.388977	
149	1.003471	-0.003194	-1.803589	0.003194	1.003471	-5.908264	
150	1.003307	0.001908	-5.120605	-0.001908	1.003307	-0.145996	
151	1.002465	0.000368	-3.517700	-0.000368	1.002465	-1.023285	
152	1.003382	-0.000013	-4.405396	0.000013	1.003382	-0.499359	
153	1.002750	0.001010	-3.822388	-0.001010	1.002750	-1.170319	
154	1.003545	0.001580	-5.766846	-0.001580	1.003545	-0.870758	
155	1.002015	0.000046	-2.381958	-0.000046	1.002015	5.435120	
156	1.004239	0.000630	-4.602539	-0.000630	1.004239	-11.601440	
157	1.001890	0.000786	-3.131348	-0.000786	1.001890	22.856140	
158	1.003975	0.001066	-3.831787	-0.001066	1.003975	-20.251709	
159	1.000701	0.016530	-10.145386	-0.016530	1.000701	36.596436	
160	1.003878	-0.023039	9.373901	0.023039	1.003878	-31.305664	
161	1.000540	0.022519	-15.112427	-0.022519	1.000540	23.332794	
162	1.002937	0.018763	-11.608948	-0.018763	1.002937	19.744446	
163	1.002385	-0.022416	10.111938	0.022416	1.002385	-34.710449	
164	1.002504	0.007505	-7.634521	-0.007505	1.002504	5.139801	
165	1.003078	0.006109	-6.679077	-0.006109	1.003078	3.290863	
166	1.002655	-0.004202	0.718140	0.004202	1.002655	-9.186188	
167	1.004272	0.000983	-5.446533	-0.000983	1.004272	-1.231964	
168	1.002785	0.004144	-6.363037	-0.004144	1.002785	4.430511	
169	1.002689	-0.005667	1.562988	0.005667	1.002689	-10.024445	
170	1.002803	-0.001891	-2.834229	0.001891	1.002803	-3.138458	
171	1.002543	-0.000114	-2.329407	0.000114	1.002543	0.691559	
172	1.002657	-0.003834	-0.247070	0.003834	1.002657	-5.062622	
173	1.002595	0.001727	-4.657959	-0.001727	1.002595	3.432129	
174	1.003571	-0.004890	-0.927002	0.004890	1.003571	-5.818268	
175	1.002875	0.000104	-2.610718	-0.000104	1.002875	-0.514099	
176	1.003261	-0.003565	-1.335815	0.003565	1.003261	-3.405548	
177	1.002903	0.000541	-3.369019	-0.000541	1.002903	0.319733	
178	1.003478	-0.003682	-1.090332	0.003682	1.003478	-4.570038	
179	1.002390	0.001073	-3.414673	-0.001073	1.002390	0.709473	
180	1.003639	-0.002096	-2.545776	0.002096	1.003639	-2.322662	
181	1.003033	0.001129	-2.781372	-0.001129	1.003033	-0.449738	
182	1.003517	-0.000266	-3.121582	0.000266	1.003517	-1.501160	
183	1.002976	0.002430	-3.980591	-0.002430	1.002976	0.287170	
184	1.003281	-0.000267	-2.730957	0.000267	1.003281	-1.419678	
185	1.002955	0.001572	-3.452881	-0.001572	1.002955	1.343811	
186	1.004010	0.001072	-4.135132	-0.001072	1.004010	-1.598114	
187	1.002171	0.002320	-3.173950	-0.002320	1.002171	1.263733	
188	1.003445	0.001201	-3.460815	-0.001201	1.003445	-0.099518	
189	1.003365	0.001581	-3.688110	-0.001581	1.003365	-0.859528	
190	1.002966	0.001834	-2.938599	-0.001834	1.002966	0.401703	
191	1.003152	0.002104	-4.018555	-0.002104	1.003152	2.044952	
192	1.002818	0.007084	-6.660278	-0.007084	1.002818	4.649841	
193	1.002653	-0.000969	-0.921692	0.000969	1.002653	0.983124	
194	1.002556	0.005856	-6.182129	-0.005856	1.002556	3.624298	
195	1.003147	0.003392	-4.429688	-0.003392	1.003147	4.877899	
196	1.002846	0.000227	-1.831543	-0.000227	1.002846	-2.709412	
197	1.002742	0.002882	-5.545410	-0.002882	1.002742	1.902191	
198	1.002778	0.003244	-5.139038	-0.003244	1.002778	3.031006	
199	1.003299	-0.006181	0.863647	0.006181	1.003299	-7.399750	
200	1.003401	-0.001180	-3.102905	0.001180	1.003401	-4.232788	
201	1.002644	-0.002465	-1.134644	0.002465	1.002644	-3.253754	
202	1.003945	-0.002543	-2.732788	0.002543	1.003945	-4.313049	
203	1.003493	-0.004095	-0.583618	0.004095	1.003493	-7.857880	
204	1.003113	-0.003424	-0.875732	0.003424	1.003113	-6.025177	
205	1.003292	-0.000220	-3.451904	0.000220	1.003292	-1.908356	
206	1.004249	-0.008539	1.118347	0.008539	1.004249	-13.730591	
207	1.003854	-0.002885	-2.563293	0.002885	1.003854	-4.419250	
208	1.003674	-0.001440	-1.930237	0.001440	1.003674	-4.220551	
209	1.003381	-0.010685	3.577087	0.010685	1.003381	-13.121368	
210	1.002829	0.008447	-8.061157	-0.008447	1.002829	5.770386	
211	1.003023	-0.006869	2.789368	0.006869	1.003023	-8.495392	
212	1.003203	0.006606	-7.498901	-0.006606	1.003203	2.170258	
213	1.003004	-0.002622	0.546936	0.002622	1.003004	-4.874634	
214	1.003386	0.003944	-6.441162	-0.003944	1.003386	2.709106	
215	1.002644	-0.001806	-0.302856	0.001806	1.002644	-4.316742	
216	1.002599	0.004265	-5.007202	-0.004265	1.002599	3.954163	
217	1.003145	-0.000341	-1.972168	0.000341	1.003145	-2.312317	
218	1.002304	0.002540	-2.866699	-0.002540	1.002304	1.634369	
219	1.002775	0.001376	-2.876343	-0.001376	1.002775	1.241852	
220	1.002486	0.001059	-2.224121	-0.001059	1.002486	-0.493713	
221	1.003258	0.001261	-3.260986	-0.001261	1.003258	1.263702	
222	1.002478	0.001395	-2.541382	-0.001395	1.002478	-0.176147	
223	1.003227	0.000279	-2.596436	-0.000279	1.003227	0.794159	
224	1.003220	0.001558	-3.732178	-0.001558	1.003220	-0.230591	
225	1.002896	-0.000983	-1.249023	0.000983	1.002896	-0.366028	
226	1.003136	0.001532	-3.413574	-0.001532	1.003136	-0.807648	
227	1.003396	-0.001101	-0.979248	0.001101	1.003396	-1.739197	
228	1.002746	0.001563	-2.961792	-0.001563	1.002746	-0.397003	
229	1.003377	-0.000275	-2.153076	0.000275	1.003377	-1.267914	
230	1.003266	0.000109	-2.405884	-0.000109	1.003266	-2.629059	
231	1.003270	0.000483	-2.318726	-0.000483	1.003270	-0.755524	
232	1.002825	-0.001703	-0.431519	0.001703	1.002825	-2.961761	
233	1.003327	0.000847	-2.479736	-0.000847	1.003327	-1.144684	
234	1.002758	-0.002146	0.100220	0.002146	1.002758	-2.608307	
235	1.002788	0.000844	-2.038330	-0.000844	1.002788	-0.710266	
236	1.003821	-0.000840	-1.447388	0.000840	1.003821	-1.935577	
237	1.003245	-0.000291	-1.647583	0.000291	1.003245	-2.093933	
238	1.003169	-0.001020	-0.709229	0.001020	1.003169	-2.470459	
239	1.002961	0.000218	-0.997803	-0.000218	1.002961	-0.427246	
240	1.003587	-0.000918	-0.652100	0.000918	1.003587	-1.416718	
241	1.002923	0.000149	-0.712036	-0.000149	1.002923	-0.704254	
242	1.003257	-0.001097	0.021973	0.001097	1.003257	-1.391815	
243	1.002975	0.000191	-0.216064	-0.000191	1.002975	-0.330109	
244	1.003546	-0.000237	-0.452148	0.000237	1.003546	-0.390076	
245	1.003369	0.000221	-0.112793	-0.000221	1.003369	-0.708649	
246	1.002775	-0.000146	0.620361	0.000146	1.002775	-0.627808	
247	1.003169	0.000131	0.796387	-0.000131	1.003169	-0.450134	
248	1.002378	0.000326	1.565308	-0.000326	1.002378	-0.211853	
249	1.002125	0.000355	2.268494	-0.000355	1.002125	-0.472565	
250	1.002008	0.001124	2.173218	-0.001124	1.002008	0.035858	
251	1.002288	0.000294	2.659302	-0.000294	1.002288	-0.696167	
252	1.002407	0.001227	2.112732	-0.001227	1.002407	0.170319	
253	1.003188	0.000491	2.495544	-0.000491	1.003188	-0.997131	
254	1.002090	0.000719	3.547363	-0.000719	1.002090	-1.036133	
255	1.001727	0.000480	4.187866	-0.000480	1.001727	-0.137054	
256	1.001923	0.000074	4.848267	-0.000074	1.001923	-0.355652	
257	1.001681	0.001017	4.739502	-0.001017	1.001681	0.494049	
258	1.001059	0.001012	5.780273	-0.001012	1.001059	0.321411	
259	1.001838	0.000431	6.161682	-0.000431	1.001838	-0.781952	
260	1.002024	0.001211	5.888367	-0.001211	1.002024	0.737946	
261	1.001317	0.000076	7.523987	-0.000076	1.001317	-0.204956	
262	1.001440	-0.000086	8.195129	0.000086	1.001440	-0.956207	
263	1.001490	0.001093	8.206848	-0.001093	1.001490	0.689209	
264	1.000999	0.000267	9.588135	-0.000267	1.000999	0.354309	
265	1.000765	0.000314	10.284973	-0.000314	1.000765	0.113770	
266	1.001841	0.002307	8.585693	-0.002307	1.001841	1.713593	
267	1.000897	0.001130	10.008667	-0.001130	1.000897	0.682587	
268	1.000745	-0.000354	11.598206	0.000354	1.000745	-0.703400	
269	1.000730	0.000697	11.047974	-0.000697	1.000730	0.255188	
270	1.001251	-0.000174	11.711182	0.000174	1.001251	-1.048004	
271	1.000647	0.001305	11.871948	-0.001305	1.000647	1.376495	
272	1.000657	-0.000432	12.980957	0.000432	1.000657	-0.503632	
273	1.001996	0.000794	11.267578	-0.000794	1.001996	-0.457642	
274	1.001275	0.000916	12.674927	-0.000916	1.001275	0.413391	
275	0.999926	0.000723	14.250488	-0.000723	0.999926	1.005280	
276	1.000419	-0.001765	15.741821	0.001765	1.000419	-3.364990	
277	1.001845	-0.000058	13.237793	0.000058	1.001845	-1.484589	
278	1.001893	0.000284	13.824829	-0.000284	1.001893	0.265747	
279	0.999922	-0.000858	16.754761	0.000858	0.999922	-2.076782	
280	1.004662	-0.000286	10.732056	0.000286	1.004662	-2.617035	
281	1.000215	0.000463	17.349731	-0.000463	1.000215	1.057220	
282	1.000323	0.000587	17.322998	-0.000587	1.000323	-0.828094	
283	1.004792	0.001276	10.988403	-0.001276	1.004792	-0.310242	
284	1.003654	0.001107	13.433716	-0.001107	1.003654	1.320831	
285	1.003379	0.002807	12.973511	-0.002807	1.003379	0.353516	
286	0.999919	0.000375	20.538940	-0.000375	0.999919	1.937317	
287	1.004362	0.002477	12.798218	-0.002477	1.004362	-0.365814	
288	1.000319	0.000902	21.674683	-0.000902	1.000319	1.828552	
289	1.005519	0.003843	10.907349	-0.003843	1.005519	1.183899	
290	1.000704	0.001046	22.089722	-0.001046	1.000704	1.341553	
291	1.007325	0.002407	10.022949	-0.002407	1.007325	-0.444702	
292	1.005301	0.003346	14.293701	-0.003346	1.005301	0.937744	
293	1.005025	0.001806	14.908936	-0.001806	1.005025	1.268738	
294	1.007676	0.002174	10.960938	-0.002174	1.007676	-1.715912	
295	1.000114	0.002443	24.733154	-0.002443	1.000114	1.391449	
296	1.006673	0.000155	14.454224	-0.000155	1.006673	-1.459473	
297	1.008278	0.003531	10.159546	-0.003531	1.008278	1.146393	
298	1.001567	-0.000790	26.435059	0.000790	1.001567	-2.705353	
299	1.000662	0.002776	25.319336	-0.002776	1.000662	2.000549	
300	1.000104	-0.000107	27.244812	0.000107	1.000104	0.113037	
301	1.000581	-0.000255	29.612000	0.000255	1.000581	-0.901337	
302	1.003330	0.001810	26.440002	-0.001810	1.003330	0.421448	
303	1.001692	-0.001326	28.996155	0.001326	1.001692	-2.378601	
304	0.999441	-0.000121	29.217041	0.000121	0.999441	0.083862	
305	1.004165	-0.001432	27.903015	0.001432	1.004165	-3.468445	
306	1.003307	0.000757	25.776672	-0.000757	1.003307	0.023560	
307	1.002965	-0.001094	28.127991	0.001094	1.002965	-1.208649	
308	1.005448	-0.001509	27.056213	0.001509	1.005448	-3.979004	
309	1.004129	0.000995	26.344360	-0.000995	1.004129	-1.074524	
310	1.004493	-0.000108	27.355286	0.000108	1.004493	-3.080200	
311	1.006469	0.000807	25.484192	-0.000807	1.006469	-1.016174	
312	1.001250	0.000797	28.857544	-0.000797	1.001250	-0.786011	
313	1.007669	-0.003229	27.394470	0.003229	1.007669	-8.426392	
314	1.005302	0.001744	25.421021	-0.001744	1.005302	-1.820038	
315	1.007052	-0.002071	26.619507	0.002071	1.007052	-4.933014	
316	1.008973	0.003634	21.301758	-0.003634	1.008973	-1.758453	
317	1.007038	-0.003619	28.310791	0.003619	1.007038	-6.367737	
318	1.003699	0.007679	24.119202	-0.007679	1.003699	4.746765	
319	1.002776	-0.001972	34.299500	0.001972	1.002776	-1.831787	
320	1.008699	0.001688	28.710999	-0.001688	1.008699	-1.639404	
321	1.003489	0.001173	29.548584	-0.001173	1.003489	0.200073	
322	1.006034	0.003598	25.088135	-0.003598	1.006034	2.317596	
323	1.010276	0.000163	22.682983	-0.000163	1.010276	-3.082275	
324	1.003442	0.004318	27.559753	-0.004318	1.003442	2.732391	
325	1.004148	0.001120	30.028809	-0.001120	1.004148	-0.690918	
326	1.001745	0.001829	28.807526	-0.001829	1.001745	1.046783	
327	1.003585	0.000076	31.157715	-0.000076	1.003585	0.101929	
328	1.003314	0.002467	28.343445	-0.002467	1.003314	1.632080	
329	1.002873	0.000178	29.627075	-0.000178	1.002873	-1.575043	
330	1.003662	0.001959	28.602753	-0.001959	1.003662	0.300964	
331	1.008548	0.001615	25.447266	-0.001615	1.008548	-2.792053	
332	1.008548	0.001615	25.447266	-0.001615	1.008548	-2.792053	
333	1.004780	-0.001502	29.925964	0.001502	1.004780	-4.125061	
334	0.999197	0.001116	29.097931	-0.001116	0.999197	1.157288	
335	1.002908	0.000731	30.949341	-0.000731	1.002908	-1.615601	
336	0.999711	0.000042	29.543304	-0.000042	0.999711	-0.954193	
337	1.008415	-0.000670	30.152344	0.000670	1.008415	-3.524719	
338	1.008415	-0.000670	30.152344	0.000670	1.008415	-3.524719	
339	0.999520	-0.005975	33.717804	0.005975	0.999520	-3.574463	
340	0.998996	0.003624	27.978027	-0.003624	0.998996	0.518677	
341	1.000201	-0.001322	30.456390	0.001322	1.000201	-0.918793	
342	1.001854	-0.003573	30.378174	0.003573	1.001854	-5.955048	
343	1.007272	0.000493	28.737183	-0.000493	1.007272	-2.243927	
344	1.000550	-0.000807	29.361145	0.000807	1.000550	-1.154938	
345	1.002038	-0.000082	28.077576	0.000082	1.002038	-1.317596	
346	1.007998	-0.000095	28.272522	0.000095	1.007998	-3.587219	
347	0.997734	0.000436	28.759888	-0.000436	0.997734	1.505829	
348	1.000837	0.000502	27.528351	-0.000502	1.000837	-0.586792	
349	1.001323	0.001962	28.235901	-0.001962	1.001323	-1.288391	
350	1.001592	0.002161	26.262268	-0.002161	1.001592	1.113678	
351	1.000735	-0.001615	29.683258	0.001615	1.000735	-2.015686	
352	0.999339	0.004665	26.134506	-0.004665	0.999339	1.714935	
353	0.996814	0.003354	27.113068	-0.003354	0.996814	3.459015	
354	1.000324	-0.000533	29.119873	0.000533	1.000324	-1.656189	
355	0.999696	0.006776	23.455536	-0.006776	0.999696	5.003082	
356	0.995348	0.000075	28.994537	-0.000075	0.995348	0.842773	
357	1.001329	0.003638	25.787689	-0.003638	1.001329	3.218750	
358	0.997014	0.000548	27.402344	-0.000548	0.997014	1.126373	
359	0.996656	0.002905	25.900482	-0.002905	0.996656	3.016205	
360	0.995925	0.001076	26.961975	-0.001076	0.995925	1.464386	
361	0.996556	0.001109	26.583832	-0.001109	0.996556	1.951111	
362	0.997175	0.002728	24.700989	-0.002728	0.997175	1.394318	
363	0.999049	0.001425	25.030029	-0.001425	0.999049	0.376373	
364	0.995323	0.000562	26.115036	-0.000562	0.995323	1.444550	
365	0.996629	0.001245	25.153839	-0.001245	0.996629	0.813904	
366	1.004368	-0.001054	23.830078	0.001054	1.004368	-4.637054	
367	0.996159	0.000115	25.174286	-0.000115	0.996159	1.487122	
368	1.000527	-0.000505	25.030518	0.000505	1.000527	-2.218475	
369	0.996282	-0.000181	24.549255	0.000181	0.996282	-1.283936	
370	0.998444	-0.000928	24.880676	0.000928	0.998444	-1.918030	
371	0.995764	-0.003058	26.233429	0.003058	0.995764	-1.757294	
372	0.996770	0.000405	23.381744	-0.000405	0.996770	0.505157	
373	0.995455	-0.003137	26.022034	0.003137	0.995455	-4.238129	
374	0.997608	0.001406	22.789520	-0.001406	0.997608	1.100677	
375	0.995937	-0.002345	25.239502	0.002345	0.995937	-0.927307	
376	0.999529	0.002423	21.601837	-0.002423	0.999529	1.035217	
377	0.995352	0.002624	22.726349	-0.002624	0.995352	5.927002	
378	0.998600	-0.002190	25.303711	0.002190	0.998600	-4.899109	
379	0.995360	0.008012	18.507294	-0.008012	0.995360	12.053497	
380	1.002422	-0.009270	27.606873	0.009270	1.002422	-10.359192	
381	0.998705	0.010487	15.657257	-0.010487	0.998705	10.918518	
382	0.997271	-0.006731	27.670471	0.006731	0.997271	-5.932281	
383	0.998105	0.010435	15.473724	-0.010435	0.998105	10.217407	
384	0.997159	-0.002820	24.878815	0.002820	0.997159	-1.485077	
385	0.998774	0.006200	17.991333	-0.006200	0.998774	5.076752	
386	0.997314	-0.004534	25.203766	0.004534	0.997314	-4.583099	
387	0.998119	0.008182	16.102142	-0.008182	0.998119	8.786255	
388	0.997594	-0.000911	21.510223	0.000911	0.997594	-1.686646	
389	0.999235	0.002722	19.456238	-0.002722	0.999235	0.337158	
390	0.998293	0.007534	15.490662	-0.007534	0.998293	7.800812	
391	0.997830	-0.006883	25.213379	0.006883	0.997830	-8.811279	
392	0.999003	0.011101	12.643127	-0.011101	0.999003	9.415161	
393	0.998780	-0.010922	26.403503	0.010922	0.998780	-12.084900	
394	0.999025	0.009585	11.936371	-0.009585	0.999025	10.885773	
395	0.998313	-0.009895	25.492065	0.009895	0.998313	-9.364502	
396	0.999983	0.005997	13.564087	-0.005997	0.999983	4.808228	
397	0.998565	-0.005728	21.067993	0.005728	0.998565	-4.462097	
398	0.999734	0.001269	16.103943	-0.001269	0.999734	2.351959	
399	0.999939	-0.003435	18.638428	0.003435	0.999939	-2.441437	
400	0.999353	-0.000001	16.201965	0.000001	0.999353	-0.205811	
401	1.000243	-0.003428	17.713745	0.003428	1.000243	-1.060028	
402	1.000210	0.000157	14.697571	-0.000157	1.000210	0.168121	
403	1.000406	-0.004558	17.427551	0.004558	1.000406	-2.764465	
404	0.999726	0.001165	14.182739	-0.001165	0.999726	1.592072	
405	1.000339	-0.002448	15.546692	0.002448	1.000339	-3.253632	
406	1.000656	-0.002753	15.821411	0.002753	1.000656	-1.873352	
407	1.001135	0.003865	10.930115	-0.003865	1.001135	1.654266	
408	1.000416	-0.006007	16.796204	0.006007	1.000416	-5.160950	
409	1.001509	0.004277	9.713257	-0.004277	1.001509	3.579956	
410	1.001045	-0.003955	14.914490	0.003955	1.001045	-6.036072	
411	1.001301	0.003268	9.766113	-0.003268	1.001301	3.178833	
412	1.002014	-0.000986	11.700806	0.000986	1.002014	-1.608063	
413	1.001729	0.000194	10.632263	-0.000194	1.001729	-1.441986	
414	1.001880	0.002271	8.748535	-0.002271	1.001880	1.621735	
415	1.001695	-0.002350	11.422913	0.002350	1.001695	-1.554718	
416	1.001937	0.003183	8.147095	-0.003183	1.001937	1.083740	
417	1.001029	-0.001251	10.709167	0.001251	1.001029	-1.199738	
418	1.002266	0.003644	6.333130	-0.003644	1.002266	3.890106	
419	1.001083	-0.003431	11.333374	0.003431	1.001083	-2.989227	
420	1.001609	0.006481	4.450623	-0.006481	1.001609	5.062744	
421	1.001370	-0.003883	10.321167	0.003883	1.001370	-3.258087	
422	1.001862	0.002926	6.177246	-0.002926	1.001862	2.130676	
423	1.001758	-0.000305	7.371216	0.000305	1.001758	-1.150452	
424	1.001852	0.001241	6.190918	-0.001241	1.001852	-0.931396	
425	1.001476	-0.001387	7.574341	0.001387	1.001476	-1.618256	
426	1.002506	-0.000256	5.471130	0.000256	1.002506	-0.748047	
427	1.001670	0.000676	5.656616	-0.000676	1.001670	0.000793	
428	1.002175	-0.003566	7.635925	0.003566	1.002175	-6.165161	
429	1.001640	0.002774	3.384094	-0.002774	1.001640	2.827789	
430	1.002092	-0.004578	7.460388	0.004578	1.002092	-5.434326	
431	1.001547	0.002522	3.327148	-0.002522	1.001547	1.955750	
432	1.002034	-0.004104	6.683716	0.004104	1.002034	-5.041595	
433	1.001402	0.000752	3.610840	-0.000752	1.001402	0.438538	
434	1.002341	-0.002062	3.341797	0.002062	1.002341	-1.929047	
435	1.001747	-0.002503	5.440674	0.002503	1.001747	-2.041687	
436	1.002166	0.000467	2.081177	-0.000467	1.002166	-2.253784	
437	1.001206	-0.003054	5.145264	0.003054	1.001206	-2.521027	
438	1.002136	0.002493	0.388550	-0.002493	1.002136	3.480896	
439	1.001823	-0.004588	5.524780	0.004588	1.001823	-5.596008	
440	1.001870	0.003917	-1.136230	-0.003917	1.001870	1.995575	
441	1.001513	-0.004771	5.321289	0.004771	1.001513	-3.825348	
442	1.001966	0.003904	-1.218018	-0.003904	1.001966	3.588837	
443	1.001572	-0.002506	3.766602	0.002506	1.001572	-4.083649	
444	1.001463	0.001989	-0.137512	-0.001989	1.001463	1.526062	
445	1.001560	-0.000237	1.903687	0.000237	1.001560	-0.900360	
446	1.002035	0.000376	1.142334	-0.000376	1.002035	-0.558777	
447	1.001368	0.002389	0.966431	-0.002389	1.001368	1.798706	
448	1.001821	-0.001358	2.496460	0.001358	1.001821	-2.159790	
449	1.001710	0.003083	0.140137	-0.003083	1.001710	1.870117	
450	1.001604	0.000785	0.927856	-0.000785	1.001604	1.155487	
451	1.001554	0.002155	0.963867	-0.002155	1.001554	1.176361	
452	1.002243	0.000188	1.070251	-0.000188	1.002243	-0.403717	
453	1.001539	0.002523	0.093872	-0.002523	1.001539	1.219452	
454	1.002009	0.000026	1.140503	-0.000026	1.002009	0.709686	
455	1.001765	0.001008	1.048950	-0.001008	1.001765	-1.121338	
456	1.001612	0.001690	0.332947	-0.001690	1.001612	1.301178	
457	1.001816	-0.000931	1.987915	0.000931	1.001816	-1.468689	
458	1.001831	0.001377	0.467834	-0.001377	1.001831	0.832458	
459	1.001779	0.000617	0.922607	-0.000617	1.001779	-1.009674	
460	1.001767	-0.000135	1.900146	0.000135	1.001767	-1.611359	
461	1.001499	-0.000287	1.384033	0.000287	1.001499	-0.793854	
462	1.002411	0.000666	0.723267	-0.000666	1.002411	-0.700317	
463	1.001402	-0.000895	2.151611	0.000895	1.001402	-1.590210	
464	1.002216	0.000464	0.258423	-0.000464	1.002216	-0.349182	
465	1.001314	-0.003792	4.366577	0.003792	1.001314	-4.022919	
466	1.002202	0.002513	-1.494141	-0.002513	1.002202	1.455536	
467	1.001639	-0.004513	4.391602	0.004513	1.001639	-5.409302	
468	1.001828	0.001793	-0.084473	-0.001793	1.001828	0.482056	
469	1.000860	-0.003812	4.923462	0.003812	1.000860	-4.701752	
470	1.001858	0.002911	-0.873535	-0.002911	1.001858	2.122528	
471	1.001871	-0.006197	5.430420	0.006197	1.001871	-7.523895	
472	1.002436	0.000509	-0.103638	-0.000509	1.002436	0.302521	
473	1.001876	-0.000446	2.014160	0.000446	1.001876	-2.787354	
474	1.001815	-0.002787	3.195923	0.002787	1.001815	-3.703400	
475	1.001709	0.002256	-0.061157	-0.002256	1.001709	1.777618	
476	1.002327	-0.003091	2.642944	0.003091	1.002327	-4.391876	
477	1.001558	0.002721	-1.281860	-0.002721	1.001558	1.712524	
478	1.002006	-0.001397	2.180664	0.001397	1.002006	-1.380768	
479	1.002005	0.002230	-1.455200	-0.002230	1.002005	1.369507	
480	1.001956	0.000217	0.444946	-0.000217	1.001956	-1.385742	
481	1.001853	0.002973	-1.952881	-0.002973	1.001853	2.834900	
482	1.001814	-0.000260	0.360474	0.000260	1.001814	-0.595306	
483	1.001889	0.002139	-1.205688	-0.002139	1.001889	2.196106	
484	1.002258	0.001898	-1.810425	-0.001898	1.002258	0.303131	
485	1.001812	0.000502	-0.539185	-0.000502	1.001812	0.145630	
486	1.002055	0.002154	-0.869507	-0.002154	1.002055	0.298279	
487	1.001720	-0.000045	0.267578	0.000045	1.001720	-0.747284	
488	1.002074	0.000614	-0.578857	-0.000614	1.002074	-1.098236	
489	1.001894	0.002065	-1.775513	-0.002065	1.001894	1.076599	
490	1.002143	-0.002393	0.817383	0.002393	1.002143	-3.774933	
491	1.001666	0.002278	-1.655273	-0.002278	1.001666	1.347717	
492	1.001918	-0.002058	0.926758	0.002058	1.001918	-2.575195	
493	1.001939	0.000550	-0.914917	-0.000550	1.001939	-0.402100	
494	1.001682	-0.000997	0.520264	0.000997	1.001682	-1.300873	
495	1.002457	0.000338	-1.291748	-0.000338	1.002457	-0.906311	
496	1.002007	-0.001997	1.117065	0.001997	1.002007	-3.739166	
497	1.001539	0.000511	-0.928955	-0.000511	1.001539	0.184021	
498	1.002269	-0.001113	0.332642	0.001113	1.002269	-1.312653	
499	1.001750	-0.000063	0.157959	0.000063	1.001750	-0.557526	
500	1.002204	-0.000183	-0.423950	0.000183	1.002204	-1.759338	
501	1.001694	0.000234	-0.244629	-0.000234	1.001694	0.395020	
502	1.002371	-0.000118	-0.642456	0.000118	1.002371	-0.317688	
503	1.001708	0.000111	-0.235107	-0.000111	1.001708	-0.779205	
504	1.002036	0.000953	-1.592651	-0.000953	1.002036	-0.537445	
505	1.001638	-0.001857	0.760742	0.001857	1.001638	-0.280029	
506	1.002486	0.001735	-2.390869	-0.001735	1.002486	0.414490	
507	1.003185	-0.000693	-1.214355	0.000693	1.003185	-2.260284	
508	1.001922	0.000959	-1.322510	-0.000959	1.001922	-0.203094	
509	1.001750	-0.000509	0.116455	0.000509	1.001750	-1.663116	
510	1.002153	0.000547	-1.115967	-0.000547	1.002153	-0.398071	
511	1.002112	-0.000130	-0.935913	0.000130	1.002112	-1.582764	
512	1.001906	-0.001286	0.302612	0.001286	1.001906	-2.334106	
513	1.001879	0.001699	-1.994141	-0.001699	1.001879	0.542969	
514	1.002442	-0.002440	0.057007	0.002440	1.002442	-3.055695	
515	1.001726	0.002176	-1.817871	-0.002176	1.001726	0.775879	
516	1.002126	-0.002007	0.256226	0.002007	1.002126	-3.151001	
517	1.001771	0.001839	-1.857666	-0.001839	1.001771	1.185974	
518	1.002094	-0.001967	-0.028442	0.001967	1.002094	-2.962189	
519	1.002195	0.002071	-2.279053	-0.002071	1.002195	1.769226	
520	1.002286	-0.001143	-0.892700	0.001143	1.002286	-2.650085	
521	1.001598	0.001322	-1.436401	-0.001322	1.001598	0.102570	
522	1.002124	-0.000022	-1.427002	0.000022	1.002124	-0.838837	
523	1.001818	0.001457	-1.766968	-0.001457	1.001818	1.197174	
524	1.002093	-0.001399	-0.707397	0.001399	1.002093	-3.716156	
525	1.002542	0.003223	-4.069580	-0.003223	1.002542	2.565887	
526	1.002315	-0.003625	0.396118	0.003625	1.002315	-3.916260	
527	1.002393	0.003031	-3.703735	-0.003031	1.002393	0.725677	
528	1.001892	-0.003420	0.827881	0.003420	1.001892	-3.735992	
529	1.002406	0.002768	-3.586548	-0.002768	1.002406	1.087738	
530	1.003695	-0.003352	-1.203613	0.003352	1.003695	-4.752380	
531	1.001527	0.001764	-1.951904	-0.001764	1.001527	0.227814	
532	1.002322	-0.003020	-0.034668	0.003020	1.002322	-3.690918	
533	1.001890	0.001123	-1.809448	-0.001123	1.001890	0.231140	
534	1.002822	-0.001375	-1.217529	0.001375	1.002822	-3.182343	
535	1.001650	-0.000226	-0.685547	0.000226	1.001650	-0.688934	
536	1.001939	-0.000546	-0.933350	0.000546	1.001939	-1.429291	
537	1.002501	-0.000477	-1.629150	0.000477	1.002501	-0.048340	
538	1.002197	-0.000385	-1.172607	0.000385	1.002197	-1.840240	
539	1.001266	-0.000845	0.056519	0.000845	1.001266	-1.114441	
540	1.001932	0.000925	-2.245728	-0.000925	1.001932	1.309113	
541	1.002059	-0.001078	-0.671509	0.001078	1.002059	-0.782227	
542	1.002527	0.000410	-2.128418	-0.000410	1.002527	-1.318512	
543	1.002370	-0.000353	-1.546021	0.000353	1.002370	-0.965332	
544	1.002913	-0.000573	-1.681030	0.000573	1.002913	-1.161591	
545	1.001943	0.000063	-1.635498	-0.000063	1.001943	-0.805511	
546	1.001572	0.001467	-1.477661	-0.001467	1.001572	0.439148	
547	1.001719	-0.001154	-0.354492	0.001154	1.001719	-1.626404	
548	1.002321	0.002810	-3.365356	-0.002810	1.002321	0.344604	
549	1.001250	-0.001395	0.024170	0.001395	1.001250	-0.540161	
550	1.002748	0.002697	-3.797852	-0.002697	1.002748	1.183563	
551	1.001937	-0.001173	-1.230469	0.001173	1.001937	-3.215424	
552	1.001711	0.001305	-1.578857	-0.001305	1.001711	1.682495	
553	1.002242	0.000213	-2.431519	-0.000213	1.002242	-0.738678	
554	1.001808	-0.001039	-0.738281	0.001039	1.001808	-2.515808	
555	1.001459	0.001390	-2.074219	-0.001390	1.001459	1.275513	
556	1.002039	0.000259	-1.744141	-0.000259	1.002039	0.356262	
557	1.001898	-0.001562	-0.412231	0.001562	1.001898	-2.701385	
558	1.001895	0.001546	-2.881470	-0.001546	1.001895	1.141174	
559	1.001597	-0.001036	-0.354370	0.001036	1.001597	-2.457031	
560	1.001905	-0.000124	-1.389526	0.000124	1.001905	-0.435608	
561	1.001725	0.000535	-1.468872	-0.000535	1.001725	-0.419037	
562	1.001749	-0.000332	-1.025879	0.000332	1.001749	-1.595428	
563	1.001868	-0.000106	-1.264526	0.000106	1.001868	-0.601990	
564	1.002243	0.000319	-2.269409	-0.000319	1.002243	-1.204834	
565	1.001839	-0.001242	-0.435669	0.001242	1.001839	-2.006134	
566	1.002005	0.001520	-3.071289	-0.001520	1.002005	0.244263	
567	1.001704	-0.001448	-0.136963	0.001448	1.001704	-2.062347	
568	1.005700	0.001140	-8.250122	-0.001140	1.005700	-0.472900	
569	1.001854	-0.000712	-0.312744	0.000712	1.001854	-2.206665	
570	1.001825	-0.000426	-1.724976	0.000426	1.001825	-0.454590	
571	1.002131	0.001058	-2.192261	-0.001058	1.002131	-0.211517	
572	1.003242	-0.001369	-1.935913	0.001369	1.003242	-3.133881	
573	1.002143	-0.000235	-2.023315	0.000235	1.002143	-1.335266	
574	1.002116	0.000058	-1.510498	-0.000058	1.002116	-0.663910	
575	1.001826	-0.000127	-1.285645	0.000127	1.001826	-0.536011	
576	1.002447	-0.000161	-2.031860	0.000161	1.002447	-1.557587	
577	1.001362	0.000889	-1.729980	-0.000889	1.001362	0.511475	
578	1.002242	0.000062	-1.851562	-0.000062	1.002242	-0.325806	
579	1.001837	0.000664	-1.689697	-0.000664	1.001837	-0.083374	
580	1.002072	0.000581	-2.357544	-0.000581	1.002072	-0.164703	
581	1.002487	-0.000518	-1.957642	0.000518	1.002487	-0.579956	
582	1.002358	0.001909	-3.462646	-0.001909	1.002358	0.802460	
583	1.002280	-0.001471	-0.769775	0.001471	1.002280	-2.170929	
584	1.001979	0.002680	-3.561890	-0.002680	1.001979	1.766357	
585	1.002064	-0.002205	0.402588	0.002205	1.002064	-3.161957	
586	1.003072	0.003557	-6.026367	-0.003557	1.003072	1.570984	
587	1.001711	-0.002783	0.824707	0.002783	1.001711	-2.522156	
588	1.001823	0.004076	-4.264038	-0.004076	1.001823	1.795807	
589	1.001685	-0.001372	-0.200684	0.001372	1.001685	-0.762421	
590	1.003604	0.002637	-5.317749	-0.002637	1.003604	0.456757	
591	1.001785	-0.000002	-1.273682	0.000002	1.001785	-1.310425	
592	1.001933	0.001349	-2.114868	-0.001349	1.001933	0.597198	
593	1.001537	0.001210	-2.339722	-0.001210	1.001537	-0.552124	
594	1.002110	-0.000599	-1.049438	0.000599	1.002110	-1.064392	
595	1.002112	0.001992	-3.090210	-0.001992	1.002112	0.350891	
596	1.002326	0.000231	-1.621094	-0.000231	1.002326	-2.374969	
597	1.001971	-0.000342	-1.648926	0.000342	1.001971	-0.839752	
598	1.002166	0.002004	-2.680298	-0.002004	1.002166	-0.295166	
599	1.002285	-0.002392	-0.464600	0.002392	1.002285	-4.203522	
600	1.001795	0.002246	-2.610474	-0.002246	1.001795	1.689636	
601	1.001928	-0.001846	-0.156006	0.001846	1.001928	-2.469513	
602	1.002603	0.000575	-2.580811	-0.000575	1.002603	-0.370117	
603	1.003128	-0.001710	-1.991211	0.001710	1.003128	-3.423676	
604	1.001890	0.000304	-1.621460	-0.000304	1.001890	-0.193237	
605	1.001900	-0.000360	-1.191040	0.000360	1.001900	-1.099579	
606	1.002176	-0.001009	-1.131226	0.001009	1.002176	-1.888367	
607	1.001980	0.000451	-1.684937	-0.000451	1.001980	-0.629181	
608	1.001962	-0.001248	-0.744995	0.001248	1.001962	-0.738373	
609	1.001876	0.000698	-1.833862	-0.000698	1.001876	-0.208221	
610	1.002409	-0.001100	-1.032837	0.001100	1.002409	-2.415710	
611	1.001737	0.001037	-1.672607	-0.001037	1.001737	-0.022614	
612	1.001490	-0.001032	-0.311646	0.001032	1.001490	-1.900757	
613	1.002133	0.000583	-2.471680	-0.000583	1.002133	0.276947	
614	1.002439	0.000495	-1.530273	-0.000495	1.002439	-0.397522	
615	1.002073	0.000425	-2.054688	-0.000425	1.002073	-1.488068	
616	1.001860	0.001412	-1.293091	-0.001412	1.001860	1.245117	
617	1.002340	0.001093	-2.739746	-0.001093	1.002340	0.682251	
618	1.001772	0.001410	-1.312256	-0.001410	1.001772	-0.823486	
619	1.001967	0.001113	-2.452881	-0.001113	1.001967	2.546997	
620	1.001895	0.003131	-3.240845	-0.003131	1.001895	2.245667	
621	1.001681	-0.002310	0.744995	0.002310	1.001681	-2.384308	
622	1.002313	0.006058	-5.772949	-0.006058	1.002313	5.770111	
623	1.001589	-0.003966	2.650146	0.003966	1.001589	-4.018341	
624	1.003205	0.003849	-7.202759	-0.003849	1.003205	3.529877	
625	1.001387	-0.001034	0.912231	0.001034	1.001387	-1.658539	
626	1.002018	0.000103	-2.229370	-0.000103	1.002018	0.011688	
627	1.001609	0.000864	-1.823608	-0.000864	1.001609	0.888397	
628	1.002142	-0.002158	-0.414551	0.002158	1.002142	-1.525543	
629	1.002254	-0.000067	-2.520386	0.000067	1.002254	-0.469574	
630	1.001955	-0.001267	-1.019165	0.001267	1.001955	-3.005402	
631	1.001543	-0.000397	-1.110107	0.000397	1.001543	-0.606812	
632	1.002276	-0.001032	-1.670532	0.001032	1.002276	-0.589294	
633	1.002459	-0.000805	-2.569824	0.000805	1.002459	-2.086334	
634	1.001631	-0.000610	-1.274780	0.000610	1.001631	-2.238831	
635	1.001930	-0.001165	-1.468384	0.001165	1.001930	-1.067291	
636	1.001866	0.000156	-2.168335	-0.000156	1.001866	-0.264160	
637	1.002427	-0.002343	-1.528564	0.002343	1.002427	-3.572845	
638	1.001575	0.001899	-3.296387	-0.001899	1.001575	0.705719	
639	1.001647	-0.003066	0.214233	0.003066	1.001647	-2.408173	
640	1.002283	0.002711	-4.786621	-0.002711	1.002283	1.169342	
641	1.001620	-0.003660	0.808594	0.003660	1.001620	-4.210114	
642	1.001547	0.003791	-4.820312	-0.003791	1.001547	3.331848	
643	1.002626	-0.003729	-0.214844	0.003729	1.002626	-4.093475	
644	1.002125	0.003406	-5.350220	-0.003406	1.002125	1.779602	
645	1.001807	-0.001109	-0.274292	0.001109	1.001807	-1.519867	
646	1.001979	0.003121	-4.507324	-0.003121	1.001979	2.716095	
647	1.002230	-0.001702	-1.389282	0.001702	1.002230	-2.509399	
648	1.001686	0.003665	-3.926147	-0.003665	1.001686	1.390015	
649	1.002021	-0.001770	-0.767334	0.001770	1.002021	-1.123657	
650	1.002218	0.004435	-6.346558	-0.004435	1.002218	2.863800	
651	1.002146	-0.003466	0.424927	0.003466	1.002146	-4.382416	
652	1.001297	0.004302	-4.954712	-0.004302	1.001297	4.985992	
653	1.002099	-0.002789	-0.773560	0.002789	1.002099	-2.708054	
654	1.001034	0.001594	-2.386475	-0.001594	1.001034	-0.386475	
655	1.001840	0.000683	-2.920044	-0.000683	1.001840	1.554169	
656	1.002094	-0.000348	-1.936523	0.000348	1.002094	-1.896118	
657	1.001842	0.001163	-3.331421	-0.001163	1.001842	0.351318	
658	1.001452	0.000118	-1.135986	-0.000118	1.001452	-0.887543	
659	1.003126	-0.000521	-4.380859	0.000521	1.003126	-2.412659	
660	1.000195	0.000740	0.860107	-0.000740	1.000195	-0.758453	
661	1.002720	0.000891	-4.581055	-0.000891	1.002720	-0.431396	
662	1.001407	-0.001161	-0.076538	0.001161	1.001407	-4.308807	
663	1.002109	0.003441	-4.448608	-0.003441	1.002109	2.330750	
664	1.002394	-0.000697	-2.541138	0.000697	1.002394	-2.712006	
665	1.001952	-0.000024	-2.092285	0.000024	1.001952	-3.060516	
666	1.002259	0.001433	-3.499512	-0.001433	1.002259	0.833679	
667	1.001667	-0.000937	-1.633911	0.000937	1.001667	-2.756042	
668	1.001946	0.001515	-3.204102	-0.001515	1.001946	1.995850	
669	1.001945	-0.000384	-2.416504	0.000384	1.001945	-2.261566	
670	1.001633	0.001046	-2.700317	-0.001046	1.001633	1.483734	
671	1.001847	-0.000420	-2.236694	0.000420	1.001847	-1.919891	
672	1.001624	0.000050	-2.136475	-0.000050	1.001624	0.299652	
673	1.001653	0.000196	-2.172119	-0.000196	1.001653	-1.261719	
674	1.001933	-0.000544	-2.093018	0.000544	1.001933	-0.394684	
675	1.001533	0.000487	-2.118042	-0.000487	1.001533	-0.454071	
676	1.001866	-0.001861	-1.152954	0.001861	1.001866	-3.030762	
677	1.001677	0.001544	-3.145508	-0.001544	1.001677	1.944733	
678	1.001635	-0.001441	-0.915405	0.001441	1.001635	-2.518616	
679	1.002018	0.000496	-2.795654	-0.000496	1.002018	-0.311981	
680	1.001447	-0.001244	-1.296265	0.001244	1.001447	-1.841705	
681	1.002031	0.000256	-2.616211	-0.000256	1.002031	-0.942413	
682	1.001661	-0.000088	-1.757324	0.000088	1.001661	-0.198181	
683	1.001377	0.000342	-1.943726	-0.000342	1.001377	-0.811584	
684	1.002813	-0.000120	-3.359863	0.000120	1.002813	-0.774750	
685	1.000711	0.000115	-0.282593	-0.000115	1.000711	-0.009888	
686	1.002415	0.001381	-3.866821	-0.001381	1.002415	-0.272125	
687	1.001776	-0.000945	-1.411255	0.000945	1.001776	-0.415863	
688	1.001251	0.001289	-2.528320	-0.001289	1.001251	-0.149841	
689	1.002004	-0.000018	-2.723145	0.000018	1.002004	-2.130951	
690	1.001590	-0.000071	-1.379395	0.000071	1.001590	-0.123077	
691	1.001352	0.000250	-1.718384	-0.000250	1.001352	-0.101898	
692	1.002263	0.001681	-3.700928	-0.001681	1.002263	0.137848	
693	1.001481	-0.000587	-1.403320	0.000587	1.001481	-1.022949	
694	1.001446	0.000996	-1.917603	-0.000996	1.001446	1.263214	
695	1.001608	0.000245	-2.128052	-0.000245	1.001608	0.089447	
696	1.001646	0.000562	-2.141602	-0.000562	1.001646	-0.121094	
697	1.001625	0.000665	-2.265259	-0.000665	1.001625	-0.179657	
698	1.001639	0.000973	-2.351074	-0.000973	1.001639	1.563324	
699	1.001167	0.001240	-2.159424	-0.001240	1.001167	1.068726	
700	1.001612	0.000233	-2.135132	-0.000233	1.001612	-0.525177	
701	1.001583	0.000148	-2.238037	-0.000148	1.001583	0.003479	
702	1.001507	0.001229	-2.333496	-0.001229	1.001507	1.941345	
703	1.001453	0.000158	-2.016357	-0.000158	1.001453	-0.063263	
704	1.001449	0.000379	-1.891113	-0.000379	1.001449	-0.884735	
705	1.001608	0.000299	-2.314087	-0.000299	1.001608	-0.050415	
706	1.001785	0.000785	-2.466309	-0.000785	1.001785	0.556427	
707	1.001358	0.000017	-1.528442	-0.000017	1.001358	-0.444122	
708	1.001475	0.000047	-1.697754	-0.000047	1.001475	-0.501434	
709	1.001249	0.000190	-1.672363	-0.000190	1.001249	-0.544891	
710	1.001960	-0.000505	-1.971924	0.000505	1.001960	-1.739655	
711	1.001345	-0.000068	-1.488525	0.000068	1.001345	-0.402435	
712	1.001444	-0.000358	-1.524170	0.000358	1.001444	-1.015015	
713	1.001198	0.000172	-1.674072	-0.000172	1.001198	-0.049164	
714	1.001930	-0.000649	-2.108154	0.000649	1.001930	-1.901672	
715	1.001353	-0.000662	-1.014893	0.000662	1.001353	-0.798615	
716	1.001455	0.000398	-1.736206	-0.000398	1.001455	0.618866	
717	1.001183	-0.001031	-0.917847	0.001031	1.001183	-1.345764	
718	1.001607	-0.000332	-1.775513	0.000332	1.001607	-0.768707	
719	1.001339	-0.000345	-1.368896	0.000345	1.001339	0.350098	
720	1.001582	-0.000095	-1.690430	0.000095	1.001582	-0.854187	
721	1.001199	-0.000260	-1.191895	0.000260	1.001199	0.005402	
722	1.001544	-0.000246	-1.745972	0.000246	1.001544	-0.361603	
723	1.001297	-0.000749	-1.108154	0.000749	1.001297	-0.713501	
724	1.001454	0.000108	-1.684326	-0.000108	1.001454	0.465729	
725	1.001115	0.000107	-1.416992	-0.000107	1.001115	-0.119751	
726	1.001404	-0.000210	-1.483398	0.000210	1.001404	-0.503021	
727	1.001467	-0.000262	-1.601074	0.000262	1.001467	0.022369	
728	1.001321	0.000275	-1.746826	-0.000275	1.001321	-0.324677	
729	1.001331	-0.000128	-1.439575	0.000128	1.001331	-0.499298	
730	1.001420	-0.000358	-1.427368	0.000358	1.001420	-1.234375	
731	1.001428	0.000442	-1.910278	-0.000442	1.001428	0.025146	
732	1.001376	-0.000016	-1.570679	0.000016	1.001376	-0.695129	
733	1.001258	0.000141	-1.468140	-0.000141	1.001258	-0.353577	
734	1.001405	-0.000204	-1.507080	0.000204	1.001405	-0.984161	
735	1.001487	-0.000010	-1.613281	0.000010	1.001487	-0.855438	
736	1.001250	0.000009	-1.323242	-0.000009	1.001250	-0.511841	
737	1.001304	0.000261	-1.639038	-0.000261	1.001304	-0.163391	
738	1.001302	0.000337	-1.663208	-0.000337	1.001302	-0.543884	
739	1.001452	-0.000113	-1.576538	0.000113	1.001452	-1.472778	
740	1.001277	0.000527	-1.619995	-0.000527	1.001277	-0.471222	
741	1.001187	0.000238	-1.544678	-0.000238	1.001187	-0.277374	
742	1.001346	0.000208	-1.621216	-0.000208	1.001346	-1.531891	
743	1.001556	-0.000731	-1.297363	0.000731	1.001556	-1.855072	
744	1.001248	0.000714	-1.674072	-0.000714	1.001248	-0.572418	
745	1.001211	-0.000052	-1.317627	0.000052	1.001211	-1.489380	
746	1.001277	-0.000460	-1.279175	0.000460	1.001277	-1.494568	
747	1.001420	0.000012	-1.553833	-0.000012	1.001420	-2.095490	
748	1.001301	-0.000061	-1.319092	0.000061	1.001301	-0.818237	
749	1.000934	0.000411	-1.295654	-0.000411	1.000934	-0.253326	
