0	1.000000	0.000000	0.000000	0.000000	1.000000	0.000000	
1	1.001581	0.000630	-0.974731	-0.000630	1.001581	6.167664	
2	1.001672	0.000455	-0.696533	-0.000455	1.001672	5.694824	
3	1.002038	0.000506	-0.706177	-0.000506	1.002038	5.404572	
4	1.002468	0.000160	-1.123291	-0.000160	1.002468	4.542084	
5	1.001736	-0.000328	-0.761230	0.000328	1.001736	3.634460	
6	1.001170	0.000805	0.617065	-0.000805	1.001170	5.149414	
7	1.001438	0.001007	1.510742	-0.001007	1.001438	0.959198	
8	1.002892	0.001121	0.528564	-0.001121	1.002892	3.381714	
9	1.003250	0.000380	1.309937	-0.000380	1.003250	1.874054	
10	1.002540	0.001093	2.242188	-0.001093	1.002540	4.019196	
11	1.002487	0.001479	2.804688	-0.001479	1.002487	5.509338	
12	1.002314	0.001021	2.501709	-0.001021	1.002314	3.215881	
13	1.003759	0.000454	0.522583	-0.000454	1.003759	3.431488	
14	1.002269	0.000287	1.231201	-0.000287	1.002269	4.362488	
15	1.001863	0.000310	0.604126	-0.000310	1.001863	3.502960	
16	1.001790	-0.000171	0.697021	0.000171	1.001790	3.266144	
17	1.001460	-0.000851	0.915894	0.000851	1.001460	2.492310	
18	1.001646	-0.000957	-0.065918	0.000957	1.001646	2.181122	
19	1.001994	-0.000780	-0.395386	0.000780	1.001994	2.410675	
20	1.001829	-0.001020	-0.528809	0.001020	1.001829	1.528656	
21	1.002199	-0.001216	-0.831177	0.001216	1.002199	1.887970	
22	1.001526	-0.001170	-1.147583	0.001170	1.001526	2.181122	
23	1.002014	-0.001622	-2.601929	0.001622	1.002014	-0.186890	
24	1.001670	-0.000575	-3.056763	0.000575	1.001670	0.566376	
25	1.001759	-0.000770	-4.032104	0.000770	1.001759	-0.022766	
26	1.001672	-0.001314	-3.876709	0.001314	1.001672	-3.070312	
27	1.001996	-0.001230	-5.155396	0.001230	1.001996	-4.096375	
28	1.001628	-0.000354	-4.272827	0.000354	1.001628	-1.790283	
29	1.001926	-0.000970	-5.688232	0.000970	1.001926	-2.488831	
30	1.001933	-0.001071	-6.616821	0.001071	1.001933	-2.612885	
31	1.002555	-0.001325	-7.727600	0.001325	1.002555	-4.214783	
32	1.002635	-0.000408	-8.617188	0.000408	1.002635	-2.534149	
33	1.002509	-0.000135	-8.014771	0.000135	1.002509	-2.511597	
34	1.002494	-0.000226	-6.959961	0.000226	1.002494	-3.055328	
35	1.002399	0.000149	-6.509888	-0.000149	1.002399	-2.865051	
36	1.002413	0.000077	-5.579468	-0.000077	1.002413	-2.438843	
37	1.002378	0.000747	-4.729370	-0.000747	1.002378	-1.414154	
38	1.001990	0.001015	-3.074707	-0.001015	1.001990	-1.732971	
39	1.002634	0.001284	-3.093872	-0.001284	1.002634	-1.463318	
40	1.002450	0.000448	-2.269531	-0.000448	1.002450	-0.774658	
41	1.002221	0.000693	-2.110962	-0.000693	1.002221	0.927002	
42	1.003340	0.000579	-2.563110	-0.000579	1.003340	-1.100372	
43	1.001320	0.000744	-1.039185	-0.000744	1.001320	3.357422	
44	1.001186	0.001009	0.576782	-0.001009	1.001186	1.227081	
45	1.002200	0.000801	-0.420532	-0.000801	1.002200	-1.638916	
46	1.002553	0.001792	2.322754	-0.001792	1.002553	1.111023	
47	1.003832	0.001884	3.784790	-0.001884	1.003832	-0.441498	
48	1.004395	0.001975	4.123535	-0.001975	1.004395	0.415161	
49	1.003380	0.001499	4.751831	-0.001499	1.003380	-0.137665	
50	1.003591	0.001577	3.658325	-0.001577	1.003591	-1.269226	
51	1.003523	0.000999	2.755981	-0.000999	1.003523	-0.862091	
52	1.003572	0.000308	2.458618	-0.000308	1.003572	-0.842560	
53	1.002781	-0.000242	3.011108	0.000242	1.002781	-1.135040	
54	1.003276	-0.001204	3.023682	0.001204	1.003276	-1.519135	
55	1.002406	-0.000955	2.985229	0.000955	1.002406	-0.696960	
56	1.002912	-0.001064	2.058838	0.001064	1.002912	-1.546906	
57	1.002770	-0.001577	1.281738	0.001577	1.002770	-1.477661	
58	1.002431	-0.002242	1.721802	0.002242	1.002431	-1.845673	
59	1.002558	-0.002954	1.029907	0.002954	1.002558	-1.699341	
60	1.001455	-0.002867	0.187988	0.002867	1.001455	-0.880737	
61	1.002505	-0.001715	-4.783813	0.001715	1.002505	-0.844604	
62	1.000748	-0.002957	-4.047119	0.002957	1.000748	1.121674	
63	1.000844	-0.001943	-4.259766	0.001943	1.000844	0.125031	
64	1.001938	-0.002700	-6.576660	0.002700	1.001938	-4.948822	
65	1.001364	-0.003205	-6.130249	0.003205	1.001364	-4.181732	
66	1.001131	-0.002753	-8.572266	0.002753	1.001131	-2.840149	
67	1.001036	-0.002566	-9.396973	0.002566	1.001036	-3.326141	
68	1.001456	-0.001833	-8.315796	0.001833	1.001456	-2.833893	
69	1.001815	-0.001691	-8.096436	0.001691	1.001815	-2.846008	
70	1.001924	-0.001409	-7.323975	0.001409	1.001924	-3.215637	
71	1.001911	-0.000860	-5.632202	0.000860	1.001911	-2.727753	
72	1.001480	-0.000454	-4.502197	0.000454	1.001480	-1.579071	
73	1.002019	-0.000307	-4.632568	0.000307	1.002019	-2.511688	
74	1.002216	-0.000138	-4.243530	0.000138	1.002216	-2.415253	
75	1.002201	0.000664	-3.254761	-0.000664	1.002201	-1.519348	
76	1.002178	0.000406	-2.502197	-0.000406	1.002178	-1.569641	
77	1.002156	0.000648	-2.296143	-0.000648	1.002156	-0.006531	
78	1.002122	0.001458	-2.314575	-0.001458	1.002122	-0.138397	
79	1.002754	0.000516	-1.204102	-0.000516	1.002754	-2.017273	
80	1.002361	-0.000016	0.197876	0.000016	1.002361	-0.075836	
81	1.003086	-0.000286	1.104614	0.000286	1.003086	0.329895	
82	1.002226	0.000837	3.362549	-0.000837	1.002226	-1.385315	
83	1.002851	-0.000251	3.547974	0.000251	1.002851	-3.366333	
84	1.002932	-0.000067	4.382202	0.000067	1.002932	-1.633820	
85	1.004816	-0.001356	3.254639	0.001356	1.004816	-4.196136	
86	1.002475	-0.001183	6.868164	0.001183	1.002475	-2.761139	
87	1.001805	-0.000872	7.399841	0.000872	1.001805	-3.049316	
88	1.002414	-0.000933	6.522705	0.000933	1.002414	-4.787872	
89	1.002341	-0.001169	6.826660	0.001169	1.002341	-3.165100	
90	1.002866	-0.001530	6.155396	0.001530	1.002866	-3.877899	
91	1.001585	-0.001003	6.997009	0.001003	1.001585	-2.658936	
92	1.003897	-0.000983	5.970215	0.000983	1.003897	-3.494598	
93	1.000183	0.000670	15.022705	-0.000670	1.000183	0.006104	
94	1.004979	-0.000471	12.846924	0.000471	1.004979	-2.618164	
95	1.003158	-0.001159	8.904053	0.001159	1.003158	-1.689423	
96	1.004727	-0.000635	8.678467	0.000635	1.004727	-1.511200	
97	1.004212	-0.000186	6.689087	0.000186	1.004212	-0.297546	
98	1.004127	-0.001261	6.220337	0.001261	1.004127	-0.703156	
99	1.007301	-0.002555	1.023804	0.002555	1.007301	-4.040466	
100	1.003175	-0.001665	5.678833	0.001665	1.003175	-0.507416	
101	1.003779	-0.000261	5.695190	0.000261	1.003779	-0.207642	
102	1.003904	0.000110	5.829468	-0.000110	1.003904	-1.485199	
103	1.005226	-0.000588	4.552734	0.000588	1.005226	-3.186005	
104	1.005562	-0.000652	3.357422	0.000652	1.005562	-3.935730	
105	1.001205	0.000023	6.900330	-0.000023	1.001205	-0.446594	
106	1.003496	-0.000122	3.837769	0.000122	1.003496	-2.934906	
107	1.003366	0.001021	3.812866	-0.001021	1.003366	-3.085510	
108	1.002505	0.001629	3.991211	-0.001629	1.002505	-1.088928	
109	1.002581	0.002139	3.733643	-0.002139	1.002581	-0.508698	
110	1.003983	0.002654	2.633057	-0.002654	1.003983	-0.318939	
111	1.004412	0.003307	2.462280	-0.003307	1.004412	0.766693	
112	1.004668	0.003220	2.668091	-0.003220	1.004668	0.630463	
113	1.005056	0.003377	2.417725	-0.003377	1.005056	1.004272	
114	1.004645	0.003476	3.675171	-0.003476	1.004645	2.066864	
115	1.004004	0.003159	4.453613	-0.003159	1.004004	2.449585	
116	1.005572	0.003140	2.347290	-0.003140	1.005572	2.192261	
117	1.004372	0.002182	4.655396	-0.002182	1.004372	-0.328339	
118	1.005380	0.002281	3.600830	-0.002281	1.005380	1.208481	
119	1.002258	0.001270	7.869629	-0.001270	1.002258	3.107666	
120	1.003608	0.002114	6.753174	-0.002114	1.003608	-1.952423	
121	1.003978	0.001453	6.134521	-0.001453	1.003978	-1.996613	
122	1.002264	0.002379	9.572998	-0.002379	1.002264	0.652496	
123	1.006748	0.000053	7.814331	-0.000053	1.006748	-1.402710	
124	1.004165	-0.000112	8.665161	0.000112	1.004165	-0.929291	
125	1.005774	-0.000270	5.378052	0.000270	1.005774	-3.352203	
126	1.006498	-0.000436	3.644165	0.000436	1.006498	-3.418518	
127	1.001249	-0.001285	9.277466	0.001285	1.001249	-1.745087	
128	0.999603	-0.000285	9.393372	0.000285	0.999603	-0.594116	
129	1.005072	-0.000097	1.408081	0.000097	1.005072	-1.566254	
130	1.000849	-0.000865	5.367615	0.000865	1.000849	0.265350	
131	1.002261	-0.000345	3.372070	0.000345	1.002261	0.260498	
132	1.000699	-0.000336	4.725647	0.000336	1.000699	1.309113	
133	1.000177	0.000296	4.100708	-0.000296	1.000177	3.042480	
134	1.000884	0.000197	2.595215	-0.000197	1.000884	3.465179	
135	1.000154	0.000806	2.272156	-0.000806	1.000154	4.080597	
136	1.000669	0.001906	0.170837	-0.001906	1.000669	3.172363	
137	1.001911	0.000794	-1.426147	-0.000794	1.001911	5.285248	
138	1.001635	-0.000212	-2.319397	0.000212	1.001635	2.530762	
139	1.001085	-0.000198	-1.834290	0.000198	1.001085	-0.738922	
140	1.001188	0.001078	-3.683899	-0.001078	1.001188	1.087463	
141	1.001309	0.000558	-6.260071	-0.000558	1.001309	2.450073	
142	1.002039	-0.000733	-9.390747	0.000733	1.002039	0.907013	
143	1.002082	-0.000717	-10.665527	0.000717	1.002082	-1.750183	
144	1.002401	-0.000043	-11.214844	0.000043	1.002401	-0.336090	
145	1.002477	0.000106	-10.261902	-0.000106	1.002477	-0.287292	
146	1.002103	0.000010	-7.200623	-0.000010	1.002103	-0.195557	
147	1.002149	0.001528	-6.681824	-0.001528	1.002149	1.547363	
148	1.002029	0.001577	-5.925476	-0.001577	1.002029	2.447601	
149	1.001883	0.001383	-5.175659	-0.001383	1.001883	1.834869	
150	1.001514	0.002041	-3.934631	-0.002041	1.001514	1.972168	
151	1.001387	0.003016	-3.535400	-0.003016	1.001387	2.599731	
152	1.001583	0.003103	-3.246582	-0.003103	1.001583	3.725311	
153	1.000493	0.002536	-1.947693	-0.002536	1.000493	3.509399	
154	1.001624	0.004363	-2.899109	-0.004363	1.001624	2.185272	
155	1.001569	0.003304	-2.920898	-0.003304	1.001569	3.965546	
156	1.000963	0.002473	-1.549255	-0.002473	1.000963	3.860352	
157	1.000869	0.002402	-1.306824	-0.002402	1.000869	-0.847229	
158	1.002468	0.002280	-1.720215	-0.002280	1.002468	-0.506866	
159	1.001264	0.001814	-0.017212	-0.001814	1.001264	-0.981873	
160	1.000689	0.001363	2.053223	-0.001363	1.000689	-0.204651	
161	1.000551	0.001339	3.335022	-0.001339	1.000551	0.346069	
162	1.000874	0.000472	3.657104	-0.000472	1.000874	-1.775116	
163	1.003399	-0.000382	1.068726	0.000382	1.003399	-3.293335	
164	1.000396	-0.000630	4.731384	0.000630	1.000396	-1.914948	
165	1.001254	-0.000266	4.796753	0.000266	1.001254	-1.237701	
166	1.003168	-0.000682	2.039185	0.000682	1.003168	-2.759796	
167	1.003337	-0.000975	1.798950	0.000975	1.003337	-3.365631	
168	1.000522	-0.001115	4.377136	0.001115	1.000522	-1.290558	
169	1.001277	-0.000976	3.293091	0.000976	1.001277	-1.488434	
170	1.000737	-0.001374	3.330566	0.001374	1.000737	0.195099	
171	1.001272	-0.000981	3.704407	0.000981	1.001272	0.957581	
172	1.001239	-0.001444	2.385315	0.001444	1.001239	0.122833	
173	1.000802	-0.001200	0.966492	0.001200	1.000802	0.029968	
174	1.001432	-0.002121	0.782349	0.002121	1.001432	0.778168	
175	1.001168	-0.003064	-0.009277	0.003064	1.001168	-1.088715	
176	1.001177	-0.002755	-0.661804	0.002755	1.001177	-3.709167	
177	1.001568	-0.001911	-2.045593	0.001911	1.001568	-1.775085	
178	1.001500	-0.001426	-2.576294	0.001426	1.001500	0.069275	
179	1.002180	-0.001958	-4.090576	0.001958	1.002180	-0.001770	
180	1.001801	-0.002013	-3.593323	0.002013	1.001801	-1.010529	
181	1.002193	-0.000268	-3.956482	0.000268	1.002193	0.628632	
182	1.001713	-0.000232	-2.870789	0.000232	1.001713	1.766693	
183	1.002403	0.000232	-2.832642	-0.000232	1.002403	1.495392	
184	1.001915	0.001200	-1.812378	-0.001200	1.001915	3.110657	
185	1.001108	0.001238	0.188904	-0.001238	1.001108	4.369751	
186	1.000690	0.001730	0.300598	-0.001730	1.000690	5.073792	
187	1.002156	0.001625	-1.234741	-0.001625	1.002156	4.474274	
188	1.001182	0.001438	-0.187195	-0.001438	1.001182	5.137634	
189	1.001156	0.001400	-0.215149	-0.001400	1.001156	6.448822	
190	1.000708	0.001505	0.441162	-0.001505	1.000708	3.389069	
191	0.999954	0.001143	2.361084	-0.001143	0.999954	3.356018	
192	1.000497	0.000715	3.806580	-0.000715	1.000497	5.156036	
193	0.999499	0.000137	6.194153	-0.000137	0.999499	0.978699	
194	1.003217	-0.000570	2.565308	0.000570	1.003217	-3.404480	
195	1.003438	0.000670	1.528931	-0.000670	1.003438	-1.718170	
196	1.004705	-0.000185	1.492188	0.000185	1.004705	-1.337524	
197	1.003205	-0.001336	5.879272	0.001336	1.003205	-1.061707	
198	0.999818	-0.000126	8.704102	0.000126	0.999818	-0.600616	
199	1.003743	-0.001719	4.043457	0.001719	1.003743	-3.912750	
200	1.004270	-0.002065	3.238403	0.002065	1.004270	-3.794861	
201	1.003579	-0.002807	4.107178	0.002807	1.003579	-4.091827	
202	1.002202	-0.001183	4.324341	0.001183	1.002202	-2.075684	
203	1.001850	-0.001339	4.351685	0.001339	1.001850	-2.511719	
204	1.002719	-0.001585	2.824341	0.001585	1.002719	-2.700287	
205	1.002183	-0.000165	3.326416	0.000165	1.002183	-0.992554	
206	1.001428	-0.001112	3.447876	0.001112	1.001428	-1.639893	
207	1.001971	-0.000106	2.103027	0.000106	1.001971	-0.911438	
208	1.001523	0.000136	2.213135	-0.000136	1.001523	0.537964	
209	1.003355	-0.000024	-0.319336	0.000024	1.003355	-1.480530	
210	1.001197	-0.000496	0.223572	0.000496	1.001197	-2.154572	
211	1.002383	-0.000340	0.478149	0.000340	1.002383	3.120789	
212	1.000590	-0.001211	0.237488	0.001211	1.000590	-2.395721	
213	1.003419	-0.001423	-3.352417	0.001423	1.003419	-4.004028	
214	1.001072	-0.001031	-1.247803	0.001031	1.001072	-1.163635	
215	1.001829	-0.000558	-3.095703	0.000558	1.001829	-1.405975	
216	1.002099	-0.000971	-4.435425	0.000971	1.002099	-2.165222	
217	1.002017	-0.000956	-4.192017	0.000956	1.002017	-3.507233	
218	1.002100	-0.000443	-4.903503	0.000443	1.002100	-3.026886	
219	1.002111	0.000937	-5.267456	-0.000937	1.002111	-1.887177	
220	1.001233	-0.000027	-3.415100	0.000027	1.001233	-1.848572	
221	1.002218	0.001178	-5.840271	-0.001178	1.002218	-1.432190	
222	1.001092	0.001929	-2.681335	-0.001929	1.001092	1.073242	
223	1.001795	0.001294	-3.161926	-0.001294	1.001795	0.158112	
224	1.002035	0.001448	-4.282227	-0.001448	1.002035	-0.168121	
225	1.001851	0.001103	-3.813049	-0.001103	1.001851	1.757629	
226	1.001346	0.001494	-3.910767	-0.001494	1.001346	3.077393	
227	1.000881	0.001322	-2.564026	-0.001322	1.000881	2.270599	
228	1.001556	0.001244	-2.878479	-0.001244	1.001556	1.499817	
229	0.999538	0.000788	1.721069	-0.000788	0.999538	3.955872	
230	1.001030	0.000951	1.128052	-0.000951	1.001030	0.506958	
231	1.001710	0.000818	1.085693	-0.000818	1.001710	-1.730225	
232	1.002557	0.000980	1.501221	-0.000980	1.002557	-0.675079	
233	0.999703	0.000856	6.591431	-0.000856	0.999703	0.200409	
234	1.002859	0.000791	4.938721	-0.000791	1.002859	1.035339	
235	0.997793	-0.000247	9.146576	0.000247	0.997793	1.117462	
236	1.005206	-0.001043	2.016235	0.001043	1.005206	-3.118469	
237	1.000237	-0.001469	6.283691	0.001469	1.000237	-0.945465	
238	0.999842	-0.001271	4.444641	0.001271	0.999842	-1.400208	
239	1.001439	-0.000746	1.918396	0.000746	1.001439	-1.379333	
240	1.001940	-0.001237	-0.320679	0.001237	1.001940	-2.047852	
241	1.001271	-0.000814	-1.032410	0.000814	1.001271	-1.014496	
242	1.001999	-0.000630	-1.447021	0.000630	1.001999	-1.723755	
243	1.001350	-0.000294	-0.511169	0.000294	1.001350	-1.410980	
244	1.001195	0.000309	-0.666809	-0.000309	1.001195	0.857697	
245	1.001597	-0.000306	-1.273621	0.000306	1.001597	1.207336	
246	1.002182	0.000006	-2.526672	-0.000006	1.002182	-0.933411	
247	1.001508	0.000988	-1.997681	-0.000988	1.001508	1.126282	
248	1.001867	-0.001471	-2.468994	0.001471	1.001867	3.678635	
249	1.001579	-0.001630	-3.177307	0.001630	1.001579	-4.264526	
250	1.001387	-0.001656	-3.484375	0.001656	1.001387	-2.411255	
251	1.001434	-0.000400	-6.215454	0.000400	1.001434	-1.446625	
252	1.001667	-0.000775	-9.111572	0.000775	1.001667	0.211456	
253	1.001728	-0.001708	-10.769409	0.001708	1.001728	-1.284119	
254	1.002321	-0.000053	-9.197449	0.000053	1.002321	-1.226654	
255	1.002244	-0.000035	-8.553772	0.000035	1.002244	0.477570	
256	1.002717	0.000926	-8.707947	-0.000926	1.002717	-0.030273	
257	1.002475	0.001059	-8.331726	-0.001059	1.002475	0.681396	
258	1.002483	0.001456	-7.430664	-0.001456	1.002483	2.307373	
259	1.002187	0.001423	-6.433472	-0.001423	1.002187	2.224670	
260	1.002352	0.001591	-6.449402	-0.001591	1.002352	2.821655	
261	1.002483	0.001889	-5.844849	-0.001889	1.002483	3.227081	
262	1.001950	0.001780	-4.697571	-0.001780	1.001950	3.218445	
263	1.002230	0.001924	-3.986938	-0.001924	1.002230	4.053894	
264	1.002353	0.002518	-4.515747	-0.002518	1.002353	1.357208	
265	1.001488	0.001731	-2.839233	-0.001731	1.001488	3.599457	
266	1.002089	0.001624	-2.074768	-0.001624	1.002089	3.959564	
267	1.002296	0.001353	-3.715210	-0.001353	1.002296	-0.373535	
268	1.006174	0.002046	-8.949219	-0.002046	1.006174	0.760620	
269	1.002699	0.001603	-2.748413	-0.001603	1.002699	0.427002	
270	1.002283	0.001486	-1.188599	-0.001486	1.002283	0.308960	
271	1.003708	0.001284	-2.255127	-0.001284	1.003708	-0.922119	
272	1.001852	0.000722	-0.102661	-0.000722	1.001852	-2.608185	
273	1.003674	0.000338	-2.356934	-0.000338	1.003674	-2.766632	
274	1.003605	0.000399	-2.375977	-0.000399	1.003605	-2.469208	
275	1.003581	-0.000080	-2.180664	0.000080	1.003581	-2.700714	
276	1.002263	0.000098	-0.420288	-0.000098	1.002263	-1.388885	
277	1.002936	-0.000311	-1.668213	0.000311	1.002936	-1.673065	
278	1.003614	-0.001083	-0.936646	0.001083	1.003614	-2.716339	
279	1.004075	-0.000603	-1.487305	0.000603	1.004075	-2.572540	
280	1.001365	-0.000367	2.731323	0.000367	1.001365	-0.496246	
281	1.004252	-0.000929	-1.345459	0.000929	1.004252	-2.330994	
282	1.005858	-0.001534	-4.197144	0.001534	1.005858	-4.929291	
283	1.002146	-0.001571	-0.307373	0.001571	1.002146	-3.343842	
284	1.001776	-0.000960	2.403809	0.000960	1.001776	0.514191	
285	1.002448	-0.001632	0.140015	0.001632	1.002448	-7.496674	
286	1.003170	-0.000839	-1.342407	0.000839	1.003170	-5.913391	
287	1.004339	-0.001344	-2.363037	0.001344	1.004339	-6.248871	
288	1.002132	-0.000922	0.127441	0.000922	1.002132	-4.462097	
289	1.003137	-0.000484	-1.014893	0.000484	1.003137	-4.006012	
290	1.003450	-0.000915	-2.492798	0.000915	1.003450	-5.783966	
291	1.003786	0.000089	-3.619629	-0.000089	1.003786	-3.438202	
292	1.002323	-0.000040	-1.271362	0.000040	1.002323	-2.318512	
293	1.003756	0.000873	-1.930054	-0.000873	1.003756	-1.113983	
294	1.003799	0.000689	-0.891479	-0.000689	1.003799	-1.651367	
295	1.004444	0.000433	-1.053711	-0.000433	1.004444	-2.208771	
296	1.004150	0.000615	-0.443848	-0.000615	1.004150	-2.040314	
297	1.004420	0.000805	0.058350	-0.000805	1.004420	-0.878006	
298	1.003162	0.000582	1.506714	-0.000582	1.003162	-0.366028	
299	1.003334	0.000609	1.874878	-0.000609	1.003334	-1.393173	
300	1.010613	0.001187	-8.857544	-0.001187	1.010613	-2.960098	
301	1.003663	-0.000516	2.949707	0.000516	1.003663	-1.650208	
302	0.997787	-0.000302	8.667542	0.000302	0.997787	-2.198730	
303	1.006912	-0.000824	1.505981	0.000824	1.006912	-8.044464	
304	1.005633	0.000797	2.278564	-0.000797	1.005633	-4.928970	
305	1.005118	0.000838	2.588623	-0.000838	1.005118	-4.057129	
306	1.008186	0.001007	-0.752441	-0.001007	1.008186	-3.376190	
307	1.005758	0.000102	4.258423	-0.000102	1.005758	-3.542145	
308	1.007676	0.000870	1.978149	-0.000870	1.007676	-3.568054	
309	1.007329	0.000128	3.408081	-0.000128	1.007329	-3.633392	
310	1.003032	0.000120	7.570984	-0.000120	1.003032	-1.977478	
311	0.997984	0.000454	12.209167	-0.000454	0.997984	-0.364685	
312	0.997950	-0.000742	12.551392	0.000742	0.997950	-0.116547	
313	1.004038	-0.000018	6.441711	0.000018	1.004038	-0.983948	
314	1.003762	0.000665	7.708740	-0.000665	1.003762	0.920044	
315	1.000315	0.000157	10.698425	-0.000157	1.000315	1.593079	
316	0.998431	0.000316	11.348145	-0.000316	0.998431	4.084106	
317	0.998948	-0.000248	9.499268	0.000248	0.998948	3.530457	
318	0.999045	-0.001404	7.790985	0.001404	0.999045	1.110291	
319	1.001261	-0.000492	4.855286	0.000492	1.001261	3.030029	
320	0.999157	-0.001310	5.763184	0.001310	0.999157	3.257599	
321	1.004856	-0.000008	-1.656250	0.000008	1.004856	-0.715759	
322	1.004292	-0.000227	-0.753174	0.000227	1.004292	-0.680939	
323	1.004061	-0.000219	-1.349243	0.000219	1.004061	-0.290985	
324	1.001893	-0.000764	-0.237183	0.000764	1.001893	-0.029266	
325	1.001805	-0.001274	-2.178162	0.001274	1.001805	-2.046265	
326	1.002227	-0.000529	-2.600098	0.000529	1.002227	-1.450592	
327	1.003502	0.000324	-5.788452	-0.000324	1.003502	-0.471191	
328	1.002764	0.001116	-4.983887	-0.001116	1.002764	0.625092	
329	1.003706	0.001308	-5.806763	-0.001308	1.003706	-0.713989	
330	1.003901	0.001325	-5.007812	-0.001325	1.003901	-0.265259	
331	1.003544	0.001738	-4.827759	-0.001738	1.003544	0.678040	
332	1.003444	0.001136	-5.247192	-0.001136	1.003444	-0.055328	
333	1.003536	0.000929	-4.745483	-0.000929	1.003536	-0.604401	
334	1.003885	0.001489	-5.339478	-0.001489	1.003885	0.845490	
335	1.002317	0.000518	-2.157593	-0.000518	1.002317	2.017975	
336	1.003935	0.001586	-4.572388	-0.001586	1.003935	-0.357773	
337	1.002923	0.001545	-3.777832	-0.001545	1.002923	1.320923	
338	1.000721	0.000439	-0.891724	-0.000439	1.000721	4.571106	
339	1.002059	0.000245	-1.644287	-0.000245	1.002059	-2.232788	
340	1.001218	0.001204	-1.086853	-0.001204	1.001218	0.811859	
341	1.000180	0.000961	1.504517	-0.000961	1.000180	-0.026550	
342	1.005179	0.001858	-2.796753	-0.001858	1.005179	1.205414	
343	1.001047	0.001186	2.888245	-0.001186	1.001047	0.632660	
344	1.004326	0.000581	-1.440430	-0.000581	1.004326	-2.668640	
345	1.005445	-0.000091	-3.510620	0.000091	1.005445	-2.019531	
346	1.000420	-0.000167	3.312805	0.000167	1.000420	-0.090118	
347	1.000836	0.000135	2.238159	-0.000135	1.000836	-0.743317	
348	1.001088	-0.000736	2.269226	0.000736	1.001088	-0.807007	
349	1.000581	-0.000333	2.251831	0.000333	1.000581	0.560608	
350	1.000256	-0.000384	2.483093	0.000384	1.000256	0.913574	
351	1.001100	-0.000877	1.707764	0.000877	1.001100	0.389862	
352	1.001377	-0.000653	0.979370	0.000653	1.001377	1.395966	
353	1.000789	-0.000555	0.641113	0.000555	1.000789	2.240387	
354	1.001481	-0.001366	-0.571716	0.001366	1.001481	0.398712	
355	1.006112	0.001677	-9.470825	-0.001677	1.006112	1.304596	
356	1.000871	0.000218	-0.769897	-0.000218	1.000871	4.083038	
357	1.002397	-0.000313	-3.610840	0.000313	1.002397	1.382004	
358	1.004062	-0.001595	-6.755737	0.001595	1.004062	-4.703705	
359	1.002293	-0.000520	-5.122070	0.000520	1.002293	-1.221893	
360	1.002364	-0.000184	-5.664673	0.000184	1.002364	-0.542511	
361	1.002540	-0.000633	-7.240479	0.000633	1.002540	-0.721222	
362	1.002610	-0.000218	-7.682495	0.000218	1.002610	-0.729309	
363	1.002065	0.000572	-8.049194	-0.000572	1.002065	-0.584625	
364	1.001832	0.001149	-8.168335	-0.001149	1.001832	0.680725	
365	1.003275	0.001428	-9.383057	-0.001428	1.003275	-0.668854	
366	1.003387	0.002204	-8.336182	-0.002204	1.003387	-0.996094	
367	1.003575	0.002548	-7.463257	-0.002548	1.003575	-0.356323	
368	1.003136	0.002357	-6.491943	-0.002357	1.003136	-1.401794	
369	1.003888	0.001753	-6.664917	-0.001753	1.003888	-2.156525	
370	1.004120	0.001172	-7.651245	-0.001172	1.004120	-2.083344	
371	1.002904	0.001269	-5.498169	-0.001269	1.002904	0.123230	
372	1.003228	0.001328	-5.406250	-0.001328	1.003228	-2.544708	
373	1.007075	0.000946	-8.797485	-0.000946	1.007075	-4.063385	
374	1.005074	-0.000228	-5.922974	0.000228	1.005074	-0.890228	
375	1.002309	0.001602	-1.054321	-0.001602	1.002309	-5.578949	
376	1.006252	0.001080	-4.767212	-0.001080	1.006252	-6.204834	
377	1.003950	0.001103	-1.169678	-0.001103	1.003950	-5.566956	
378	1.009344	0.000721	-7.189941	-0.000721	1.009344	-8.398682	
379	1.003388	0.000518	1.326172	-0.000518	1.003388	-4.610718	
380	1.004636	0.000724	-1.792358	-0.000724	1.004636	-6.655182	
381	1.004137	-0.000626	-1.557495	0.000626	1.004137	-8.243195	
382	1.003458	-0.001007	-1.187378	0.001007	1.003458	-7.517273	
383	1.002939	-0.000546	-0.980469	0.000546	1.002939	-6.883881	
384	1.002450	-0.000755	-0.713623	0.000755	1.002450	-6.514069	
385	1.003525	-0.000762	-1.590210	0.000762	1.003525	-6.873199	
386	1.003098	-0.000735	-0.245605	0.000735	1.003098	-5.946716	
387	1.002667	-0.000068	1.018921	0.000068	1.002667	-4.426086	
388	1.004380	0.000243	-0.170654	-0.000243	1.004380	-4.255280	
389	1.003081	0.000251	1.415649	-0.000251	1.003081	-1.874725	
390	1.002733	-0.000450	0.881348	0.000450	1.002733	-3.858978	
391	1.006022	-0.001924	-4.684570	0.001924	1.006022	-7.229950	
392	1.002269	0.000922	0.527710	-0.000922	1.002269	1.532654	
393	1.002064	-0.001689	-1.082581	0.001689	1.002064	-4.976196	
394	1.003159	-0.001286	-2.672974	0.001286	1.003159	-7.967163	
395	1.002591	-0.001037	-3.183472	0.001037	1.002591	-5.260895	
396	1.003290	-0.000858	-5.107666	0.000858	1.003290	-5.963867	
397	1.002288	-0.001611	-4.480347	0.001611	1.002288	-5.666748	
398	1.002971	-0.001241	-4.930908	0.001241	1.002971	-7.731384	
399	1.002853	-0.001120	-5.284058	0.001120	1.002853	-6.199158	
400	1.002711	-0.000836	-4.755005	0.000836	1.002711	-4.736267	
401	1.003100	-0.001083	-4.974976	0.001083	1.003100	-5.286499	
402	1.002163	0.000041	-3.707031	-0.000041	1.002163	-2.000458	
403	1.002279	0.000917	-3.669434	-0.000917	1.002279	-1.190674	
404	1.002200	0.001043	-3.181641	-0.001043	1.002200	-1.222839	
405	1.003047	0.000589	-2.760315	-0.000589	1.003047	-2.097809	
406	1.002283	0.000833	-2.260681	-0.000833	1.002283	-0.811218	
407	1.001760	0.000181	-0.840942	-0.000181	1.001760	-0.396149	
408	1.002265	0.000930	-2.054749	-0.000930	1.002265	-2.487610	
409	1.001355	-0.000033	-0.737549	0.000033	1.001355	-1.553345	
410	1.001580	-0.000796	2.312012	0.000796	1.001580	-0.051117	
411	1.001896	0.000414	1.889709	-0.000414	1.001896	-5.592438	
412	1.008278	-0.000580	-6.455688	0.000580	1.008278	-7.736176	
413	1.009664	-0.000075	-8.276733	0.000075	1.009664	-5.955231	
414	1.005844	-0.000445	-4.571045	0.000445	1.005844	-3.251434	
415	1.001112	-0.000290	1.144531	0.000290	1.001112	0.157166	
416	1.002202	-0.000415	-0.381104	0.000415	1.002202	-1.806274	
417	1.001114	-0.000976	0.296692	0.000976	1.001114	-1.351318	
418	1.002198	-0.000471	-0.815186	0.000471	1.002198	0.444366	
419	1.000400	-0.000430	1.560669	0.000430	1.000400	1.926453	
420	1.000601	-0.000684	0.953247	0.000684	1.000601	2.108887	
421	1.001556	-0.000946	0.416626	0.000946	1.001556	2.899445	
422	1.002350	-0.000582	-0.375610	0.000582	1.002350	3.305939	
423	1.001202	-0.000430	1.422974	0.000430	1.001202	4.057495	
424	1.001299	-0.000047	0.678223	0.000047	1.001299	4.656158	
425	1.001288	0.001896	0.119141	-0.001896	1.001288	8.701874	
426	1.001957	0.000269	-0.124390	-0.000269	1.001957	10.424316	
427	1.003392	-0.002405	-3.160889	0.002405	1.003392	3.075348	
428	1.001812	-0.000961	-3.236572	0.000961	1.001812	4.351440	
429	1.000506	0.000844	-1.867554	-0.000844	1.000506	10.327850	
430	1.000236	-0.000030	-2.971191	0.000030	1.000236	5.384583	
431	1.000256	-0.002539	-7.808228	0.002539	1.000256	3.471359	
432	1.000859	-0.000691	-8.731079	0.000691	1.000859	5.821564	
433	1.000667	-0.001404	-8.102539	0.001404	1.000667	4.303650	
434	1.000632	-0.001153	-10.470703	0.001153	1.000632	3.288422	
435	1.000984	-0.000113	-9.723145	0.000113	1.000984	2.201050	
436	1.001747	-0.000270	-8.270508	0.000270	1.001747	3.730042	
437	1.001609	0.000062	-9.009888	-0.000062	1.001609	5.067810	
438	1.002432	0.001109	-9.970093	-0.001109	1.002432	5.109344	
439	1.001146	0.001717	-8.021362	-0.001717	1.001146	6.937012	
440	1.001360	0.001888	-9.329224	-0.001888	1.001360	6.419189	
441	1.001196	0.001515	-8.761230	-0.001515	1.001196	6.349487	
442	1.002330	0.001484	-10.515381	-0.001484	1.002330	4.923462	
443	1.002445	0.001844	-10.065796	-0.001844	1.002445	5.884155	
444	1.002139	0.002075	-9.387939	-0.002075	1.002139	6.497375	
445	1.003249	0.002433	-10.826294	-0.002433	1.003249	2.546692	
446	1.003012	0.001444	-9.265259	-0.001444	1.003012	3.182343	
447	1.002775	0.003507	-9.012451	-0.003507	1.002775	6.401672	
448	1.002912	-0.000589	-5.802612	0.000589	1.002912	-2.525391	
449	1.005564	0.000432	-9.900024	-0.000432	1.005564	-3.161957	
450	1.005579	0.000389	-8.926147	-0.000389	1.005579	-1.035034	
451	1.005139	0.000690	-8.241577	-0.000690	1.005139	-0.984375	
452	1.003577	0.000875	-5.207764	-0.000875	1.003577	1.318817	
453	1.003223	0.000239	-4.856934	-0.000239	1.003223	-1.501862	
454	1.003662	-0.000273	-5.555176	0.000273	1.003662	-2.696899	
455	1.003926	-0.000384	-4.838501	0.000384	1.003926	-2.587128	
456	1.000972	-0.000140	-0.869995	0.000140	1.000972	-2.123260	
457	1.003097	-0.001085	-3.200806	0.001085	1.003097	-4.427917	
458	1.002501	-0.001729	-3.065430	0.001729	1.002501	-4.937531	
459	1.001122	-0.001834	-1.639404	0.001834	1.001122	-3.438110	
460	1.001497	-0.001692	-1.874268	0.001692	1.001497	-3.264862	
461	1.001408	-0.001690	-2.187622	0.001690	1.001408	-3.374176	
462	1.000796	-0.001167	-0.770996	0.001167	1.000796	-0.786011	
463	1.002174	-0.000973	-2.493408	0.000973	1.002174	-1.239197	
464	1.005418	-0.001467	-7.074951	0.001467	1.005418	-3.318726	
465	1.006227	-0.001377	-8.764648	0.001377	1.006227	-5.110229	
466	1.002694	-0.000559	-3.063232	0.000559	1.002694	0.541534	
467	1.000880	-0.000563	-0.491455	0.000563	1.000880	-0.370209	
468	1.002308	-0.001341	-2.736206	0.001341	1.002308	-5.068909	
469	1.002795	-0.002080	-4.737793	0.002080	1.002795	-4.446014	
470	1.001897	-0.001578	-4.039917	0.001578	1.001897	-3.181366	
471	1.002797	-0.000981	-4.747681	0.000981	1.002797	-2.892883	
472	1.002624	-0.000417	-4.423950	0.000417	1.002624	-2.533813	
473	1.002087	-0.000713	-3.331543	0.000713	1.002087	-3.314026	
474	1.003469	-0.000817	-5.325684	0.000817	1.003469	-3.726715	
475	1.002456	-0.000202	-3.981567	0.000202	1.002456	-1.465302	
476	1.002647	0.000214	-2.923340	-0.000214	1.002647	-1.219269	
477	1.002386	0.000243	-2.260620	-0.000243	1.002386	-0.938263	
478	1.002273	0.000943	-0.991699	-0.000943	1.002273	-0.298737	
479	1.005478	0.001152	-5.373657	-0.001152	1.005478	-1.196136	
480	1.003361	0.001101	-1.722046	-0.001101	1.003361	0.138458	
481	1.004189	0.001163	-2.175659	-0.001163	1.004189	-0.093353	
482	1.002851	0.001233	0.103638	-0.001233	1.002851	0.591492	
483	1.007699	0.000043	-5.308960	-0.000043	1.007699	-4.669342	
484	1.002501	-0.000095	2.795410	0.000095	1.002501	-0.042542	
485	1.005781	-0.001084	-0.560303	0.001084	1.005781	-4.215637	
486	1.000618	0.000888	5.653564	-0.000888	1.000618	-2.655518	
487	1.005176	0.001501	-1.072754	-0.001501	1.005176	-3.272217	
488	1.009423	0.002818	17.209839	-0.002818	1.009423	-3.543365	
489	1.012048	0.000468	10.476562	-0.000468	1.012048	-6.562439	
490	1.009057	-0.000204	11.458130	0.000204	1.009057	-6.649445	
491	1.007374	0.001460	10.711060	-0.001460	1.007374	-4.900238	
492	1.003182	0.000096	6.855591	-0.000096	1.003182	-5.487335	
493	1.003113	0.000294	4.814697	-0.000294	1.003113	-3.812500	
494	1.005558	0.000321	6.880127	-0.000321	1.005558	-5.123230	
495	1.002909	0.000389	10.526611	-0.000389	1.002909	-3.039886	
496	1.006597	0.000052	5.323242	-0.000052	1.006597	-3.354919	
497	1.005261	0.000076	7.066528	-0.000076	1.005261	-2.328522	
498	1.003823	-0.000090	9.307007	0.000090	1.003823	-1.728485	
499	1.004963	0.000080	7.119629	-0.000080	1.004963	-1.404419	
500	1.003201	-0.000930	9.446899	0.000930	1.003201	-2.294861	
501	1.006798	-0.001563	4.450439	0.001563	1.006798	-4.436249	
502	1.007106	-0.003928	4.652832	0.003928	1.007106	-7.507233	
503	1.005099	-0.002864	8.124634	0.002864	1.005099	-1.455017	
504	1.003294	-0.000535	10.391602	0.000535	1.003294	-0.490784	
505	1.006845	0.000085	3.286987	-0.000085	1.006845	-3.710510	
506	1.003740	-0.001315	6.924194	0.001315	1.003740	-3.532776	
507	1.003777	-0.001482	5.864990	0.001482	1.003777	-2.336639	
508	1.003375	-0.000947	5.170166	0.000947	1.003375	-0.426025	
509	1.002416	-0.000488	5.162231	0.000488	1.002416	-1.681213	
510	1.002568	-0.000412	4.261841	0.000412	1.002568	-1.668488	
511	1.003225	-0.001185	2.381226	0.001185	1.003225	-2.524170	
512	1.002971	-0.000263	2.777344	0.000263	1.002971	-1.481964	
513	1.003527	0.000197	2.103149	-0.000197	1.003527	-0.562897	
514	1.003579	0.000169	1.021606	-0.000169	1.003579	-0.566956	
515	1.001655	0.000617	2.750244	-0.000617	1.001655	0.959457	
516	1.001963	-0.000065	1.841492	0.000065	1.001963	-0.326355	
517	1.002257	0.000344	1.620239	-0.000344	1.002257	0.728973	
518	1.002151	0.000644	2.934204	-0.000644	1.002151	2.229248	
519	1.002197	0.000201	3.188049	-0.000201	1.002197	0.912842	
520	0.996778	-0.007752	9.225464	0.007752	0.996778	-3.929749	
521	1.000581	-0.000237	4.650879	0.000237	1.000581	2.396210	
522	0.999572	0.000242	5.682922	-0.000242	0.999572	1.394135	
523	1.002952	-0.000361	1.199341	0.000361	1.002952	-4.615356	
524	1.003782	0.001029	0.972778	-0.001029	1.003782	-1.376770	
525	1.001023	0.000627	4.440125	-0.000627	1.001023	-1.131805	
526	1.002152	0.000793	3.603394	-0.000793	1.002152	-0.525909	
527	1.001983	0.000680	3.716919	-0.000680	1.001983	0.277466	
528	1.002932	0.000481	2.317871	-0.000481	1.002932	-2.059204	
529	1.001525	0.001150	3.515564	-0.001150	1.001525	-0.181549	
530	1.001746	0.000872	2.885925	-0.000872	1.001746	0.500427	
531	1.001856	0.000427	2.651733	-0.000427	1.001856	-1.089478	
532	1.002223	-0.000230	1.629395	0.000230	1.002223	-1.700592	
533	1.001632	-0.000920	1.789246	0.000920	1.001632	-1.656982	
534	1.000444	0.001114	3.256165	-0.001114	1.000444	0.395081	
535	1.001547	-0.000027	2.020508	0.000027	1.001547	-1.689270	
536	1.000780	0.000999	2.004517	-0.000999	1.000780	0.991669	
537	1.002322	0.000152	-0.727295	-0.000152	1.002322	0.646393	
538	1.001288	0.000131	0.180786	-0.000131	1.001288	0.091980	
539	1.001877	0.000663	-2.184814	-0.000663	1.001877	-0.554291	
540	1.003171	0.000077	-4.639648	-0.000077	1.003171	1.800140	
541	0.999962	0.000555	-1.222046	-0.000555	0.999962	1.521240	
542	1.001218	-0.000333	-2.440430	0.000333	1.001218	-4.775818	
543	1.000803	-0.000142	-2.196350	0.000142	1.000803	-1.964081	
544	1.000871	0.000332	-2.388672	-0.000332	1.000871	-2.172150	
545	1.000542	-0.000589	-1.252075	0.000589	1.000542	-1.366577	
546	1.000962	-0.001674	-4.032654	0.001674	1.000962	-4.107391	
547	1.002314	-0.000727	-8.874634	0.000727	1.002314	-3.294556	
548	1.002241	-0.000383	-8.216980	0.000383	1.002241	-1.502045	
549	1.002108	0.000416	-6.627441	-0.000416	1.002108	-0.600159	
550	1.002345	0.000525	-6.739075	-0.000525	1.002345	-1.154724	
551	1.001397	0.000468	-5.559998	-0.000468	1.001397	-0.596893	
552	1.001428	0.000850	-5.491272	-0.000850	1.001428	0.475830	
553	1.001955	0.000503	-5.188782	-0.000503	1.001955	-0.721497	
554	1.001297	0.000438	-3.877991	-0.000438	1.001297	0.591583	
555	1.000469	0.000427	-2.250977	-0.000427	1.000469	3.271820	
556	1.001952	0.000005	-3.651428	-0.000005	1.001952	-0.184784	
557	1.000924	0.000774	-1.044250	-0.000774	1.000924	1.180206	
558	1.001868	0.000600	-0.438721	-0.000600	1.001868	1.978302	
559	1.001023	0.000676	1.247559	-0.000676	1.001023	3.054810	
560	1.002096	-0.000317	-1.022583	0.000317	1.002096	-2.295410	
561	1.001855	-0.000465	0.306641	0.000465	1.001855	-1.828491	
562	1.001207	-0.001146	3.882080	0.001146	1.001207	-1.417023	
563	0.999818	-0.000327	6.052856	0.000327	0.999818	-0.384369	
564	1.000004	0.000069	7.081482	-0.000069	1.000004	-1.431580	
565	1.004188	-0.001028	2.253662	0.001028	1.004188	-4.060455	
566	1.003181	-0.001121	2.987061	0.001121	1.003181	-3.486450	
567	1.001127	-0.000556	5.764771	0.000556	1.001127	-2.055969	
568	0.999836	-0.000190	6.691589	0.000190	0.999836	-1.355469	
569	0.998748	-0.001381	7.385132	0.001381	0.998748	-1.613953	
570	0.997643	-0.001647	8.037720	0.001647	0.997643	-0.862793	
571	1.000025	0.000204	7.034119	-0.000204	1.000025	-0.379639	
572	0.999096	-0.000066	7.674988	0.000066	0.999096	-0.896439	
573	1.000252	0.000238	6.816467	-0.000238	1.000252	0.174042	
574	0.999679	0.000423	6.942200	-0.000423	0.999679	2.013550	
575	0.999582	-0.000641	4.438904	0.000641	0.999582	-1.010529	
576	1.002394	-0.000264	1.041870	0.000264	1.002394	0.750732	
577	1.001769	-0.000859	2.232239	0.000859	1.001769	0.803680	
578	1.000318	-0.000195	2.552979	0.000195	1.000318	-0.960510	
579	1.003048	-0.000403	-0.714722	0.000403	1.003048	-1.715790	
580	1.000841	0.000039	2.657227	-0.000039	1.000841	-0.584412	
581	1.000501	-0.000398	3.060181	0.000398	1.000501	-1.680939	
582	1.001602	0.000098	1.817200	-0.000098	1.001602	-1.826843	
583	1.001219	0.000963	1.619141	-0.000963	1.001219	-2.484467	
584	1.001467	0.001029	1.631348	-0.001029	1.001467	-1.103302	
585	1.000440	0.000790	1.441650	-0.000790	1.000440	-1.049438	
586	1.002936	0.000667	-1.326294	-0.000667	1.002936	-2.265015	
587	1.000186	0.000969	2.516907	-0.000969	1.000186	-0.289429	
588	1.002214	0.001100	0.486328	-0.001100	1.002214	0.232452	
589	1.001408	0.000751	1.939758	-0.000751	1.001408	-1.279266	
590	1.000513	0.000362	2.898010	-0.000362	1.000513	-0.220673	
591	1.001153	-0.000064	3.118164	0.000064	1.001153	-0.138428	
592	1.001490	-0.000377	4.975159	0.000377	1.001490	-1.588684	
593	1.002272	-0.000824	3.653198	0.000824	1.002272	-2.761078	
594	1.001440	-0.002522	6.824463	0.002522	1.001440	0.602753	
595	0.996175	-0.001749	12.044434	0.001749	0.996175	0.018738	
596	1.003635	-0.000839	5.461182	0.000839	1.003635	-5.964386	
597	1.004068	-0.000558	4.739990	0.000558	1.004068	-3.661682	
598	1.005805	-0.001928	4.032654	0.001928	1.005805	-5.839539	
599	0.998773	-0.000349	10.893127	0.000349	0.998773	-1.324051	
600	1.000329	0.000077	10.474731	-0.000077	1.000329	-1.236115	
601	1.005172	-0.000222	5.425537	0.000222	1.005172	-5.389984	
602	1.005506	0.000168	4.589844	-0.000168	1.005506	-3.755005	
603	1.002530	-0.001277	7.063416	0.001277	1.002530	-4.688293	
604	0.999452	-0.001185	9.824646	0.001185	0.999452	-2.977722	
605	1.005010	-0.000007	3.681152	0.000007	1.005010	-3.743561	
606	1.001745	0.000424	7.422180	-0.000424	1.001745	-1.738510	
607	1.000505	-0.000158	8.722168	0.000158	1.000505	-1.887146	
608	1.005070	0.001645	3.606079	-0.001645	1.005070	-1.148209	
609	1.001196	-0.001023	8.649109	0.001023	1.001196	-2.741608	
610	0.999460	0.000478	10.013916	-0.000478	0.999460	-0.440262	
611	1.012110	-0.000492	-4.402893	0.000492	1.012110	-6.709564	
612	1.000419	-0.001105	7.983948	0.001105	1.000419	-3.073120	
613	1.001513	-0.001187	6.542419	0.001187	1.001513	-1.010559	
614	1.003647	-0.000001	3.386841	0.000001	1.003647	-8.623199	
615	1.004902	0.000316	1.191650	-0.000316	1.004902	-7.663208	
616	1.002445	0.000354	3.944824	-0.000354	1.002445	-6.879150	
617	1.000975	-0.000307	4.332886	0.000307	1.000975	-5.768265	
618	1.004727	0.000497	-0.142578	-0.000497	1.004727	-7.318939	
619	1.004228	0.000892	1.235474	-0.000892	1.004228	-6.489075	
620	1.002940	0.001073	2.840088	-0.001073	1.002940	-4.887955	
621	1.002149	0.001564	4.536804	-0.001564	1.002149	-4.816940	
622	1.003532	0.002453	4.264771	-0.002453	1.003532	-2.100571	
623	1.001127	0.002493	7.403320	-0.002493	1.001127	-0.071594	
624	1.004157	0.001591	4.890747	-0.001591	1.004157	-1.676453	
625	1.005381	0.003141	3.279175	-0.003141	1.005381	-0.214325	
626	1.006114	0.001499	2.932007	-0.001499	1.006114	-1.094849	
627	1.001293	0.001039	9.497681	-0.001039	1.001293	0.211166	
628	1.018130	0.000181	-12.021790	-0.000181	1.018130	-5.468536	
629	1.022046	0.001167	-13.382004	-0.001167	1.022046	-9.369263	
630	1.017397	0.002442	-11.091553	-0.002442	1.017397	1.358398	
631	1.001602	0.002933	11.147339	-0.002933	1.001602	2.683334	
632	1.005207	0.000726	6.406006	-0.000726	1.005207	-4.162354	
633	1.003159	0.001218	9.719727	-0.001218	1.003159	-0.660187	
634	1.002312	-0.002561	11.246887	0.002561	1.002312	-3.231674	
635	1.002924	0.001227	9.581543	-0.001227	1.002924	2.174652	
636	1.002223	-0.000388	11.475342	0.000388	1.002223	0.122482	
637	1.004538	-0.000725	8.333008	0.000725	1.004538	-0.616089	
638	1.002141	-0.001191	11.302002	0.001191	1.002141	-0.148819	
639	1.002199	-0.000580	9.995728	0.000580	1.002199	-0.874268	
640	1.001670	-0.000635	9.133423	0.000635	1.001670	-0.689240	
641	1.001400	-0.001531	7.652588	0.001531	1.001400	-2.621399	
642	1.001586	-0.001745	7.112061	0.001745	1.001586	-1.708954	
643	1.001963	-0.002216	5.991089	0.002216	1.001963	-2.060867	
644	1.002325	-0.001407	4.805420	0.001407	1.002325	-0.741455	
645	1.001614	-0.001614	5.271362	0.001614	1.001614	-0.208618	
646	1.001075	-0.001794	5.523682	0.001794	1.001075	1.053345	
647	1.001133	-0.002278	4.068481	0.002278	1.001133	-1.456619	
648	1.001140	-0.000934	2.168823	0.000934	1.001140	-0.409454	
649	0.999364	0.000474	4.902588	-0.000474	0.999364	6.995148	
650	1.001548	-0.001072	1.420532	0.001072	1.001548	-2.405914	
651	1.002150	-0.000596	-0.431274	0.000596	1.002150	-1.576675	
652	1.001186	-0.000027	-0.057129	0.000027	1.001186	1.116730	
653	1.000619	-0.000552	-0.537415	0.000552	1.000619	0.552551	
654	1.001593	0.000575	-1.716187	-0.000575	1.001593	1.337814	
655	1.001874	0.000868	-2.277954	-0.000868	1.001874	-0.123306	
656	1.002253	0.000643	-2.974731	-0.000643	1.002253	0.429504	
657	1.001919	0.001209	-2.325806	-0.001209	1.001919	1.155609	
658	1.001810	0.001293	-2.233398	-0.001293	1.001810	1.163177	
659	1.001781	0.001533	-1.921753	-0.001533	1.001781	1.423523	
660	1.001370	0.001983	-1.672607	-0.001983	1.001370	2.453552	
661	1.001647	0.001438	-1.510986	-0.001438	1.001647	1.080139	
662	1.001310	0.001231	-0.843872	-0.001231	1.001310	1.601608	
663	1.001807	0.000196	0.185059	-0.000196	1.001807	1.256317	
664	0.999903	-0.003552	3.620056	0.003552	0.999903	0.723419	
665	1.001554	-0.001014	2.926453	0.001014	1.001554	0.167175	
666	1.001479	-0.001181	4.739136	0.001181	1.001479	2.356125	
667	1.001168	-0.002766	3.845093	0.002766	1.001168	1.590820	
668	1.001866	-0.001908	5.754639	0.001908	1.001866	2.211548	
669	1.000639	-0.002163	6.695435	0.002163	1.000639	-0.193970	
670	1.001509	-0.001850	7.078918	0.001850	1.001509	1.222809	
671	1.004262	-0.002728	4.226196	0.002728	1.004262	-2.039001	
672	1.001089	-0.003405	9.212830	0.003405	1.001089	-0.273041	
673	1.001606	-0.003760	9.884521	0.003760	1.001606	-2.040344	
674	1.001622	-0.002992	9.837769	0.002992	1.001622	-3.891205	
675	1.001993	-0.002758	10.213928	0.002758	1.001993	-3.805450	
676	1.002119	-0.002554	11.462219	0.002554	1.002119	-3.286316	
677	1.002691	-0.002022	10.410522	0.002022	1.002691	-3.602173	
678	1.001448	-0.001983	11.555298	0.001983	1.001448	-3.316162	
679	1.002467	-0.001403	9.827515	0.001403	1.002467	-3.984100	
680	1.002444	-0.001359	9.720032	0.001359	1.002444	-5.409760	
681	1.000216	-0.001921	12.247192	0.001921	1.000216	-3.437683	
682	1.003327	0.000259	9.400391	-0.000259	1.003327	-3.660614	
683	1.003055	-0.000641	8.534912	0.000641	1.003055	-4.647919	
684	1.002474	-0.001826	8.006531	0.001826	1.002474	-5.014160	
685	1.001039	-0.000604	7.474609	0.000604	1.001039	-4.373550	
686	1.003099	-0.001603	4.798340	0.001603	1.003099	-2.653503	
687	1.000046	-0.001244	6.949890	0.001244	1.000046	0.488892	
688	1.001274	-0.003360	4.156006	0.003360	1.001274	-5.419601	
689	1.002850	-0.003136	2.572876	0.003136	1.002850	-5.414291	
690	1.002719	-0.002566	1.779663	0.002566	1.002719	-5.386902	
691	1.002087	-0.001609	1.736206	0.001609	1.002087	-1.964142	
692	1.001324	-0.001811	1.538391	0.001811	1.001324	-0.390503	
693	1.001724	-0.001382	1.997986	0.001382	1.001724	-2.875671	
694	1.002001	-0.000543	-0.148987	0.000543	1.002001	-2.647430	
695	1.001117	0.000083	1.000061	-0.000083	1.001117	-0.950989	
696	1.001709	0.001444	1.287109	-0.001444	1.001709	-1.294861	
697	1.001254	0.002078	2.567139	-0.002078	1.001254	-0.554779	
698	1.002215	0.002276	2.135498	-0.002276	1.002215	-0.461426	
699	1.000971	0.001900	4.330261	-0.001900	1.000971	-0.594818	
700	1.001663	0.001773	4.406738	-0.001773	1.001663	-0.572601	
701	1.001617	0.001575	5.896729	-0.001575	1.001617	1.021179	
702	1.001523	0.000854	6.141846	-0.000854	1.001523	0.249603	
703	1.002692	0.000441	6.257690	-0.000441	1.002692	-3.376633	
704	1.003397	-0.001189	5.253357	0.001189	1.003397	-1.442108	
705	0.999185	-0.000143	10.545593	0.000143	0.999185	1.833435	
706	1.002020	-0.000256	9.220337	0.000256	1.002020	-1.704071	
707	1.003411	-0.000827	7.771851	0.000827	1.003411	-1.875305	
708	1.002788	-0.000054	7.837524	0.000054	1.002788	-3.721344	
709	1.002430	-0.000326	8.478516	0.000326	1.002430	-1.960480	
710	1.003305	-0.000726	7.796753	0.000726	1.003305	-0.915833	
711	1.003612	-0.000343	7.316284	0.000343	1.003612	0.242188	
712	1.002017	-0.000675	9.252930	0.000675	1.002017	-0.700134	
713	1.002248	0.000314	9.136719	-0.000314	1.002248	0.871964	
714	1.002060	0.000072	9.896240	-0.000072	1.002060	0.239578	
715	1.002448	0.000447	9.625610	-0.000447	1.002448	0.189133	
716	1.002778	-0.000215	9.454712	0.000215	1.002778	-0.206390	
717	1.003994	0.000457	8.536133	-0.000457	1.003994	0.036774	
718	1.003115	0.000155	7.389771	-0.000155	1.003115	-0.403229	
719	1.002588	0.000429	7.184082	-0.000429	1.002588	0.394897	
720	0.999510	-0.000105	9.082520	0.000105	0.999510	1.132874	
721	1.002387	0.000435	4.768311	-0.000435	1.002387	1.875641	
722	0.999027	0.000592	6.318115	-0.000592	0.999027	3.938812	
723	1.000520	0.000738	3.975525	-0.000738	1.000520	1.863129	
724	1.000572	0.001935	1.861145	-0.001935	1.000572	2.385193	
725	1.000757	0.003032	1.031067	-0.003032	1.000757	7.241089	
726	1.000678	0.002116	-0.329285	-0.002116	1.000678	3.485718	
727	1.001129	0.001687	-0.218506	-0.001687	1.001129	0.557327	
728	1.001281	0.002249	-0.110779	-0.002249	1.001281	0.555634	
729	1.000670	0.002823	0.119019	-0.002823	1.000670	3.892746	
730	1.001129	0.001728	0.088501	-0.001728	1.001129	5.627045	
731	1.000591	0.003910	-2.031250	-0.003910	1.000591	6.461121	
732	1.000379	0.006210	-2.370117	-0.006210	1.000379	8.369934	
733	1.000980	0.003075	-2.096741	-0.003075	1.000980	5.727753	
734	1.000698	0.003795	-2.885071	-0.003795	1.000698	7.519440	
735	1.000552	0.002746	-1.339050	-0.002746	1.000552	5.833069	
736	1.000635	0.003129	-1.013428	-0.003129	1.000635	6.006012	
737	1.000540	0.002336	-0.081360	-0.002336	1.000540	6.437073	
738	1.000534	0.002166	0.144104	-0.002166	1.000534	5.938934	
739	1.000632	0.002446	-0.000061	-0.002446	1.000632	6.859955	
740	1.000271	0.001822	1.018616	-0.001822	1.000271	7.865906	
741	1.002507	0.000875	-0.921021	-0.000875	1.002507	4.055389	
742	1.000368	0.001943	2.735046	-0.001943	1.000368	5.467194	
743	0.998850	0.001637	6.017029	-0.001637	0.998850	8.091187	
744	0.999883	0.001264	5.871033	-0.001264	0.999883	3.413727	
745	1.002799	0.001687	4.412109	-0.001687	1.002799	0.318817	
746	1.002972	0.001430	4.456299	-0.001430	1.002972	1.493103	
747	1.003620	0.001158	5.224976	-0.001158	1.003620	0.518616	
748	1.002999	-0.000059	5.412231	0.000059	1.002999	0.394989	
749	1.002232	-0.001345	6.045288	0.001345	1.002232	0.296631	
750	1.002881	-0.001334	4.496582	0.001334	1.002881	-2.561798	
751	1.002717	-0.001703	4.310547	0.001703	1.002717	-2.225189	
752	1.000833	-0.001731	6.405151	0.001731	1.000833	-1.144806	
753	1.002512	-0.001405	4.412598	0.001405	1.002512	-2.118073	
754	1.000572	-0.001453	6.348022	0.001453	1.000572	-1.915863	
755	1.002645	-0.001625	3.970093	0.001625	1.002645	-1.996735	
756	1.002627	-0.001395	3.705688	0.001395	1.002627	-1.605286	
757	1.002504	-0.001601	2.385498	0.001601	1.002504	-2.291138	
758	1.002795	-0.001023	1.427612	0.001023	1.002795	-0.108368	
759	1.001490	-0.000930	1.820435	0.000930	1.001490	0.063904	
760	1.000671	-0.000672	0.628662	0.000672	1.000671	-1.378021	
761	1.000742	0.001863	-2.148071	-0.001863	1.000742	6.073608	
762	1.001223	-0.000300	-3.789551	0.000300	1.001223	1.639893	
763	1.001972	0.000708	-6.586426	-0.000708	1.001972	-2.541138	
764	1.000875	-0.001218	-18.047119	0.001218	1.000875	-2.243805	
765	0.999086	0.000288	-12.888550	-0.000288	0.999086	1.000000	
766	0.999074	0.000087	-7.661377	-0.000087	0.999074	1.254547	
767	0.999640	-0.000084	-11.106079	0.000084	0.999640	-0.691498	
768	1.000371	0.000521	-11.878784	-0.000521	1.000371	0.663177	
769	1.000881	0.000760	-6.391479	-0.000760	1.000881	1.419434	
770	1.000491	0.000821	-6.988647	-0.000821	1.000491	0.385315	
771	1.000710	0.001580	-8.322998	-0.001580	1.000710	1.273224	
772	1.000439	0.001839	-5.666870	-0.001839	1.000439	2.394897	
773	1.000873	0.001210	-5.771118	-0.001210	1.000873	0.716858	
774	1.000925	0.001272	-6.280151	-0.001272	1.000925	0.948486	
775	1.000426	0.001162	-6.072754	-0.001162	1.000426	2.296295	
776	1.000289	0.000708	-6.639160	-0.000708	1.000289	2.422791	
777	1.001630	0.001142	-7.646973	-0.001142	1.001630	1.188293	
778	1.000632	0.002729	-7.971680	-0.002729	1.000632	4.106201	
779	1.001218	0.002361	-7.815308	-0.002361	1.001218	6.441040	
780	0.999208	0.000318	-3.251465	-0.000318	0.999208	0.312714	
781	1.001382	0.002287	-4.549927	-0.002287	1.001382	1.773193	
782	1.001074	0.002281	-2.750244	-0.002281	1.001074	1.596283	
783	1.001214	0.001734	-2.411255	-0.001734	1.001214	2.411621	
784	1.000727	0.000640	-1.660034	-0.000640	1.000727	1.285065	
785	1.001166	0.000475	-2.109009	-0.000475	1.001166	0.153870	
786	1.000696	-0.000057	-2.268311	0.000057	1.000696	0.959808	
787	1.000498	-0.001280	-3.440918	0.001280	1.000498	0.070312	
788	1.000194	-0.001026	-4.136963	0.001026	1.000194	1.174774	
789	1.000094	-0.000769	-4.973511	0.000769	1.000094	1.585236	
790	1.000339	-0.000935	-5.444702	0.000935	1.000339	1.700958	
791	1.000058	-0.001256	-5.101685	0.001256	1.000058	1.625641	
792	1.000097	-0.001343	-8.328491	0.001343	1.000097	0.763580	
793	1.002966	-0.002289	-25.366455	0.002289	1.002966	-0.909058	
794	0.995506	-0.001451	-19.748169	0.001451	0.995506	3.548401	
795	1.003091	-0.001951	-25.477417	0.001951	1.003091	0.581787	
796	0.995131	-0.000783	-20.322510	0.000783	0.995131	2.730835	
797	0.995131	-0.000783	-20.322510	0.000783	0.995131	2.730835	
798	0.997373	0.000283	-22.521851	-0.000283	0.997373	3.620911	
799	1.007365	-0.003639	-42.173218	0.003639	1.007365	-8.041656	
800	0.997717	-0.003566	-35.784302	0.003566	0.997717	-2.424042	
801	1.005321	-0.001081	-35.741333	0.001081	1.005321	-2.652222	
802	0.997817	0.000294	-20.327515	-0.000294	0.997817	2.248749	
803	1.002843	0.001967	-15.694397	-0.001967	1.002843	0.887299	
804	1.002811	0.002005	-10.057739	-0.002005	1.002811	0.229065	
805	1.002607	0.001106	-16.122864	-0.001106	1.002607	-1.273621	
806	1.002590	0.001162	-13.496521	-0.001162	1.002590	-0.784149	
807	1.002798	0.000873	-12.984131	-0.000873	1.002798	-2.018005	
808	1.003103	0.001107	-14.689697	-0.001107	1.003103	-1.356506	
809	1.003427	0.001276	-15.244568	-0.001276	1.003427	-0.590912	
810	1.003946	0.000457	-14.138855	-0.000457	1.003946	-1.588562	
811	1.002618	0.000314	-11.412781	-0.000314	1.002618	-0.073456	
812	1.002545	0.000159	-12.066040	-0.000159	1.002545	-0.356567	
813	1.003095	0.000318	-11.578735	-0.000318	1.003095	-1.925598	
814	1.002271	0.000069	-11.695923	-0.000069	1.002271	-0.122406	
815	1.000961	-0.000552	-10.319336	0.000552	1.000961	1.373138	
816	1.001092	-0.000077	-9.878540	0.000077	1.001092	1.645233	
817	1.002933	-0.001012	-10.894897	0.001012	1.002933	-3.928772	
818	1.002859	-0.000935	-10.242676	0.000935	1.002859	-1.430634	
819	1.001754	-0.001254	-8.782471	0.001254	1.001754	-1.398254	
820	1.002935	-0.001504	-10.022888	0.001504	1.002935	-1.971649	
821	1.000808	-0.001843	-7.739685	0.001843	1.000808	-0.428864	
822	1.001824	-0.002159	-8.478027	0.002159	1.001824	-2.502716	
823	1.001846	-0.003021	-8.511963	0.003021	1.001846	-3.062195	
824	1.001724	-0.003187	-8.503723	0.003187	1.001724	-2.863190	
825	1.002412	-0.002402	-9.381470	0.002402	1.002412	-1.923492	
826	1.001373	-0.002229	-8.694580	0.002229	1.001373	-0.783325	
827	1.001699	-0.001985	-9.219055	0.001985	1.001699	-0.096405	
828	1.002485	-0.001788	-9.866882	0.001788	1.002485	0.701263	
829	1.000695	-0.002136	-8.639648	0.002136	1.000695	0.587952	
830	1.000590	-0.001618	-8.360779	0.001618	1.000590	2.065765	
831	1.001749	-0.001486	-9.080566	0.001486	1.001749	1.848480	
832	1.002308	-0.000707	-10.278809	0.000707	1.002308	0.532715	
833	1.001376	-0.000754	-10.155823	0.000754	1.001376	1.603058	
834	1.001560	-0.000565	-11.257019	0.000565	1.001560	4.341614	
835	0.999572	-0.002019	-9.247803	0.002019	0.999572	-3.674438	
836	1.001892	-0.000177	-11.763489	0.000177	1.001892	-0.015625	
837	1.002073	-0.000115	-12.727173	0.000115	1.002073	0.359680	
838	1.003572	0.000223	-15.470764	-0.000223	1.003572	0.358673	
839	1.000215	-0.000509	-12.676270	0.000509	1.000215	1.706635	
840	0.999556	0.000486	-11.426880	-0.000486	0.999556	0.708771	
841	1.002250	0.000961	-13.840820	-0.000961	1.002250	0.722656	
842	0.999766	0.000852	-10.443481	-0.000852	0.999766	1.719269	
843	1.001718	0.000544	-11.903015	-0.000544	1.001718	0.100769	
844	1.001832	0.000502	-11.687744	-0.000502	1.001832	0.349670	
845	1.001256	0.001248	-11.453369	-0.001248	1.001256	1.231537	
846	1.000974	0.000694	-10.569824	-0.000694	1.000974	0.505249	
847	1.002316	0.000713	-11.261902	-0.000713	1.002316	0.059998	
848	1.001619	0.000202	-9.029846	-0.000202	1.001619	1.277405	
849	1.002341	0.000665	-9.821228	-0.000665	1.002341	0.929749	
850	1.002663	0.001373	-8.398926	-0.001373	1.002663	-0.593536	
851	1.002664	0.000999	-7.646423	-0.000999	1.002664	2.011597	
852	1.001610	-0.000314	-6.103027	0.000314	1.001610	1.710846	
853	1.001376	0.000011	-4.702332	-0.000011	1.001376	-0.739136	
854	1.002109	0.000220	-4.458191	-0.000220	1.002109	-1.570007	
855	1.000759	0.000205	-2.568848	-0.000205	1.000759	-0.293182	
856	1.000785	0.000670	-0.841553	-0.000670	1.000785	-0.600891	
857	1.000456	0.001070	0.896423	-0.001070	1.000456	0.005280	
858	1.001156	0.000851	2.741272	-0.000851	1.001156	-2.486816	
859	1.001597	-0.000342	2.560486	0.000342	1.001597	-2.690552	
860	1.001487	0.000173	1.412415	-0.000173	1.001487	-0.410645	
861	1.001824	-0.000073	0.243591	0.000073	1.001824	-1.733795	
862	1.001691	-0.001418	-0.322998	0.001418	1.001691	-1.898987	
863	1.001677	-0.001293	-0.865295	0.001293	1.001677	-1.950531	
864	1.001490	-0.001129	-1.151733	0.001129	1.001490	-1.518616	
865	1.001676	-0.001420	-1.067505	0.001420	1.001676	-2.494080	
866	1.001785	-0.001972	-0.592163	0.001972	1.001785	-2.925629	
867	1.001828	-0.001103	-1.265137	0.001103	1.001828	-1.631775	
868	1.001738	-0.001095	-1.965942	0.001095	1.001738	-1.364594	
869	1.002033	-0.001894	-3.018555	0.001894	1.002033	-2.996826	
870	1.002477	-0.002310	-5.238525	0.002310	1.002477	-3.280670	
871	1.001930	-0.001560	-4.841492	0.001560	1.001930	-0.806183	
872	1.002123	-0.000634	-5.570801	0.000634	1.002123	-1.975372	
873	1.003438	-0.002205	-6.434021	0.002205	1.003438	-7.068542	
874	1.001898	-0.001618	-5.469971	0.001618	1.001898	-3.524109	
875	1.001967	-0.001581	-5.206665	0.001581	1.001967	-4.463409	
876	1.002566	-0.001475	-5.677979	0.001475	1.002566	-4.116364	
877	1.001752	-0.000140	-5.509521	0.000140	1.001752	-4.211060	
878	1.002620	-0.000825	-6.191833	0.000825	1.002620	-5.395569	
879	1.002715	-0.001033	-7.208313	0.001033	1.002715	-5.060486	
880	1.001921	-0.000838	-6.496826	0.000838	1.001921	-4.944672	
881	1.002011	-0.000114	-6.585693	0.000114	1.002011	-3.688141	
882	1.002216	0.000629	-7.229797	-0.000629	1.002216	-2.572632	
883	1.001983	0.000768	-6.826111	-0.000768	1.001983	-1.714081	
884	1.001976	0.000358	-6.967224	-0.000358	1.001976	-1.528107	
885	1.001470	0.000376	-5.956726	-0.000376	1.001470	-0.955627	
886	1.001734	0.001156	-6.456421	-0.001156	1.001734	-0.342194	
887	1.001470	0.001016	-5.319031	-0.001016	1.001470	-0.066711	
888	1.002197	0.000558	-5.098206	-0.000558	1.002197	-3.334167	
889	1.001634	0.000578	-4.100281	-0.000578	1.001634	-1.382568	
890	1.001387	0.000711	-3.925476	-0.000711	1.001387	-1.278687	
891	1.001698	0.000452	-2.421387	-0.000452	1.001698	-5.329346	
892	1.002579	0.000605	-2.867065	-0.000605	1.002579	-4.390228	
893	1.001869	0.000275	-2.073303	-0.000275	1.001869	-3.232971	
894	1.002300	0.000191	-4.002197	-0.000191	1.002300	-3.472687	
895	1.002160	-0.000158	-5.104065	0.000158	1.002160	-2.245941	
896	1.001854	-0.000947	-4.709900	0.000947	1.001854	-2.877289	
897	1.001818	-0.000824	-4.705872	0.000824	1.001818	-2.565002	
898	1.001880	-0.000641	-5.328979	0.000641	1.001880	-1.850220	
899	1.002180	-0.001240	-7.090698	0.001240	1.002180	-2.659821	
