0	1.000000	0.000000	0.000000	0.000000	1.000000	0.000000	
1	1.001043	-0.004136	-0.849121	0.004136	1.001043	-5.697662	
2	1.000701	-0.004137	-1.483154	0.004137	1.000701	-2.819183	
3	1.000127	-0.003698	-1.372437	0.003698	1.000127	-3.607025	
4	1.001101	-0.002768	-2.646240	0.002768	1.001101	-5.321152	
5	1.000924	-0.002247	-2.257446	0.002247	1.000924	-3.059937	
6	1.000943	-0.001734	-2.265503	0.001734	1.000943	-1.075134	
7	1.000289	-0.001271	-1.893555	0.001271	1.000289	0.645630	
8	1.000677	-0.000577	-2.378418	0.000577	1.000677	1.270508	
9	1.000738	0.000518	-2.645508	-0.000518	1.000738	1.562531	
10	1.000786	0.000853	-2.403442	-0.000853	1.000786	2.012238	
11	1.000770	0.001692	-2.884888	-0.001692	1.000770	2.077393	
12	1.000801	0.001935	-2.616333	-0.001935	1.000801	1.616608	
13	1.001124	0.002040	-2.568237	-0.002040	1.001124	1.512634	
14	1.000988	0.002378	-2.292358	-0.002378	1.000988	2.566742	
15	1.001001	0.002454	-2.295898	-0.002454	1.001001	3.421051	
16	1.001309	0.002418	-1.958740	-0.002418	1.001309	4.245941	
17	1.000725	0.002076	-1.140747	-0.002076	1.000725	4.896149	
18	1.000096	0.001388	-0.260864	-0.001388	1.000096	5.761871	
19	0.999992	0.001589	0.750732	-0.001589	0.999992	5.863251	
20	0.999961	0.001711	7.172363	-0.001711	0.999961	4.507111	
21	1.001840	0.001484	15.348145	-0.001484	1.001840	2.808197	
22	1.001034	0.000806	11.005981	-0.000806	1.001034	3.707123	
23	1.001883	0.002705	8.820190	-0.002705	1.001883	1.617188	
24	1.001569	0.003813	10.983582	-0.003813	1.001569	3.212738	
25	1.001026	0.003069	13.503418	-0.003069	1.001026	4.394943	
26	1.002408	0.001737	11.588135	-0.001737	1.002408	3.964264	
27	1.002744	0.001647	4.465210	-0.001647	1.002744	5.636536	
28	1.002162	0.001053	3.598633	-0.001053	1.002162	4.491913	
29	1.002780	-0.000023	6.554688	0.000023	1.002780	2.637482	
30	1.002681	-0.000727	4.532104	0.000727	1.002681	3.273438	
31	1.001855	-0.001088	4.432861	0.001088	1.001855	3.415100	
32	1.001618	-0.001063	4.543701	0.001063	1.001618	3.594604	
33	1.002125	-0.001255	3.555420	0.001255	1.002125	2.758392	
34	1.001920	-0.001648	3.002319	0.001648	1.001920	3.192230	
35	1.001559	-0.001512	2.816162	0.001512	1.001559	3.909454	
36	1.001863	-0.001380	1.957764	0.001380	1.001863	3.814667	
37	1.000997	-0.001061	1.946045	0.001061	1.000997	5.221771	
38	1.001127	-0.000597	1.053833	0.000597	1.001127	6.338623	
39	1.001049	-0.000892	-0.216309	0.000892	1.001049	4.517975	
40	1.000905	-0.001605	-0.427612	0.001605	1.000905	2.586853	
41	1.001033	-0.001572	-1.551270	0.001572	1.001033	3.496918	
42	1.000046	-0.001413	-1.436157	0.001413	1.000046	5.046417	
43	1.000721	-0.001082	-3.388184	0.001082	1.000721	0.988251	
44	1.000702	-0.000709	-3.920654	0.000709	1.000702	3.554779	
45	1.000266	-0.000514	-4.178345	0.000514	1.000266	5.543854	
46	1.000434	-0.000759	-4.896118	0.000759	1.000434	5.189819	
47	1.000524	0.000169	-5.782593	-0.000169	1.000524	5.714355	
48	0.999943	0.001222	-5.971924	-0.001222	0.999943	6.876465	
49	1.000517	0.001947	-6.918579	-0.001947	1.000517	7.667114	
50	1.001138	0.001821	-7.053833	-0.001821	1.001138	6.065277	
51	1.001328	0.002269	-6.694824	-0.002269	1.001328	5.101715	
52	1.001060	0.002908	-5.805542	-0.002908	1.001060	6.199036	
53	1.000919	0.002596	-4.966553	-0.002596	1.000919	4.926605	
54	1.001368	0.002625	-4.721313	-0.002625	1.001368	3.658875	
55	1.001015	0.002885	-4.070068	-0.002885	1.001015	4.717804	
56	1.001076	0.002790	-4.145874	-0.002790	1.001076	4.101288	
57	1.001552	0.002031	-3.616577	-0.002031	1.001552	2.099945	
58	1.001203	0.001747	-3.230103	-0.001747	1.001203	1.428070	
59	1.001206	0.000558	-2.841797	-0.000558	1.001206	0.861389	
60	1.001543	0.001003	-2.891113	-0.001003	1.001543	0.561401	
61	1.000821	0.001341	-0.689087	-0.001341	1.000821	-1.035858	
62	1.001116	-0.000138	0.126465	0.000138	1.001116	-3.725189	
63	1.001908	-0.000243	1.217651	0.000243	1.001908	-2.756378	
64	1.002388	-0.000612	1.286255	0.000612	1.002388	-4.711456	
65	1.002075	-0.000269	1.670654	0.000269	1.002075	-4.737396	
66	1.002183	-0.001054	1.571777	0.001054	1.002183	-5.620819	
67	1.002170	-0.001388	1.481812	0.001388	1.002170	-6.223785	
68	1.002381	-0.001010	1.508545	0.001010	1.002381	-5.955963	
69	1.002127	-0.000981	0.966553	0.000981	1.002127	-5.463806	
70	1.001805	-0.001036	-0.007690	0.001036	1.001805	-5.306183	
71	1.001705	-0.001355	-0.001465	0.001355	1.001705	-4.845673	
72	1.001426	-0.001490	-0.899414	0.001490	1.001426	-5.150970	
73	1.001542	-0.001203	-1.505859	0.001203	1.001542	-4.343475	
74	1.001243	-0.000663	-1.466431	0.000663	1.001243	-3.094635	
75	1.001388	-0.001127	-1.236206	0.001127	1.001388	-3.595612	
76	1.001511	-0.001217	-1.194702	0.001217	1.001511	-2.795837	
77	1.000725	-0.000437	-2.744141	0.000437	1.000725	-1.619598	
78	1.000994	-0.001315	-3.084717	0.001315	1.000994	-3.576508	
79	1.000859	-0.001152	-4.668457	0.001152	1.000859	-3.540466	
80	0.999988	-0.001685	-3.321167	0.001685	0.999988	-3.447052	
81	1.000871	-0.000600	-4.719604	0.000600	1.000871	-5.406555	
82	1.000073	-0.001010	-4.511841	0.001010	1.000073	-5.499664	
83	1.000004	-0.001829	-5.567139	0.001829	1.000004	-4.472656	
84	1.000820	-0.002048	-7.389404	0.002048	1.000820	-5.676849	
85	1.000942	-0.001496	-8.322266	0.001496	1.000942	-6.126038	
86	1.000034	-0.000608	-7.324097	0.000608	1.000034	-4.369049	
87	1.001369	0.000129	-9.774658	-0.000129	1.001369	-4.092621	
88	1.000980	0.000270	-8.303467	-0.000270	1.000980	-4.387482	
89	1.000836	0.001241	-6.714844	-0.001241	1.000836	-3.042816	
90	1.000062	0.001418	-5.812866	-0.001418	1.000062	-2.743652	
91	1.000828	0.001269	-6.027710	-0.001269	1.000828	-2.363861	
92	1.001080	0.000598	-5.201172	-0.000598	1.001080	-2.628326	
93	1.001357	0.000635	-5.024902	-0.000635	1.001357	-1.215820	
94	1.001292	0.000499	-4.465698	-0.000499	1.001292	-0.345795	
95	1.001043	0.000818	-4.031494	-0.000818	1.001043	0.355621	
96	1.001172	0.000576	-2.362305	-0.000576	1.001172	-1.223053	
97	1.001667	-0.000626	-0.777710	0.000626	1.001667	-0.817841	
98	1.001312	-0.000292	-0.091919	0.000292	1.001312	-0.414276	
99	1.001005	0.000016	0.561523	-0.000016	1.001005	-1.029449	
100	1.001232	0.000046	1.135864	-0.000046	1.001232	-2.457153	
101	1.000872	0.000371	3.271973	-0.000371	1.000872	-1.548187	
102	1.000903	0.000599	6.806396	-0.000599	1.000903	-2.077301	
103	1.002014	0.000154	11.733826	-0.000154	1.002014	-2.704895	
104	1.002357	0.000327	8.715942	-0.000327	1.002357	-1.383636	
105	1.002439	0.000350	5.764648	-0.000350	1.002439	-3.255188	
106	1.002755	0.000197	4.373047	-0.000197	1.002755	-2.369781	
107	1.002158	-0.000116	4.407593	0.000116	1.002158	-1.861145	
108	1.001985	-0.000118	3.194092	0.000118	1.001985	-1.873138	
109	1.002032	-0.000043	1.908569	0.000043	1.002032	-1.999390	
110	1.001956	-0.000633	2.033569	0.000633	1.001956	-2.424103	
111	1.001783	0.000078	1.272827	-0.000078	1.001783	-1.629150	
112	1.001658	-0.000138	1.597656	0.000138	1.001658	-1.706116	
113	1.001579	-0.000175	2.153687	0.000175	1.001579	-1.373657	
114	1.001599	0.000187	1.697388	-0.000187	1.001599	-0.709564	
115	1.001902	-0.000368	1.822510	0.000368	1.001902	-1.280487	
116	1.002312	-0.001024	0.372070	0.001024	1.002312	-3.584167	
117	1.000897	-0.000561	0.746460	0.000561	1.000897	-0.388916	
118	1.001235	-0.000916	0.000854	0.000916	1.001235	-0.446594	
119	1.001510	-0.001143	-1.228394	0.001143	1.001510	-2.090057	
120	1.001187	-0.001459	-1.799194	0.001459	1.001187	-2.423859	
121	1.000998	-0.001778	-2.233276	0.001778	1.000998	-3.021942	
122	1.000823	-0.000916	-2.883179	0.000916	1.000823	-0.579132	
123	1.000300	-0.001900	-2.899048	0.001900	1.000300	-1.451782	
124	1.000887	-0.001318	-4.973877	0.001318	1.000887	-1.580750	
125	1.000674	-0.000030	-5.131592	0.000030	1.000674	0.465179	
126	1.001023	0.000119	-4.855469	-0.000119	1.001023	1.255768	
127	1.000558	0.000413	-4.269897	-0.000413	1.000558	0.880066	
128	1.000694	0.000979	-2.852661	-0.000979	1.000694	1.066376	
129	1.001090	0.001108	-2.428101	-0.001108	1.001090	0.916992	
130	1.000895	0.001380	-2.286621	-0.001380	1.000895	1.020569	
131	1.001179	0.001682	-2.225708	-0.001682	1.001179	1.319122	
132	1.001345	0.000926	-1.967041	-0.000926	1.001345	1.120178	
133	1.001287	0.000730	-1.894409	-0.000730	1.001287	1.923462	
134	1.001150	0.001462	-1.663208	-0.001462	1.001150	2.766418	
135	1.002212	0.001697	-1.814209	-0.001697	1.002212	1.875641	
136	1.001804	0.000759	-0.601074	-0.000759	1.001804	0.607361	
137	1.001536	0.000664	1.216064	-0.000664	1.001536	2.896423	
138	1.001258	0.001219	0.518311	-0.001219	1.001258	-0.031647	
139	1.002073	0.001358	0.925049	-0.001358	1.002073	-0.069946	
140	1.001921	0.000090	1.331299	-0.000090	1.001921	-0.370361	
141	1.001509	0.000046	2.782959	-0.000046	1.001509	-0.069305	
142	1.001782	0.000736	3.043701	-0.000736	1.001782	1.232239	
143	1.001443	0.000446	3.715210	-0.000446	1.001443	-0.049652	
144	1.002054	-0.000623	3.620972	0.000623	1.002054	-1.557770	
145	1.001935	-0.000450	3.472900	0.000450	1.001935	-0.253601	
146	1.002054	0.000090	2.403687	-0.000090	1.002054	0.598694	
147	1.001414	-0.000045	1.791748	0.000045	1.001414	0.918365	
148	1.001466	-0.000456	1.144531	0.000456	1.001466	0.930847	
149	1.001498	-0.000683	0.508179	0.000683	1.001498	0.631958	
150	1.000959	-0.000095	0.069824	0.000095	1.000959	1.578583	
151	1.001200	-0.000151	-0.317017	0.000151	1.001200	0.486084	
152	1.000997	-0.000452	0.199707	0.000452	1.000997	0.479370	
153	1.001037	0.000108	-0.646729	-0.000108	1.001037	0.600342	
154	1.001082	-0.000601	-2.006714	0.000601	1.001082	-2.502106	
155	1.001378	-0.000779	-2.395874	0.000779	1.001378	-0.854401	
156	1.000265	-0.001166	-1.682983	0.001166	1.000265	0.657227	
157	1.001015	-0.001190	-3.887207	0.001190	1.001015	-2.680145	
158	1.000836	-0.001398	-4.203003	0.001398	1.000836	-2.943298	
159	1.000664	-0.001278	-4.744751	0.001278	1.000664	-2.241791	
160	0.999874	-0.001084	-3.901123	0.001084	0.999874	-0.209686	
161	1.000893	-0.001601	-5.824707	0.001601	1.000893	-2.318451	
162	1.001018	-0.000680	-7.402588	0.000680	1.001018	-2.314972	
163	1.001193	0.000112	-7.346924	-0.000112	1.001193	-1.298279	
164	1.001111	-0.000047	-6.805786	0.000047	1.001111	-1.445679	
165	1.001300	0.000449	-6.016968	-0.000449	1.001300	-1.306366	
166	1.001331	0.000605	-5.493164	-0.000605	1.001331	-0.847565	
167	1.001320	0.000662	-5.445435	-0.000662	1.001320	-0.642334	
168	1.001421	0.000661	-5.206787	-0.000661	1.001421	-0.643005	
169	1.001381	0.001024	-4.483765	-0.001024	1.001381	-0.100220	
170	1.001521	0.001660	-3.955811	-0.001660	1.001521	0.696808	
171	1.001432	0.001447	-3.767456	-0.001447	1.001432	0.903564	
172	1.001624	0.001681	-4.401489	-0.001681	1.001624	-0.016998	
173	1.001415	0.001516	-2.292114	-0.001516	1.001415	0.441742	
174	1.001487	0.001046	-1.479492	-0.001046	1.001487	0.234314	
175	1.001495	0.001498	-0.145386	-0.001498	1.001495	3.032990	
176	1.001586	0.001944	-1.200806	-0.001944	1.001586	-0.760956	
177	1.001694	0.001193	0.220215	-0.001193	1.001694	0.588348	
178	1.001611	0.000756	0.387085	-0.000756	1.001611	-0.370911	
179	1.001647	0.001070	1.472168	-0.001070	1.001647	0.753784	
180	1.001655	0.001845	1.734497	-0.001845	1.001655	1.475616	
181	1.001897	0.001041	1.807983	-0.001041	1.001897	-0.322906	
182	1.001724	0.000526	2.429565	-0.000526	1.001724	-0.232697	
183	1.001715	-0.000118	3.324219	0.000118	1.001715	-0.784027	
184	1.001584	0.000180	2.608459	-0.000180	1.001584	-0.701691	
185	1.001881	-0.000088	2.537109	0.000088	1.001881	-1.050293	
186	1.001892	-0.000438	1.625000	0.000438	1.001892	-1.436584	
187	1.001735	-0.000269	0.325439	0.000269	1.001735	-1.587860	
188	1.001729	-0.000596	-0.306030	0.000596	1.001729	-1.346924	
189	1.001757	-0.001495	-0.805298	0.001495	1.001757	-2.119812	
190	1.001786	-0.000914	-1.087952	0.000914	1.001786	-0.048523	
191	1.001496	-0.000959	-1.826233	0.000959	1.001496	1.302399	
192	1.001642	-0.001494	-3.499329	0.001494	1.001642	-0.552643	
193	1.001671	-0.001155	-4.222046	0.001155	1.001671	0.654358	
194	0.999989	-0.000828	-2.402710	0.000828	0.999989	2.785736	
195	1.002071	-0.001149	-5.991272	0.001149	1.002071	-0.781891	
196	1.002404	-0.001012	-6.163086	0.001012	1.002404	-2.306458	
197	1.001555	-0.001127	-5.684570	0.001127	1.001555	0.529938	
198	1.000274	-0.001562	-4.027100	0.001562	1.000274	0.309052	
199	1.000432	-0.001424	-5.005005	0.001424	1.000432	0.629608	
200	1.001399	-0.001061	-7.370117	0.001061	1.001399	0.206482	
201	1.001899	-0.000338	-7.059082	0.000338	1.001899	0.686646	
202	1.002119	0.000511	-6.548096	-0.000511	1.002119	1.143250	
203	1.001527	0.000199	-4.608337	-0.000199	1.001527	0.951508	
204	1.000753	0.000553	-3.002808	-0.000553	1.000753	0.828827	
205	1.001704	0.000178	-3.440674	-0.000178	1.001704	0.149658	
206	1.001655	-0.000117	-2.951050	0.000117	1.001655	-0.504486	
207	1.001790	-0.000110	-3.153809	0.000110	1.001790	-1.005310	
208	1.001678	0.000131	-2.734253	-0.000131	1.001678	-0.024231	
209	1.001643	-0.000194	-2.921570	0.000194	1.001643	0.224640	
210	1.001781	-0.000257	-2.998047	0.000257	1.001781	-0.351715	
211	1.001836	-0.000560	-2.409058	0.000560	1.001836	-1.101807	
212	1.002091	-0.001650	-2.806152	0.001650	1.002091	-1.430115	
213	1.001200	-0.000684	-0.871460	0.000684	1.001200	2.539886	
214	1.001461	-0.000015	0.054321	0.000015	1.001461	-2.787933	
215	1.001835	-0.000921	1.662842	0.000921	1.001835	-1.059143	
216	1.002240	-0.000763	1.473999	0.000763	1.002240	-1.438019	
217	1.001935	-0.000521	2.796875	0.000521	1.001935	-0.525909	
218	1.001814	-0.000279	3.699585	0.000279	1.001814	0.141144	
219	1.002141	-0.000237	3.082275	0.000237	1.002141	-0.846130	
220	1.001546	-0.000697	4.238892	0.000697	1.001546	-0.953247	
221	1.002110	-0.000706	3.994629	0.000706	1.002110	-0.823822	
222	1.001732	-0.000003	3.633667	0.000003	1.001732	-0.684082	
223	1.001709	-0.000487	3.548096	0.000487	1.001709	-0.770416	
224	1.001739	-0.001334	3.252441	0.001334	1.001739	-1.995392	
225	1.001795	-0.001343	2.017456	0.001343	1.001795	-1.976868	
226	1.001610	-0.001130	1.350464	0.001130	1.001610	-1.297852	
227	1.001895	-0.001315	-0.487061	0.001315	1.001895	-2.215942	
228	1.001683	-0.000853	-0.148682	0.000853	1.001683	-0.597412	
229	1.001670	-0.001021	-0.176147	0.001021	1.001670	-0.183685	
230	1.001438	-0.001680	-1.162598	0.001680	1.001438	-1.684357	
231	1.001212	-0.001454	-2.312134	0.001454	1.001212	-0.616425	
232	1.001240	-0.001905	-3.435791	0.001905	1.001240	-0.138702	
233	0.999522	-0.001583	-1.625610	0.001583	0.999522	-0.441742	
234	1.000903	-0.001205	-2.622437	0.001205	1.000903	-2.095764	
235	1.001566	-0.001429	-3.024536	0.001429	1.001566	-1.274170	
236	1.001580	-0.001715	-3.324829	0.001715	1.001580	-1.370300	
237	1.001346	-0.000864	-3.940918	0.000864	1.001346	-0.310730	
238	1.000214	-0.000590	-3.232544	0.000590	1.000214	0.347382	
239	1.000500	-0.001290	-4.162109	0.001290	1.000500	-0.311340	
240	1.001634	-0.000829	-6.314819	0.000829	1.001634	-0.439667	
241	1.000060	-0.000163	-4.927734	0.000163	1.000060	0.254303	
242	0.999517	0.000494	-4.305664	-0.000494	0.999517	1.268951	
243	0.999334	0.001035	-4.419800	-0.001035	0.999334	2.148895	
244	1.000227	-0.000212	-5.693604	0.000212	1.000227	0.211823	
245	1.000620	0.000185	-5.705566	-0.000185	1.000620	0.276367	
246	1.000513	-0.000106	-5.678101	0.000106	1.000513	0.740143	
247	1.001228	0.001035	-7.073242	-0.001035	1.001228	3.362183	
248	0.999362	0.001878	-3.738281	-0.001878	0.999362	4.566559	
249	1.000440	0.002680	-2.991821	-0.002680	1.000440	3.754669	
250	1.000849	0.001813	-2.846436	-0.001813	1.000849	4.461243	
251	1.000745	0.002346	-2.895996	-0.002346	1.000745	4.562195	
252	1.001986	0.001722	-3.780151	-0.001722	1.001986	-0.336426	
253	1.001218	0.002393	-1.336060	-0.002393	1.001218	3.426086	
254	1.002229	0.002207	-1.837402	-0.002207	1.002229	1.623505	
255	1.001866	0.001836	0.201050	-0.001836	1.001866	2.305573	
256	1.001302	0.002023	0.982056	-0.002023	1.001302	2.111145	
257	1.001871	0.000950	0.750977	-0.000950	1.001871	-0.341187	
258	1.002241	-0.000270	0.591309	0.000270	1.002241	-1.021210	
259	1.001696	-0.000528	0.838501	0.000528	1.001696	-0.929810	
260	1.001778	-0.000170	-0.035156	0.000170	1.001778	-1.050140	
261	1.001411	-0.000308	0.289551	0.000308	1.001411	-0.936859	
262	1.001463	-0.001098	0.135132	0.001098	1.001463	-2.823914	
263	1.001415	-0.001245	0.427612	0.001245	1.001415	-2.985443	
264	1.001314	-0.000620	-0.765137	0.000620	1.001314	-3.597900	
265	1.001307	-0.001478	-0.058594	0.001478	1.001307	-3.698486	
266	1.001298	-0.000939	-0.522705	0.000939	1.001298	-3.194580	
267	1.001413	-0.000974	-0.759521	0.000974	1.001413	-2.629852	
268	1.001342	-0.001307	-1.803467	0.001307	1.001342	-4.186707	
269	1.001258	-0.001597	-2.205566	0.001597	1.001258	-4.694397	
270	1.000448	-0.001370	-1.175659	0.001370	1.000448	-3.339264	
271	1.000672	-0.001996	-3.543945	0.001996	1.000672	-7.109985	
272	1.001239	-0.002517	-4.401733	0.002517	1.001239	-7.748718	
273	1.001030	-0.002257	-5.083862	0.002257	1.001030	-7.921112	
274	1.000891	-0.003113	-5.125854	0.003113	1.000891	-8.694275	
275	1.000168	-0.001699	-4.551514	0.001699	1.000168	-7.107788	
276	1.001073	-0.002057	-6.101196	0.002057	1.001073	-8.756378	
277	1.000571	-0.000934	-5.396240	0.000934	1.000571	-7.184509	
278	1.000593	-0.001791	-3.727539	0.001791	1.000593	-9.763000	
279	1.001528	-0.000936	-3.377563	0.000936	1.001528	-9.026245	
280	1.001256	-0.000579	-2.661133	0.000579	1.001256	-8.104370	
281	1.002008	-0.001212	-2.962280	0.001212	1.002008	-9.728699	
282	1.002156	-0.001168	-1.654053	0.001168	1.002156	-9.526611	
283	1.001774	-0.000674	-0.537842	0.000674	1.001774	-8.602142	
284	1.002192	-0.000360	-0.407715	0.000360	1.002192	-8.702972	
285	1.002302	-0.000501	-0.001831	0.000501	1.002302	-7.925995	
286	1.002808	-0.000620	0.459595	0.000620	1.002808	-9.333893	
287	1.003221	-0.000826	1.158081	0.000826	1.003221	-9.196594	
288	1.003491	0.000027	1.695068	-0.000027	1.003491	-6.340668	
289	1.002757	0.000695	2.359497	-0.000695	1.002757	-4.627991	
290	1.003128	-0.000046	2.421631	0.000046	1.003128	-7.761230	
291	1.002497	-0.000169	3.241455	0.000169	1.002497	-4.372177	
292	1.002147	-0.000723	4.482544	0.000723	1.002147	-4.141296	
293	1.004114	0.000367	4.207153	-0.000367	1.004114	-2.044907	
294	1.002568	0.000410	6.092651	-0.000410	1.002568	0.039368	
295	1.002480	-0.000302	5.076050	0.000302	1.002480	-1.594299	
296	1.002862	-0.000698	4.609253	0.000698	1.002862	-1.271027	
297	1.002345	-0.000640	4.046265	0.000640	1.002345	-0.873352	
298	1.002398	-0.000711	3.489380	0.000711	1.002398	-1.077759	
299	1.002845	0.000120	1.998169	-0.000120	1.002845	-0.177673	
300	1.002306	0.000422	1.498535	-0.000422	1.002306	0.378052	
301	1.001691	0.000707	0.802856	-0.000707	1.001691	0.900146	
302	1.000857	0.000636	0.054077	-0.000636	1.000857	0.871613	
303	1.001494	0.000623	-0.798096	-0.000623	1.001494	1.197021	
304	1.001033	0.000647	-1.328613	-0.000647	1.001033	2.150742	
305	1.000836	0.000885	-2.116211	-0.000885	1.000836	1.605545	
306	1.000508	0.000725	-2.415161	-0.000725	1.000508	0.002625	
307	1.000930	0.001062	-2.632080	-0.001062	1.000930	2.221466	
308	0.999688	-0.000761	-2.206421	0.000761	0.999688	1.832245	
309	1.001296	-0.000870	-2.915894	0.000870	1.001296	-4.276642	
310	1.000479	-0.001063	-1.355713	0.001063	1.000479	-3.167328	
311	1.001167	-0.000830	-1.878906	0.000830	1.001167	-2.001129	
312	1.000734	-0.001072	-2.041992	0.001072	1.000734	-1.589569	
313	1.000677	-0.000905	-2.985474	0.000905	1.000677	-2.216370	
314	1.000844	-0.000037	-3.687622	0.000037	1.000844	-1.411591	
315	1.000404	0.000498	-3.678711	-0.000498	1.000404	-0.545197	
316	1.000534	0.000716	-4.157349	-0.000716	1.000534	-1.158295	
317	1.000823	0.000804	-4.306763	-0.000804	1.000823	-0.904694	
318	1.000614	0.001190	-4.163208	-0.001190	1.000614	-0.415588	
319	1.000654	0.000255	-3.478638	-0.000255	1.000654	-1.162384	
320	1.000858	0.000160	-3.870361	-0.000160	1.000858	-1.630524	
321	1.000792	0.000315	-3.681519	-0.000315	1.000792	-1.244263	
322	1.001344	0.000312	-4.270752	-0.000312	1.001344	-0.849060	
323	1.000937	0.000763	-3.271362	-0.000763	1.000937	1.338058	
324	1.000981	0.001335	-2.811401	-0.001335	1.000981	0.551971	
325	1.001314	0.000918	-2.403931	-0.000918	1.001314	0.449020	
326	1.001529	0.000293	-1.270874	-0.000293	1.001529	2.469543	
327	1.001505	0.000953	-2.552979	-0.000953	1.001505	-1.136993	
328	1.001956	0.001082	-0.881714	-0.001082	1.001956	-0.123703	
329	1.001822	0.000344	-0.113281	-0.000344	1.001822	0.227036	
330	1.001649	0.000487	0.810547	-0.000487	1.001649	2.060318	
331	1.001768	0.000467	0.262329	-0.000467	1.001768	2.967926	
332	1.001927	0.000066	-0.639954	-0.000066	1.001927	1.627960	
333	1.001661	-0.000280	-1.063843	0.000280	1.001661	2.272888	
334	1.001776	-0.000581	-1.196228	0.000581	1.001776	2.213593	
335	1.001675	-0.000519	-2.369812	0.000519	1.001675	2.252655	
336	1.002129	-0.000915	-3.270203	0.000915	1.002129	1.987305	
337	1.000826	-0.000550	-3.091064	0.000550	1.000826	2.125732	
338	1.000897	-0.000284	-3.438538	0.000284	1.000897	1.109924	
339	1.000986	-0.000624	-2.701538	0.000624	1.000986	-0.378448	
340	1.002218	-0.000199	-4.004944	0.000199	1.002218	-1.594727	
341	1.001747	-0.000302	-3.805481	0.000302	1.001747	-1.254517	
342	1.001344	-0.000558	-4.852112	0.000558	1.001344	-0.986053	
343	1.002455	-0.000725	-5.581055	0.000725	1.002455	-2.632172	
344	1.003170	-0.000535	-6.642822	0.000535	1.003170	-3.535156	
345	1.002436	-0.000480	-6.591309	0.000480	1.002436	-1.536835	
346	1.003037	-0.002599	-7.658325	0.002599	1.003037	-2.357605	
347	1.004952	-0.000513	-8.732239	0.000513	1.004952	-5.898895	
348	1.001130	-0.001569	-5.219055	0.001569	1.001130	-4.202332	
349	1.000977	-0.001783	-4.890625	0.001783	1.000977	-3.340454	
350	1.000803	-0.001918	-4.644165	0.001918	1.000803	-1.831146	
351	1.000385	-0.001825	-4.987183	0.001825	1.000385	-2.401245	
352	1.000197	-0.001419	-4.894043	0.001419	1.000197	-2.888870	
353	0.999401	-0.000407	-4.707031	0.000407	0.999401	-0.120926	
354	1.001105	-0.000632	-7.947632	0.000632	1.001105	-1.798126	
355	1.000752	0.000140	-8.347412	-0.000140	1.000752	-0.945480	
356	1.001082	0.000028	-8.972290	-0.000028	1.001082	-0.574539	
357	1.001205	0.000316	-9.820557	-0.000316	1.001205	-0.583694	
358	1.001323	0.000449	-9.757446	-0.000449	1.001323	-0.606506	
359	0.999938	0.000976	-9.033325	-0.000976	0.999938	1.002777	
360	1.001876	0.000531	-11.318909	-0.000531	1.001876	0.341705	
361	1.001214	0.001196	-10.655884	-0.001196	1.001214	2.639847	
362	1.001379	0.001052	-9.207764	-0.001052	1.001379	0.575348	
363	1.002147	0.002318	-7.726257	-0.002318	1.002147	1.031555	
364	1.001854	0.002303	-5.774658	-0.002303	1.001854	3.436066	
365	1.001486	0.001922	-6.717102	-0.001922	1.001486	2.570374	
366	1.001435	0.002818	-3.873047	-0.002818	1.001435	-0.673752	
367	1.001302	0.002322	-2.425781	-0.002322	1.001302	1.181885	
368	1.001887	0.002015	-2.247559	-0.002015	1.001887	1.030411	
369	1.001722	0.002545	-1.118103	-0.002545	1.001722	2.804214	
370	1.001689	0.002031	-0.508301	-0.002031	1.001689	2.800995	
371	1.002326	0.001758	-0.674438	-0.001758	1.002326	2.168854	
372	1.001546	0.000790	0.572388	-0.000790	1.001546	2.692993	
373	1.001724	0.000232	0.223511	-0.000232	1.001724	2.623352	
374	1.001587	0.000062	0.457397	-0.000062	1.001587	2.291565	
375	1.001624	-0.000717	0.327759	0.000717	1.001624	2.108673	
376	1.001302	-0.001833	1.614502	0.001833	1.001302	1.224976	
377	1.001159	-0.001897	1.712524	0.001897	1.001159	1.137909	
378	1.001096	-0.001932	1.237549	0.001932	1.001096	0.174744	
379	1.001678	-0.002535	0.141357	0.002535	1.001678	-1.056702	
380	1.001647	-0.002408	-0.926392	0.002408	1.001647	-0.898193	
381	1.001003	-0.002063	-0.235107	0.002063	1.001003	-0.306976	
382	1.001446	-0.002725	-1.224976	0.002725	1.001446	-3.882446	
383	1.001553	-0.002589	-1.861572	0.002589	1.001553	-3.012177	
384	1.001343	-0.003086	-0.340576	0.003086	1.001343	-0.910553	
385	1.000917	-0.007728	1.601562	0.007728	1.000917	-8.200012	
386	1.001565	-0.004546	-1.021484	0.004546	1.001565	-6.031311	
387	1.001541	-0.003218	-1.871216	0.003218	1.001541	-4.845245	
388	1.001440	-0.002647	-1.712280	0.002647	1.001440	-2.903870	
389	1.001540	-0.002484	-1.915283	0.002484	1.001540	-2.380676	
390	1.001570	-0.001693	-2.363892	0.001693	1.001570	-2.785034	
391	1.001831	-0.000199	-3.352051	0.000199	1.001831	-1.773438	
392	1.001560	-0.000716	-2.841919	0.000716	1.001560	-1.076508	
393	1.001559	0.000024	-3.337158	-0.000024	1.001559	-1.461578	
394	1.001235	0.000323	-2.918579	-0.000323	1.001235	-0.454193	
395	1.001549	0.000438	-3.336792	-0.000438	1.001549	-0.404999	
396	1.001450	0.000244	-2.709717	-0.000244	1.001450	-0.531158	
397	1.001678	-0.000010	-3.171631	0.000010	1.001678	-1.503418	
398	1.001947	0.000425	-3.928955	-0.000425	1.001947	-0.469238	
399	1.001137	0.000454	-3.042480	-0.000454	1.001137	0.386719	
400	1.001384	-0.000108	-2.380737	0.000108	1.001384	-0.266876	
401	1.001358	0.000778	-1.169434	-0.000778	1.001358	-1.168106	
402	1.001537	0.000628	-0.278198	-0.000628	1.001537	0.852966	
403	1.002044	0.000049	-0.152100	-0.000049	1.002044	1.317078	
404	1.001519	0.001006	0.143921	-0.001006	1.001519	0.972717	
405	1.002356	0.001255	-0.054565	-0.001255	1.002356	-0.587433	
406	1.000939	0.000510	1.891113	-0.000510	1.000939	0.165924	
407	1.000997	0.000460	2.235840	-0.000460	1.000997	0.726990	
408	1.001297	0.000408	3.574219	-0.000408	1.001297	1.160095	
409	1.002165	0.000381	3.744141	-0.000381	1.002165	0.686798	
410	1.004096	-0.000633	2.201172	0.000633	1.004096	-2.394073	
411	1.002667	-0.001165	4.186157	0.001165	1.002667	-2.267853	
412	1.002990	-0.001544	3.442749	0.001544	1.002990	-2.447083	
413	1.002020	-0.000523	3.820679	0.000523	1.002020	-1.455841	
414	1.002761	-0.000771	2.346436	0.000771	1.002761	-1.654144	
415	1.002845	-0.000777	1.251709	0.000777	1.002845	-2.158569	
416	1.002244	-0.000372	1.161865	0.000372	1.002244	-0.978912	
417	1.002174	-0.000170	-0.513428	0.000170	1.002174	-1.775269	
418	1.001416	-0.000671	-0.668091	0.000671	1.001416	-1.420105	
419	1.001335	-0.000172	-0.906372	0.000172	1.001335	-0.046387	
420	1.000793	-0.000118	-0.792603	0.000118	1.000793	-1.328369	
421	1.002503	0.000975	-4.513062	-0.000975	1.002503	-0.865631	
422	1.001221	-0.000318	-2.884033	0.000318	1.001221	-1.006317	
423	1.001235	-0.001206	-2.934570	0.001206	1.001235	-1.062927	
424	1.000735	-0.001124	-3.555786	0.001124	1.000735	-4.251114	
425	1.001331	-0.000659	-4.093628	0.000659	1.001331	-3.814758	
426	1.000904	0.000095	-3.518921	-0.000095	1.000904	-0.544479	
427	1.000662	0.000233	-3.865723	-0.000233	1.000662	0.189865	
428	1.001101	0.000366	-5.297974	-0.000366	1.001101	0.031769	
429	1.000641	0.001205	-5.649658	-0.001205	1.000641	-0.189545	
430	1.000572	0.001525	-5.903198	-0.001525	1.000572	0.672989	
431	1.000933	0.001638	-5.083862	-0.001638	1.000933	1.291565	
432	1.000453	0.001871	-3.530762	-0.001871	1.000453	0.738434	
433	1.001007	0.001311	-2.832275	-0.001311	1.001007	-0.749664	
434	1.001350	0.001637	-2.921265	-0.001637	1.001350	-0.344604	
435	1.001154	0.000907	-2.449097	-0.000907	1.001154	-1.649872	
436	1.001670	0.000701	-2.370239	-0.000701	1.001670	-2.205215	
437	1.000735	0.000688	-1.615723	-0.000688	1.000735	0.186829	
438	1.001622	0.000743	-3.114136	-0.000743	1.001622	0.153687	
439	1.001195	0.001283	-2.518433	-0.001283	1.001195	-0.734787	
440	1.000992	0.001236	-0.503540	-0.001236	1.000992	0.328201	
441	1.000567	0.001229	0.977783	-0.001229	1.000567	1.322723	
442	1.002123	0.001537	0.205566	-0.001537	1.002123	0.928436	
443	1.001659	0.001949	1.343262	-0.001949	1.001659	-1.654694	
444	1.002064	0.001944	2.024292	-0.001944	1.002064	-0.014084	
445	1.002110	0.001225	2.803345	-0.001225	1.002110	-0.243408	
446	1.002099	0.000281	3.552856	-0.000281	1.002099	-0.375610	
447	1.001679	0.000228	4.914490	-0.000228	1.001679	1.083221	
448	1.001564	0.000001	5.284241	-0.000001	1.001564	0.403946	
449	1.002087	-0.001044	4.389465	0.001044	1.002087	-1.692078	
450	1.002009	-0.001778	4.879333	0.001778	1.002009	-1.694275	
451	1.002113	-0.001472	5.242065	0.001472	1.002113	-1.163391	
452	1.002112	-0.001798	5.796082	0.001798	1.002112	-2.066559	
453	1.001709	-0.002265	6.739563	0.002265	1.001709	-2.675964	
454	1.002577	-0.002318	5.806519	0.002318	1.002577	-3.496002	
455	1.002031	-0.001697	5.547058	0.001697	1.002031	-2.668182	
456	1.002196	-0.001628	5.334717	0.001628	1.002196	-2.837097	
457	1.002300	-0.002142	4.725403	0.002142	1.002300	-3.183441	
458	1.002448	-0.000738	3.899536	0.000738	1.002448	-1.915649	
459	1.001274	0.000167	4.251099	-0.000167	1.001274	-1.857971	
460	1.002486	-0.000789	1.487549	0.000789	1.002486	-3.267090	
461	1.001915	-0.000458	1.814453	0.000458	1.001915	-1.186371	
462	1.001591	-0.000640	0.994629	0.000640	1.001591	-2.756912	
463	1.002168	-0.000802	-1.711609	0.000802	1.002168	-5.814667	
464	1.001603	-0.001100	-2.331055	0.001100	1.001603	-4.984695	
465	1.001538	-0.000797	-3.497559	0.000797	1.001538	-3.968613	
466	1.001528	-0.000237	-3.659302	0.000237	1.001528	-1.651672	
467	1.001521	-0.000567	-5.142517	0.000567	1.001521	-2.046860	
468	1.001513	-0.000099	-6.068481	0.000099	1.001513	-2.031403	
469	1.001032	0.000252	-5.655762	-0.000252	1.001032	-1.089432	
470	1.001080	0.000453	-6.034546	-0.000453	1.001080	-0.408035	
471	1.001240	0.000700	-6.267761	-0.000700	1.001240	-1.043625	
472	1.000608	0.000976	-4.624268	-0.000976	1.000608	0.422302	
473	1.001080	0.001058	-5.491089	-0.001058	1.001080	0.326065	
474	1.001189	0.000941	-5.105225	-0.000941	1.001189	-0.833069	
475	1.001398	0.001001	-4.418457	-0.001001	1.001398	0.148071	
476	1.000432	0.001055	-1.690186	-0.001055	1.000432	1.914642	
477	1.001048	0.000540	-2.232300	-0.000540	1.001048	2.784561	
478	1.001227	0.000522	-1.659180	-0.000522	1.001227	0.825821	
479	1.001474	0.000997	-1.798340	-0.000997	1.001474	1.300156	
480	1.001276	0.000515	-0.516968	-0.000515	1.001276	2.390884	
481	1.000612	0.001257	1.540039	-0.001257	1.000612	3.449097	
482	1.001051	0.001189	1.401367	-0.001189	1.001051	-1.105103	
483	1.000852	0.000644	2.683838	-0.000644	1.000852	-0.348740	
484	1.001932	0.000098	2.772583	-0.000098	1.001932	0.704697	
485	1.001606	-0.000457	4.573975	0.000457	1.001606	1.074585	
486	1.002984	-0.000701	4.364990	0.000701	1.002984	2.873199	
487	0.999987	-0.003651	8.142883	0.003651	0.999987	0.514664	
488	1.001860	-0.003775	5.813232	0.003775	1.001860	-1.377228	
489	1.001879	-0.002513	4.458374	0.002513	1.001879	0.612701	
490	1.001945	-0.002523	2.666626	0.002523	1.001945	0.537903	
491	1.001017	-0.002450	2.611816	0.002450	1.001017	0.767822	
492	1.001598	-0.002081	0.447998	0.002081	1.001598	0.922455	
493	1.001062	-0.001619	0.832031	0.001619	1.001062	0.895844	
494	1.000925	-0.001076	-0.520264	0.001076	1.000925	0.987152	
495	1.001078	-0.000802	-1.384644	0.000802	1.001078	0.220703	
496	1.001174	-0.000219	-2.292603	0.000219	1.001174	0.252625	
497	1.000431	0.000210	-1.720825	-0.000210	1.000431	0.993958	
498	1.001151	0.000400	-3.423218	-0.000400	1.001151	-0.163849	
499	1.001326	0.000530	-4.339478	-0.000530	1.001326	0.094299	
500	1.000724	0.000685	-3.557251	-0.000685	1.000724	0.611145	
501	1.000980	0.001303	-4.327393	-0.001303	1.000980	0.491699	
502	1.001820	0.000101	-6.938782	-0.000101	1.001820	-2.640930	
503	1.001611	0.000611	-6.595459	-0.000611	1.001611	-3.390640	
504	1.001052	0.000789	-5.458496	-0.000789	1.001052	-2.323212	
505	1.000948	0.001688	-5.464966	-0.001688	1.000948	-0.930573	
506	1.000278	0.002198	-5.152100	-0.002198	1.000278	1.260635	
507	1.001569	0.002488	-8.497131	-0.002488	1.001569	0.575317	
508	1.001687	0.001604	-9.670654	-0.001604	1.001687	-0.619278	
509	1.004080	0.004016	-11.508972	-0.004016	1.004080	1.377136	
510	1.001568	0.003517	-10.712036	-0.003517	1.001568	1.129715	
511	1.003699	0.003393	-10.145691	-0.003393	1.003699	-0.043396	
512	1.000535	0.002742	-6.526855	-0.002742	1.000535	0.280136	
513	0.999887	0.002667	-4.900269	-0.002667	0.999887	-0.184799	
514	1.001179	0.002119	-5.588501	-0.002119	1.001179	-0.929459	
515	1.001235	0.002110	-5.634277	-0.002110	1.001235	-1.106003	
516	1.000974	0.001857	-3.340332	-0.001857	1.000974	0.831421	
517	1.000564	0.001738	-2.221313	-0.001738	1.000564	0.619308	
518	1.000893	0.001877	-2.354004	-0.001877	1.000893	-0.566803	
519	1.001557	0.001115	-2.520386	-0.001115	1.001557	-1.159225	
520	1.001283	0.002055	0.415527	-0.002055	1.001283	2.009674	
521	1.001949	0.002053	-1.107666	-0.002053	1.001949	-2.288361	
522	1.001775	0.001099	0.770020	-0.001099	1.001775	-3.556412	
523	1.001869	0.000596	0.967773	-0.000596	1.001869	-1.188828	
524	1.002243	0.000912	1.610840	-0.000912	1.002243	-0.740982	
525	1.002208	0.000665	2.743896	-0.000665	1.002208	0.805878	
526	1.001993	0.000547	3.195801	-0.000547	1.001993	0.375854	
527	1.001538	-0.000207	3.662659	0.000207	1.001538	0.086060	
528	1.001706	-0.000628	4.013184	0.000628	1.001706	0.365234	
529	1.001481	-0.001132	4.862061	0.001132	1.001481	0.489410	
530	1.001680	-0.001132	4.161011	0.001132	1.001680	0.592926	
531	1.001755	-0.001077	4.218994	0.001077	1.001755	0.346680	
532	1.001597	-0.001079	4.027222	0.001079	1.001597	0.474762	
533	1.001168	-0.000469	3.835876	0.000469	1.001168	0.822388	
534	1.001616	-0.000867	2.315796	0.000867	1.001616	-0.518250	
535	1.000803	-0.000556	2.060181	0.000556	1.000803	0.214905	
536	1.000754	-0.000598	1.010254	0.000598	1.000754	0.391312	
537	1.001441	-0.000811	0.356689	0.000811	1.001441	-1.223785	
538	1.000605	-0.000675	-0.763184	0.000675	1.000605	-3.029388	
539	1.000660	-0.001489	-1.680786	0.001489	1.000660	-0.568314	
540	1.000090	-0.001758	-1.131470	0.001758	1.000090	0.173828	
541	1.000990	-0.001091	-2.808594	0.001091	1.000990	-4.667236	
542	1.001644	-0.001698	-3.823242	0.001698	1.001644	-4.846573	
543	1.000248	-0.001566	-1.673340	0.001566	1.000248	-1.533493	
544	1.000004	-0.001945	-2.145996	0.001945	1.000004	-0.986115	
545	1.001805	-0.002275	-4.574585	0.002275	1.001805	-2.918762	
546	0.999793	-0.001583	-3.979004	0.001583	0.999793	-2.417221	
547	0.999728	-0.001141	-4.821533	0.001141	0.999728	-0.418884	
548	0.999257	-0.000412	-4.900513	0.000412	0.999257	0.864380	
549	1.002849	-0.000767	-7.863831	0.000767	1.002849	-0.577209	
550	0.999614	-0.000105	-4.605591	0.000105	0.999614	1.150726	
551	1.001753	0.000571	-6.116150	-0.000571	1.001753	1.006714	
552	0.999662	0.000652	-3.677124	-0.000652	0.999662	2.180069	
553	1.000368	0.000852	-3.820923	-0.000852	1.000368	2.091248	
554	1.000026	0.000531	-2.837646	-0.000531	1.000026	2.710281	
555	1.000458	0.000953	-2.251221	-0.000953	1.000458	3.522568	
556	1.000223	0.001325	-1.795288	-0.001325	1.000223	1.556534	
557	1.000975	0.000959	-0.574341	-0.000959	1.000975	1.058289	
558	1.001330	0.000378	-0.077881	-0.000378	1.001330	1.107880	
559	1.001040	0.000308	0.475464	-0.000308	1.001040	1.768707	
560	1.001478	0.001348	1.353516	-0.001348	1.001478	-2.280304	
561	1.001092	0.000957	2.796143	-0.000957	1.001092	0.741394	
562	1.001096	0.000905	5.114319	-0.000905	1.001096	0.588715	
563	1.002564	0.001090	5.373047	-0.001090	1.002564	0.863312	
564	1.002857	0.000482	5.836548	-0.000482	1.002857	0.963104	
565	1.002620	-0.000741	5.486877	0.000741	1.002620	-1.165070	
566	1.002312	-0.001569	5.206665	0.001569	1.002312	-0.990631	
567	1.002179	-0.001872	4.823364	0.001872	1.002179	-0.879578	
568	1.001937	-0.001248	4.405029	0.001248	1.001937	0.048645	
569	1.001629	-0.001367	4.824219	0.001367	1.001629	0.050140	
570	1.001931	-0.001724	4.551331	0.001724	1.001931	-0.451538	
571	1.001219	-0.001679	5.043274	0.001679	1.001219	-0.309753	
572	1.001952	-0.001714	3.813232	0.001714	1.001952	-0.977692	
573	1.002003	-0.001753	2.700256	0.001753	1.002003	-1.406311	
574	1.001704	-0.000835	1.229980	0.000835	1.001704	-0.608398	
575	1.001104	-0.000826	1.391907	0.000826	1.001104	0.756195	
576	1.001150	-0.000645	0.141479	0.000645	1.001150	-1.616943	
577	1.001225	-0.001014	-0.286865	0.001014	1.001225	-1.566238	
578	1.000230	-0.001623	-0.050659	0.001623	1.000230	2.913315	
579	1.000031	-0.001315	-2.497803	0.001315	1.000031	-1.050659	
580	1.003988	-0.000844	-4.736755	0.000844	1.003988	-3.080719	
581	1.000418	0.000140	-2.822388	-0.000140	1.000418	-0.837616	
582	1.003108	0.000136	-4.894348	-0.000136	1.003108	0.186707	
583	1.001328	-0.000456	-4.723083	0.000456	1.001328	0.391632	
584	1.003685	0.000009	-7.119019	-0.000009	1.003685	-1.398773	
585	1.004572	0.000334	-8.216431	-0.000334	1.004572	-1.345703	
586	1.000054	0.000435	-4.930176	-0.000435	1.000054	1.310516	
587	0.999662	0.000028	-4.614746	-0.000028	0.999662	0.515167	
588	0.999756	0.000366	-4.296509	-0.000366	0.999756	0.604858	
589	0.999500	0.000998	-3.565308	-0.000998	0.999500	1.865936	
590	1.000149	0.001119	-3.890137	-0.001119	1.000149	1.171906	
591	1.000087	0.000396	-3.501465	-0.000396	1.000087	-0.009384	
592	1.000311	0.001145	-3.409668	-0.001145	1.000311	1.177399	
593	1.000715	0.000800	-3.216370	-0.000800	1.000715	1.484589	
594	1.000687	0.001277	-2.576050	-0.001277	1.000687	1.409943	
595	1.000741	0.002501	-2.587646	-0.002501	1.000741	1.579254	
596	1.001532	0.001864	-2.257996	-0.001864	1.001532	1.497589	
597	1.000348	0.001650	-0.780762	-0.001650	1.000348	5.330994	
598	1.000941	0.002236	-0.071289	-0.002236	1.000941	2.738251	
599	1.001331	0.003013	0.470459	-0.003013	1.001331	1.266357	
600	1.001460	0.002366	0.649231	-0.002366	1.001460	2.644348	
601	1.000888	0.001701	1.767944	-0.001701	1.000888	3.388794	
602	1.001204	0.001918	2.700989	-0.001918	1.001204	5.201569	
603	1.001080	0.000926	3.727173	-0.000926	1.001080	3.910553	
604	1.001613	0.000308	3.707031	-0.000308	1.001613	1.833160	
605	1.001083	-0.001000	5.490540	0.001000	1.001083	0.342651	
606	1.001010	-0.001188	5.869507	0.001188	1.001010	-0.103912	
607	1.001329	-0.001771	5.880859	0.001771	1.001329	-1.673035	
608	1.001393	-0.001464	4.596252	0.001464	1.001393	-1.064850	
609	1.001450	-0.001618	4.194946	0.001618	1.001450	-1.016632	
610	1.001091	-0.001639	2.837219	0.001639	1.001091	-0.313202	
611	1.000937	-0.002114	1.988586	0.002114	1.000937	-0.397797	
612	1.000907	-0.002312	1.760010	0.002312	1.000907	-0.287262	
613	1.001001	-0.001626	1.323914	0.001626	1.001001	1.603790	
614	1.001137	-0.001510	0.994568	0.001510	1.001137	0.595093	
615	1.000715	-0.001960	0.572937	0.001960	1.000715	-0.624268	
616	1.000170	-0.001788	0.100952	0.001788	1.000170	0.507416	
617	1.000769	-0.002079	-1.383972	0.002079	1.000769	0.758606	
618	1.000106	-0.001161	-3.207031	0.001161	1.000106	-1.420410	
619	1.000268	-0.000599	-2.520752	0.000599	1.000268	-0.227783	
620	1.001185	-0.000764	-4.109802	0.000764	1.001185	-0.669403	
621	1.000080	-0.000558	-3.941162	0.000558	1.000080	0.547729	
622	1.000007	-0.000480	-4.804810	0.000480	1.000007	1.028290	
623	0.999768	0.000002	-5.738525	-0.000002	0.999768	-0.264313	
624	0.999852	0.000337	-5.656494	-0.000337	0.999852	0.959869	
625	0.999041	0.000198	-4.631714	-0.000198	0.999041	0.672394	
626	0.999860	0.000611	-5.509521	-0.000611	0.999860	0.749329	
627	0.999660	0.000709	-5.174805	-0.000709	0.999660	1.413239	
628	0.999684	0.000985	-4.934814	-0.000985	0.999684	1.639771	
629	0.999755	0.001135	-4.779907	-0.001135	0.999755	1.849518	
630	1.000145	0.001594	-4.092285	-0.001594	1.000145	1.464874	
631	1.000248	0.001146	-3.309082	-0.001146	1.000248	1.661011	
632	1.000752	0.001471	-2.948730	-0.001471	1.000752	1.958862	
633	1.000628	0.001978	-2.555054	-0.001978	1.000628	2.770508	
634	1.000732	0.001791	-1.567383	-0.001791	1.000732	1.036591	
635	1.001426	0.002295	-2.480591	-0.002295	1.001426	4.081879	
636	1.000586	0.001711	-2.476074	-0.001711	1.000586	5.870636	
637	1.000563	0.002048	-3.158447	-0.002048	1.000563	0.245514	
638	1.000906	0.002820	-0.779053	-0.002820	1.000906	3.067932	
639	1.000604	0.002824	-0.223755	-0.002824	1.000604	3.224426	
640	1.001660	0.002496	-0.678589	-0.002496	1.001660	2.568268	
641	1.001423	0.001917	1.239563	-0.001917	1.001423	3.564148	
642	1.001477	0.001974	1.038330	-0.001974	1.001477	1.899170	
643	1.001820	0.000548	1.919250	-0.000548	1.001820	0.166595	
644	1.001209	0.000127	1.573486	-0.000127	1.001209	0.914093	
645	1.001485	0.000288	0.314941	-0.000288	1.001485	0.452728	
646	1.000923	0.000049	0.122192	-0.000049	1.000923	0.807129	
647	1.000644	-0.000354	0.209229	0.000354	1.000644	0.413086	
648	1.000357	-0.000090	0.509644	0.000090	1.000357	0.597809	
649	1.000233	-0.000323	0.369751	0.000323	1.000233	0.364868	
650	1.000749	-0.000980	-0.273315	0.000980	1.000749	-1.025391	
651	1.000420	-0.000630	-1.214966	0.000630	1.000420	0.016876	
652	1.000011	0.000105	-1.678833	-0.000105	1.000011	1.734863	
653	1.000773	0.000073	-3.938721	-0.000073	1.000773	-1.231171	
654	1.005333	-0.000825	-6.427185	0.000825	1.005333	-2.699554	
655	1.000383	-0.000460	-5.088806	0.000460	1.000383	0.959656	
656	0.998602	0.000410	-2.293579	-0.000410	0.998602	3.078827	
657	0.999373	0.000070	-3.531738	-0.000070	0.999373	-2.462708	
658	1.000726	-0.000001	-4.744019	0.000001	1.000726	-2.241730	
659	1.000222	0.000089	-3.791260	-0.000089	1.000222	-0.950653	
660	1.003085	-0.000195	-5.864502	0.000195	1.003085	-1.620667	
661	0.998728	-0.000343	-2.686646	0.000343	0.998728	-0.062347	
662	0.998498	0.000943	-4.201294	-0.000943	0.998498	1.869263	
663	0.999359	0.000347	-5.615601	-0.000347	0.999359	1.082428	
664	0.998971	0.000691	-4.987183	-0.000691	0.998971	0.885529	
665	1.000665	0.000368	-7.826660	-0.000368	1.000665	-0.847778	
666	0.999125	0.000976	-5.386963	-0.000976	0.999125	0.577118	
667	0.999299	0.000914	-4.973755	-0.000914	0.999299	0.459717	
668	0.999725	0.000660	-5.137329	-0.000660	0.999725	-0.052338	
669	1.004609	0.000520	-8.079712	-0.000520	1.004609	-1.801147	
670	0.999827	0.000304	-3.088623	-0.000304	0.999827	1.160461	
671	1.000140	0.001044	-3.001953	-0.001044	1.000140	0.952499	
672	1.000073	0.001101	-2.187622	-0.001101	1.000073	-0.371811	
673	1.001552	0.000411	-2.774292	-0.000411	1.001552	0.530609	
674	1.001138	-0.000116	-3.176392	0.000116	1.001138	0.063171	
675	1.001188	0.000173	-2.589600	-0.000173	1.001188	1.109619	
676	1.001179	0.000616	-2.455811	-0.000616	1.001179	-2.693451	
677	1.001373	0.000498	-1.975342	-0.000498	1.001373	-1.100769	
678	1.001565	0.000825	-1.123169	-0.000825	1.001565	-0.799744	
679	1.001255	0.000846	0.147095	-0.000846	1.001255	0.621887	
680	1.000889	0.000459	1.429321	-0.000459	1.000889	0.903961	
681	1.001510	0.000243	1.704468	-0.000243	1.001510	-0.606384	
682	1.001473	-0.000577	1.999390	0.000577	1.001473	-1.037994	
683	1.001296	-0.000603	3.159302	0.000603	1.001296	-0.287048	
684	1.001481	-0.000904	3.875000	0.000904	1.001481	-1.780426	
685	1.001645	-0.001314	4.540833	0.001314	1.001645	-2.515778	
686	1.002051	-0.001401	4.704956	0.001401	1.002051	-3.586304	
687	1.002281	-0.000578	3.567993	0.000578	1.002281	-3.441284	
688	1.002232	-0.001436	3.326233	0.001436	1.002232	-5.428284	
689	1.002267	-0.001421	2.657593	0.001421	1.002267	-5.648163	
690	1.002339	-0.000442	0.948120	0.000442	1.002339	-4.467072	
691	1.002049	-0.000116	-0.018799	0.000116	1.002049	-4.190674	
692	1.001508	-0.000969	-0.554932	0.000969	1.001508	-4.979767	
693	1.001747	-0.000798	-1.463379	0.000798	1.001747	-4.844299	
694	1.001341	-0.000414	-2.948242	0.000414	1.001341	-4.212952	
695	1.001820	-0.000971	-3.432617	0.000971	1.001820	-2.459015	
696	1.006564	0.000632	-6.731934	-0.000632	1.006564	-7.937500	
697	1.001481	-0.001194	-2.154114	0.001194	1.001481	-6.422302	
698	1.001694	-0.000903	-1.519836	0.000903	1.001694	-6.986481	
699	1.004745	-0.001823	-3.264954	0.001823	1.004745	-6.998169	
700	1.004215	-0.002964	-4.238525	0.002964	1.004215	-4.777618	
701	1.004630	-0.002021	-6.122925	0.002021	1.004630	-7.020538	
702	1.006096	-0.001611	-6.954010	0.001611	1.006096	-7.427643	
703	1.004070	-0.002009	-6.283813	0.002009	1.004070	-7.061371	
704	1.005091	-0.000165	-6.436523	0.000165	1.005091	-7.441467	
705	1.004516	-0.000365	-5.154724	0.000365	1.004516	-6.934479	
706	1.003601	-0.001500	-3.518188	0.001500	1.003601	-7.340912	
707	1.004080	-0.000103	-3.917053	0.000103	1.004080	-7.648895	
708	1.004246	-0.000637	-3.645691	0.000637	1.004246	-8.277435	
709	1.005289	-0.002000	-4.461487	0.002000	1.005289	-8.006348	
710	1.005268	-0.001131	-4.630493	0.001131	1.005268	-6.130219	
711	1.005109	-0.001023	-5.118591	0.001023	1.005109	-5.785583	
712	1.006153	-0.000694	-5.846436	0.000694	1.006153	-7.281952	
713	1.004573	0.000937	-4.719666	-0.000937	1.004573	-1.973419	
714	1.004128	0.001100	-4.164764	-0.001100	1.004128	-3.450531	
715	1.003807	0.001624	-3.938171	-0.001624	1.003807	-3.964142	
716	1.004457	0.000365	-4.591187	-0.000365	1.004457	-5.344421	
717	1.003305	-0.000092	-3.273193	0.000092	1.003305	-3.263550	
718	1.003866	-0.000609	-3.909119	0.000609	1.003866	-3.327026	
719	1.005401	0.000293	-5.428345	-0.000293	1.005401	-1.833313	
720	1.005374	-0.000681	-5.275757	0.000681	1.005374	-3.373444	
721	1.005274	-0.001491	-4.749969	0.001491	1.005274	-4.445557	
722	1.004496	-0.002283	-4.060089	0.002283	1.004496	-4.168915	
723	1.003337	-0.001700	-3.695435	0.001700	1.003337	-4.210358	
724	1.004089	-0.001392	-4.754395	0.001392	1.004089	-4.890442	
725	1.003158	-0.002311	-4.972778	0.002311	1.003158	-4.253662	
726	1.004631	-0.000929	-7.491455	0.000929	1.004631	-4.919800	
727	1.003018	-0.002413	-7.229431	0.002413	1.003018	-5.754608	
728	0.999215	-0.002149	-2.900635	0.002149	0.999215	-4.973129	
729	1.005268	-0.001444	-9.919861	0.001444	1.005268	-6.051849	
730	0.998863	-0.001705	-2.940430	0.001705	0.998863	-2.964828	
731	0.997691	0.000017	-2.129883	-0.000017	0.997691	-0.666702	
732	0.999526	-0.001118	-5.036011	0.001118	0.999526	-5.272156	
733	1.000065	0.000449	-4.942627	-0.000449	1.000065	2.780365	
734	0.999973	-0.001919	-7.234009	0.001919	0.999973	-2.751678	
735	0.998601	-0.002201	-4.432739	0.002201	0.998601	-4.469452	
736	0.996133	-0.002881	-3.561157	0.002881	0.996133	-4.214294	
737	0.994693	-0.001006	-9.381714	0.001006	0.994693	0.133636	
738	0.994415	-0.001677	-12.333740	0.001677	0.994415	1.576477	
739	1.002120	-0.001315	-16.252563	0.001315	1.002120	-0.734131	
740	0.999351	-0.000919	-8.391602	0.000919	0.999351	-0.045380	
741	0.995751	0.001008	-7.658203	-0.001008	0.995751	3.589554	
742	0.997511	-0.000007	-8.331299	0.000007	0.997511	1.540710	
743	0.997324	0.000214	-8.447388	-0.000214	0.997324	1.108948	
744	0.997289	-0.000081	-8.738525	0.000081	0.997289	1.167969	
745	0.996442	0.000515	-7.426392	-0.000515	0.996442	2.042007	
746	0.996431	0.000283	-6.860596	-0.000283	0.996431	1.525955	
747	0.996471	0.000293	-6.143066	-0.000293	0.996471	1.783218	
748	0.996536	0.000545	-4.570312	-0.000545	0.996536	3.237305	
749	0.997210	0.000699	-4.307373	-0.000699	0.997210	4.625992	
750	0.997925	0.001021	-3.931396	-0.001021	0.997925	2.554504	
751	0.999578	0.002194	-4.489136	-0.002194	0.999578	3.206665	
752	0.999102	0.002198	-3.261963	-0.002198	0.999102	4.815338	
753	0.998775	0.000969	-1.847046	-0.000969	0.998775	2.351822	
754	1.000321	0.001747	-3.054565	-0.001747	1.000321	-0.070953	
755	1.000684	0.001392	-2.106689	-0.001392	1.000684	1.415558	
756	1.000105	0.000465	-0.721436	-0.000465	1.000105	2.023087	
757	1.000509	0.001289	0.134644	-0.001289	1.000509	4.064972	
758	1.001061	0.001113	0.344360	-0.001113	1.001061	3.894394	
759	1.001969	-0.000736	-0.125732	0.000736	1.001969	0.199783	
760	1.000874	-0.000187	1.395752	0.000187	1.000874	2.346191	
761	1.001798	-0.000291	0.575928	0.000291	1.001798	1.818192	
762	1.001617	-0.000435	0.960083	0.000435	1.001617	1.340515	
763	1.001369	-0.000331	1.797607	0.000331	1.001369	0.869461	
764	1.001420	-0.000128	1.703247	0.000128	1.001420	0.208374	
765	1.000965	0.000154	1.561035	-0.000154	1.000965	0.251953	
766	1.002009	-0.000308	-0.748657	0.000308	1.002009	-1.292770	
767	1.001405	-0.000084	-1.044312	0.000084	1.001405	-0.674988	
768	1.000896	-0.000897	-1.063110	0.000897	1.000896	-0.678116	
769	1.000697	-0.000288	-1.462158	0.000288	1.000697	-1.698624	
770	1.001362	-0.002858	-3.515259	0.002858	1.001362	-6.477402	
771	0.999738	-0.002267	-0.945679	0.002267	0.999738	-0.530167	
772	0.998040	-0.005213	-0.536499	0.005213	0.998040	-6.793777	
773	1.000941	-0.002852	-4.889160	0.002852	1.000941	-6.471603	
774	1.000015	-0.001464	-4.614990	0.001464	1.000015	-4.553940	
775	0.999443	-0.000608	-5.017456	0.000608	0.999443	-1.965317	
776	0.998502	-0.001694	-4.386963	0.001694	0.998502	-1.147919	
777	0.998580	-0.001183	-5.989868	0.001183	0.998580	-1.147537	
778	0.998604	-0.000908	-6.134155	0.000908	0.998604	-1.265793	
779	0.997994	-0.000235	-5.116821	0.000235	0.997994	-0.014847	
780	0.997358	0.001946	-3.638916	-0.001946	0.997358	2.593994	
781	0.998600	0.001788	-4.484497	-0.001788	0.998600	1.777649	
782	1.000037	0.001040	-4.270508	-0.001040	1.000037	0.732559	
783	0.999497	0.000732	-2.756836	-0.000732	0.999497	0.244232	
784	1.001365	0.000825	-4.971069	-0.000825	1.001365	-0.178528	
785	1.000696	0.000445	-2.029175	-0.000445	1.000696	-0.413864	
786	1.000137	-0.000282	-0.720215	0.000282	1.000137	0.624054	
787	1.000205	0.000264	-0.271118	-0.000264	1.000205	2.181305	
788	0.999754	0.000048	1.034302	-0.000048	0.999754	1.593948	
789	1.001706	0.001243	0.603638	-0.001243	1.001706	1.139008	
790	1.001410	0.000333	2.936157	-0.000333	1.001410	2.538101	
791	1.001082	0.001553	4.379517	-0.001553	1.001082	3.530090	
792	1.003945	0.002395	3.177368	-0.002395	1.003945	-1.054977	
793	1.005496	0.003162	3.160522	-0.003162	1.005496	1.115814	
794	1.003704	0.002698	5.674194	-0.002698	1.003704	3.246796	
795	1.002749	0.002618	6.870117	-0.002618	1.002749	4.243225	
796	1.004970	0.001232	1.982422	-0.001232	1.004970	3.608124	
797	1.002135	0.001391	4.057861	-0.001391	1.002135	3.729248	
798	1.002329	-0.000028	3.376831	0.000028	1.002329	2.469009	
799	1.002058	-0.000102	3.291382	0.000102	1.002058	3.508728	
800	1.001702	0.000019	2.876831	-0.000019	1.001702	3.035095	
801	1.001159	-0.000535	3.256348	0.000535	1.001159	2.295776	
802	1.001809	-0.001360	3.558960	0.001360	1.001809	0.923752	
803	1.002412	-0.001550	2.239136	0.001550	1.002412	0.031601	
804	1.002106	-0.001161	2.397827	0.001161	1.002106	0.116486	
805	1.001464	-0.001463	2.098389	0.001463	1.001464	-1.424820	
806	1.001656	-0.001483	1.580933	0.001483	1.001656	-1.231979	
807	1.001432	-0.001457	1.579468	0.001457	1.001432	-0.984833	
808	1.001913	-0.001445	-0.147095	0.001445	1.001913	-3.108582	
809	1.001541	-0.002768	0.385864	0.002768	1.001541	-4.092239	
810	1.001661	-0.003376	0.580688	0.003376	1.001661	-0.721939	
811	1.001492	-0.002691	-2.143433	0.002691	1.001492	-6.554337	
812	1.001416	-0.001498	-2.105713	0.001498	1.001416	-4.766022	
813	1.001157	-0.000465	-2.210205	0.000465	1.001157	-3.311783	
814	1.001438	-0.000006	-1.978638	0.000006	1.001438	-0.953873	
815	1.000979	0.000161	-2.524536	-0.000161	1.000979	-0.355011	
816	1.000468	0.000436	-3.207397	-0.000436	1.000468	-0.662949	
817	1.000384	0.001270	-3.780518	-0.001270	1.000384	1.121185	
818	0.999959	0.000900	-3.458130	-0.000900	0.999959	0.386032	
819	1.000174	0.001176	-4.098022	-0.001176	1.000174	0.056580	
820	1.000816	0.001470	-3.430908	-0.001470	1.000816	1.321533	
821	0.999881	0.002384	-2.238159	-0.002384	0.999881	1.998489	
822	1.000757	0.001745	-2.794678	-0.001745	1.000757	1.097153	
823	1.000751	0.001242	-1.463257	-0.001242	1.000751	0.753479	
824	1.001146	0.001733	-0.754150	-0.001733	1.001146	1.187775	
825	1.000188	0.002150	0.637695	-0.002150	1.000188	2.478607	
826	1.005876	0.001104	-5.753845	-0.001104	1.005876	-1.275177	
827	1.001521	0.001395	0.826904	-0.001395	1.001521	-0.506943	
828	1.001843	0.001130	1.024536	-0.001130	1.001843	2.488571	
829	1.001824	0.001951	1.046265	-0.001951	1.001824	2.228638	
830	1.003154	0.002259	0.089233	-0.002259	1.003154	-1.095779	
831	1.002857	0.002288	1.336914	-0.002288	1.002857	1.244858	
832	1.004870	0.000266	-0.542603	-0.000266	1.004870	-1.063141	
833	1.002126	0.001591	3.381592	-0.001591	1.002126	1.325714	
834	1.001747	0.000942	4.597961	-0.000942	1.001747	1.920685	
835	1.001868	0.000113	4.927063	-0.000113	1.001868	0.655670	
836	1.001785	-0.000476	5.298950	0.000476	1.001785	-0.068176	
837	1.001333	-0.000438	5.433105	0.000438	1.001333	-0.329712	
838	1.001702	0.000119	4.542114	-0.000119	1.001702	-0.260345	
839	1.001279	-0.000457	4.819824	0.000457	1.001279	-0.631470	
840	1.001003	-0.001225	5.511963	0.001225	1.001003	-2.078033	
841	1.001985	-0.000685	3.671143	0.000685	1.001985	-1.897156	
842	1.001326	-0.001075	4.537720	0.001075	1.001326	-3.661743	
843	1.001221	-0.001145	4.457764	0.001145	1.001221	-4.004852	
844	1.001686	-0.001021	1.989746	0.001021	1.001686	-4.856628	
845	1.001713	-0.000331	0.704224	0.000331	1.001713	-3.334686	
846	1.001588	0.000143	-0.304932	-0.000143	1.001588	-5.011658	
847	1.002247	0.000135	-2.059448	-0.000135	1.002247	-4.896362	
848	1.000355	-0.000137	-0.688721	0.000137	1.000355	-1.303360	
849	1.000034	-0.000894	-1.973267	0.000894	1.000034	-5.557510	
850	1.000823	-0.000141	-2.527344	0.000141	1.000823	-5.869537	
851	1.001097	-0.000553	-3.114380	0.000553	1.001097	-6.290878	
852	1.000194	-0.000857	-1.940918	0.000857	1.000194	-5.385406	
853	1.000605	0.000041	-2.504272	-0.000041	1.000605	-1.990662	
854	1.000534	-0.000908	-3.563232	0.000908	1.000534	-4.307434	
855	1.000407	-0.000693	-4.341797	0.000693	1.000407	-4.614197	
856	0.999169	-0.000665	-3.152344	0.000665	0.999169	-2.464005	
857	0.999112	0.001502	-4.014160	-0.001502	0.999112	-0.851486	
858	1.000084	0.000650	-5.103027	-0.000650	1.000084	-1.831940	
859	1.001281	0.000823	-5.368286	-0.000823	1.001281	-2.294846	
860	0.998887	0.002315	-0.684204	-0.002315	0.998887	0.238403	
861	1.001266	0.001341	-2.438843	-0.001341	1.001266	-1.322159	
862	0.999113	0.002184	0.390625	-0.002184	0.999113	1.173218	
863	1.001043	0.002030	-0.975830	-0.002030	1.001043	0.811096	
864	1.002703	0.003163	-2.353638	-0.003163	1.002703	2.290405	
865	1.001078	0.002503	-0.732666	-0.002503	1.001078	1.210953	
866	1.001648	0.003797	-2.028564	-0.003797	1.001648	5.302048	
867	1.000886	0.007913	-3.842651	-0.007913	1.000886	9.576874	
868	1.001241	0.003620	-3.084717	-0.003620	1.001241	3.392853	
869	1.001237	0.003636	-2.504761	-0.003636	1.001237	4.031708	
870	1.000878	0.003736	-1.970459	-0.003736	1.000878	6.263687	
871	1.000504	0.002937	-1.581177	-0.002937	1.000504	5.789856	
872	1.001014	0.002919	-1.466919	-0.002919	1.001014	5.116913	
873	1.001094	0.002609	-1.536255	-0.002609	1.001094	4.315231	
874	1.001421	0.001512	-1.449219	-0.001512	1.001421	2.775146	
875	1.000946	0.000819	-0.328735	-0.000819	1.000946	2.114746	
876	1.000409	0.000387	-0.809570	-0.000387	1.000409	1.036133	
877	1.000133	0.000603	-1.369629	-0.000603	1.000133	0.331055	
878	1.000615	-0.000617	-2.174805	0.000617	1.000615	-1.237839	
879	1.000375	-0.000977	-1.789673	0.000977	1.000375	-1.629105	
880	1.001361	-0.001576	-2.858276	0.001576	1.001361	-3.120148	
881	1.000325	-0.001496	-1.543945	0.001496	1.000325	-1.701874	
882	1.001123	-0.002116	-2.644775	0.002116	1.001123	-2.351151	
883	1.001184	-0.002139	-4.401367	0.002139	1.001184	-3.880539	
884	1.001024	-0.002195	-4.225830	0.002195	1.001024	-4.377274	
885	1.000123	-0.003107	-2.480713	0.003107	1.000123	-2.136932	
886	0.998111	-0.005940	0.253662	0.005940	0.998111	-3.904251	
887	0.999545	-0.003443	-4.278076	0.003443	0.999545	-5.117645	
888	0.998073	-0.003629	-4.220825	0.003629	0.998073	-4.127457	
889	0.998556	-0.003441	-12.638794	0.003441	0.998556	-1.795563	
890	0.999151	-0.002876	-11.426147	0.002876	0.999151	0.125916	
891	0.999746	-0.002512	-10.216187	0.002512	0.999746	0.335968	
892	0.997353	-0.001654	-6.810913	0.001654	0.997353	1.392426	
893	0.998953	-0.000933	-7.026611	0.000933	0.998953	2.741272	
894	1.000320	-0.001087	-7.701416	0.001087	1.000320	1.844849	
895	0.999668	-0.000116	-5.998901	0.000116	0.999668	2.887238	
896	0.999550	0.000024	-5.073486	-0.000024	0.999550	2.842804	
897	0.999743	0.000031	-2.223145	-0.000031	0.999743	2.954193	
898	0.999925	0.000555	-1.208252	-0.000555	0.999925	1.937988	
899	1.001805	0.000758	-0.574951	-0.000758	1.001805	1.799438	
