0	1.000000	0.000000	0.000000	0.000000	1.000000	0.000000	
1	1.000066	-0.000770	0.077148	0.000770	1.000066	-1.551865	
2	0.999482	-0.001017	1.552307	0.001017	0.999482	-1.442719	
3	0.999811	-0.000284	1.153870	0.000284	0.999811	-1.025970	
4	0.999296	-0.000498	1.613647	0.000498	0.999296	-1.138382	
5	0.999860	-0.000541	1.366821	0.000541	0.999860	-1.743744	
6	0.999528	-0.000439	1.571960	0.000439	0.999528	-1.378021	
7	0.999754	-0.000982	1.136353	0.000982	0.999754	-2.037003	
8	0.999969	-0.001268	0.813110	0.001268	0.999969	-1.973007	
9	0.998660	0.000276	0.531006	-0.000276	0.998660	-0.681885	
10	0.999767	-0.000436	0.753601	0.000436	0.999767	-1.466949	
11	1.000147	-0.001166	0.699951	0.001166	1.000147	-2.155075	
12	0.999416	0.000069	1.793884	-0.000069	0.999416	-1.251083	
13	0.999767	-0.000411	0.703857	0.000411	0.999767	-1.366699	
14	0.999354	-0.001027	1.653381	0.001027	0.999354	-2.039505	
15	0.999762	0.000206	0.755432	-0.000206	0.999762	-0.806870	
16	0.999605	-0.000422	1.497498	0.000422	0.999605	-1.620468	
17	0.999785	-0.000759	1.163513	0.000759	0.999785	-1.952744	
18	0.999420	-0.000612	1.602844	0.000612	0.999420	-1.484894	
19	0.999727	0.000039	1.061157	-0.000039	0.999727	-1.015244	
20	0.999183	-0.000503	1.309265	0.000503	0.999183	-1.268799	
21	0.999657	-0.000702	1.722534	0.000702	0.999657	-1.833511	
22	0.999384	-0.000277	2.099976	0.000277	0.999384	-1.206848	
23	0.999261	-0.000523	1.946289	0.000523	0.999261	-1.022614	
24	0.999031	-0.000078	2.631348	0.000078	0.999031	-1.153854	
25	0.999632	-0.000901	1.734436	0.000901	0.999632	-1.612854	
26	0.999266	-0.000596	2.554993	0.000596	0.999266	-1.319748	
27	0.999495	-0.000090	1.606873	0.000090	0.999495	-0.707169	
28	0.998829	-0.001473	2.741394	0.001473	0.998829	-1.901566	
29	0.999810	-0.000027	1.748657	0.000027	0.999810	-1.630783	
30	0.999013	-0.000864	2.379578	0.000864	0.999013	-1.094482	
31	0.999212	-0.000511	2.475037	0.000511	0.999212	-1.730118	
32	0.999346	-0.000684	2.505798	0.000684	0.999346	-1.070908	
33	0.999358	-0.000472	2.460571	0.000472	0.999358	-1.246689	
34	0.999424	-0.000517	2.134338	0.000517	0.999424	-0.961609	
35	0.999761	-0.000516	1.845215	0.000516	0.999761	-1.293503	
36	0.999177	-0.000330	2.213989	0.000330	0.999177	-0.578964	
37	0.999574	-0.001386	2.178284	0.001386	0.999574	-1.783005	
38	0.999570	-0.000933	1.926941	0.000933	0.999570	-1.428894	
39	0.999685	-0.001476	1.728394	0.001476	0.999685	-1.509979	
40	0.999570	-0.001726	2.371094	0.001726	0.999570	-1.753235	
41	0.999706	-0.000832	1.956909	0.000832	0.999706	-1.106583	
42	0.999366	-0.000739	2.409485	0.000739	0.999366	-1.260559	
43	0.999847	-0.001747	1.824707	0.001747	0.999847	-1.496323	
44	0.999450	-0.000822	1.936157	0.000822	0.999450	-1.447372	
45	0.999455	-0.000418	1.876587	0.000418	0.999455	-0.532471	
46	0.999720	-0.000652	1.603088	0.000652	0.999720	-0.831299	
47	0.999832	0.000525	1.057800	-0.000525	0.999832	0.316116	
48	0.999674	0.000621	1.280640	-0.000621	0.999674	0.278091	
49	0.999781	-0.000364	1.174988	0.000364	0.999781	-0.636673	
50	0.999602	-0.000170	1.656250	0.000170	0.999602	-0.303085	
51	0.999942	0.000075	1.182007	-0.000075	0.999942	-0.288940	
52	0.999310	-0.000204	2.153320	0.000204	0.999310	-0.207062	
53	0.999910	-0.000324	1.301758	0.000324	0.999910	-0.166595	
54	0.999742	-0.000322	1.220032	0.000322	0.999742	-0.117706	
55	0.999818	-0.000754	0.830994	0.000754	0.999818	-0.712021	
56	0.999700	-0.000228	1.534302	0.000228	0.999700	0.120880	
57	0.999931	0.000383	1.193298	-0.000383	0.999931	0.190063	
58	0.999685	0.000285	1.276367	-0.000285	0.999685	0.417206	
59	0.999704	0.000695	0.547729	-0.000695	0.999704	0.790390	
60	0.999762	0.000519	1.150879	-0.000519	0.999762	0.565231	
61	0.999937	0.000103	0.573486	-0.000103	0.999937	0.062576	
62	0.999526	0.000148	1.504639	-0.000148	0.999526	0.360428	
63	0.999919	-0.000195	0.829468	0.000195	0.999919	0.232315	
64	0.999669	-0.000061	0.889099	0.000061	0.999669	0.074142	
65	0.999942	-0.000059	0.542725	0.000059	0.999942	0.287521	
66	0.999550	-0.000587	1.471313	0.000587	0.999550	-0.287613	
67	0.999974	0.000203	0.793579	-0.000203	0.999974	0.656662	
68	0.999583	0.000386	1.622009	-0.000386	0.999583	0.652512	
69	0.999964	0.000170	0.037170	-0.000170	0.999964	0.139877	
70	0.999495	0.001310	0.871887	-0.001310	0.999495	0.671265	
71	0.999977	-0.000172	0.702820	0.000172	0.999977	0.042145	
72	0.999818	0.000041	0.925537	-0.000041	0.999818	0.390945	
73	0.999924	0.000585	0.118591	-0.000585	0.999924	0.837280	
74	0.999825	0.000079	1.231873	-0.000079	0.999825	0.712021	
75	0.999948	0.000634	0.318604	-0.000634	0.999948	0.681381	
76	0.999873	0.000082	0.901245	-0.000082	0.999873	0.590393	
77	1.000931	-0.000381	-0.481689	0.000381	1.000931	-0.441315	
78	0.999672	0.000401	0.866150	-0.000401	0.999672	0.908401	
79	1.000118	-0.000285	0.490051	0.000285	1.000118	0.103897	
80	0.999650	-0.000413	0.972229	0.000413	0.999650	-0.076614	
81	0.999059	0.000119	1.189453	-0.000119	0.999059	0.582001	
82	0.999739	0.000428	0.718079	-0.000428	0.999739	1.081894	
83	0.999881	0.000742	0.672058	-0.000742	0.999881	0.780304	
84	0.999622	0.000602	0.720947	-0.000602	0.999622	0.909195	
85	1.000005	-0.000091	0.265686	0.000091	1.000005	-0.050903	
86	0.999695	-0.000208	0.413025	0.000208	0.999695	0.435028	
87	0.999792	-0.000294	1.021667	0.000294	0.999792	0.082748	
88	0.999578	-0.000306	1.131897	0.000306	0.999578	0.389160	
89	1.000188	0.000469	-0.110840	-0.000469	1.000188	0.582779	
90	0.999951	0.000046	0.969727	-0.000046	0.999951	0.387222	
91	0.999806	0.000310	0.944458	-0.000310	0.999806	0.989273	
92	0.999802	-0.000000	0.751892	0.000000	0.999802	0.185776	
93	0.999978	0.000016	0.077332	-0.000016	0.999978	0.117401	
94	0.999888	0.000232	0.800415	-0.000232	0.999888	0.879288	
95	0.999707	0.000050	1.010193	-0.000050	0.999707	0.329254	
96	0.999758	-0.000036	1.051086	0.000036	0.999758	0.227005	
97	0.999784	-0.000125	0.781616	0.000125	0.999784	0.468185	
98	0.999932	-0.000161	0.663147	0.000161	0.999932	0.318542	
99	0.999948	0.000215	0.630615	-0.000215	0.999948	0.554596	
100	0.999101	0.000032	0.934509	-0.000032	0.999101	0.512238	
101	0.999865	0.000108	0.633545	-0.000108	0.999865	0.239410	
102	0.999876	-0.000116	0.820618	0.000116	0.999876	0.496628	
103	0.999895	-0.000175	0.203430	0.000175	0.999895	0.299255	
104	0.999902	-0.000244	1.000305	0.000244	0.999902	0.012848	
105	0.999886	0.000205	0.871155	-0.000205	0.999886	0.807846	
106	0.999592	0.000065	1.066223	-0.000065	0.999592	0.109848	
107	1.000066	0.000102	0.360168	-0.000102	1.000066	0.623169	
108	0.999698	0.000083	0.572021	-0.000083	0.999698	0.580399	
109	1.000038	0.000244	0.406677	-0.000244	1.000038	0.580078	
110	0.999662	0.000210	1.027588	-0.000210	0.999662	0.487274	
111	1.000024	0.000374	0.728821	-0.000374	1.000024	0.634064	
112	0.999908	0.000335	0.542725	-0.000335	0.999908	0.650223	
113	1.000204	-0.000015	0.061096	0.000015	1.000204	0.172729	
114	0.999641	0.000069	1.187866	-0.000069	0.999641	0.634308	
115	1.000103	0.000141	0.355469	-0.000141	1.000103	0.552429	
116	0.999454	0.000005	1.051453	-0.000005	0.999454	0.301758	
117	1.000034	0.000047	0.092163	-0.000047	1.000034	0.287155	
118	0.999874	-0.000014	0.167236	0.000014	0.999874	0.451324	
119	0.999586	-0.000281	0.827148	0.000281	0.999586	0.671249	
120	1.000448	-0.000708	1.427826	0.000708	1.000448	0.004517	
121	1.000214	0.000521	-0.343201	-0.000521	1.000214	0.654419	
122	0.999630	0.000288	0.620789	-0.000288	0.999630	0.822357	
123	1.000235	0.000126	0.102417	-0.000126	1.000235	0.198334	
124	0.999673	0.000430	0.810059	-0.000430	0.999673	1.002304	
125	0.999571	0.000124	0.745850	-0.000124	0.999571	0.450409	
126	0.999915	0.000291	0.492004	-0.000291	0.999915	0.597839	
127	1.000101	0.000070	0.201294	-0.000070	1.000101	0.426956	
128	0.999702	0.000133	0.716980	-0.000133	0.999702	0.818436	
129	0.999970	0.000065	0.751587	-0.000065	0.999970	0.215225	
130	0.999586	0.000015	0.708923	-0.000015	0.999586	0.591492	
131	1.000151	0.000353	-0.052246	-0.000353	1.000151	0.559769	
132	0.999668	0.000475	0.581360	-0.000475	0.999668	0.743896	
133	1.000171	0.000172	0.176453	-0.000172	1.000171	0.198257	
134	0.999803	0.000602	0.071777	-0.000602	0.999803	1.102951	
135	0.999783	-0.000224	0.283264	0.000224	0.999783	0.332672	
136	0.999262	0.000150	1.012695	-0.000150	0.999262	0.830765	
137	0.999994	0.000373	0.340088	-0.000373	0.999994	0.594406	
138	0.999375	-0.000149	0.866211	0.000149	0.999375	0.561157	
139	1.000012	-0.000191	0.198975	0.000191	1.000012	0.358185	
140	0.999763	0.000123	0.593201	-0.000123	0.999763	0.692535	
141	0.999982	-0.000341	0.139893	0.000341	0.999982	-0.099274	
142	0.999759	0.000022	0.673950	-0.000022	0.999759	0.153580	
143	1.000216	-0.000076	0.020142	0.000076	1.000216	0.368256	
144	0.999520	-0.000331	0.927979	0.000331	0.999520	0.036118	
145	1.000020	-0.000283	0.223328	0.000283	1.000020	0.002853	
146	0.999697	-0.000697	0.388794	0.000697	0.999697	-0.163589	
147	1.000118	-0.000652	0.451843	0.000652	1.000118	-0.110794	
148	0.999730	0.000141	0.299866	-0.000141	0.999730	0.424850	
149	0.999917	0.000152	0.169556	-0.000152	0.999917	0.228409	
150	0.999660	-0.000104	0.239807	0.000104	0.999660	0.462326	
151	0.999952	-0.000153	0.028320	0.000153	0.999952	-0.016891	
152	1.000080	-0.000418	0.195251	0.000418	1.000080	0.303787	
153	0.999750	-0.000334	0.102600	0.000334	0.999750	0.149933	
154	0.999923	-0.000270	0.678467	0.000270	0.999923	0.119339	
155	0.999672	-0.000047	0.021545	0.000047	0.999672	0.325623	
156	0.999941	0.000508	-0.068176	-0.000508	0.999941	1.007782	
157	0.999930	0.000410	-0.151245	-0.000410	0.999930	0.036804	
158	0.999763	-0.000011	0.185913	0.000011	0.999763	0.501038	
159	1.000186	0.000272	-0.358704	-0.000272	1.000186	0.580902	
160	0.999230	0.000754	0.427734	-0.000754	0.999230	0.854736	
161	1.000079	-0.000255	-0.227356	0.000255	1.000079	0.189301	
162	0.999545	-0.000182	0.317932	0.000182	0.999545	-0.070023	
163	1.000063	-0.000261	-0.003601	0.000261	1.000063	-0.029480	
164	0.999827	-0.000491	0.174622	0.000491	0.999827	-0.105255	
165	1.000528	-0.000368	-0.009369	0.000368	1.000528	0.072235	
166	0.999795	-0.000004	0.063538	0.000004	0.999795	0.125122	
167	1.000021	-0.000191	-0.037842	0.000191	1.000021	-0.025681	
168	0.999564	-0.000099	0.678162	0.000099	0.999564	0.256577	
169	0.999948	-0.000126	-0.283447	0.000126	0.999948	-0.041245	
170	0.999804	-0.000552	0.150391	0.000552	0.999804	-0.063492	
171	0.999942	-0.000029	0.022034	0.000029	0.999942	0.010361	
172	0.999816	-0.000308	0.385681	0.000308	0.999816	0.224136	
173	1.000045	-0.000227	-0.129395	0.000227	1.000045	-0.192551	
174	0.999911	-0.000176	-0.058960	0.000176	0.999911	0.160233	
175	1.000236	-0.000176	-0.235962	0.000176	1.000236	0.115799	
176	0.999924	-0.000002	-0.161560	0.000002	0.999924	0.281540	
177	0.999833	0.000101	-0.015930	-0.000101	0.999833	0.283173	
178	0.999671	0.000162	-0.005432	-0.000162	0.999671	0.269699	
179	1.000033	0.000120	-0.289124	-0.000120	1.000033	0.192215	
180	0.999709	0.000151	-0.079346	-0.000151	0.999709	0.485306	
181	0.999870	0.000014	-0.071899	-0.000014	0.999870	0.168518	
182	0.999791	0.000146	0.105713	-0.000146	0.999791	0.545151	
183	0.999924	-0.000002	-0.041260	0.000002	0.999924	-0.010468	
184	0.999893	0.000083	-0.038025	-0.000083	0.999893	0.111084	
185	0.999966	0.000099	-0.121216	-0.000099	0.999966	0.196472	
186	0.999852	-0.000056	-0.086365	0.000056	0.999852	0.006744	
187	0.999597	0.001271	-0.476868	-0.001271	0.999597	0.524292	
188	0.999818	0.000062	0.325562	-0.000062	0.999818	0.227158	
189	0.999857	-0.000167	0.189514	0.000167	0.999857	-0.014816	
190	0.999783	-0.000099	-0.012878	0.000099	0.999783	0.002167	
191	0.999625	-0.000259	0.107544	0.000259	0.999625	0.048798	
192	1.000032	-0.000181	0.043396	0.000181	1.000032	-0.157425	
193	0.999686	-0.000316	0.740845	0.000316	0.999686	-0.094864	
194	0.998653	0.000563	0.257538	-0.000563	0.998653	0.514465	
195	0.999761	-0.000227	0.099304	0.000227	0.999761	-0.012741	
196	0.999534	-0.000253	0.457825	0.000253	0.999534	-0.238022	
197	1.000074	-0.000150	-0.140503	0.000150	1.000074	-0.136078	
198	0.999802	-0.000626	0.263977	0.000626	0.999802	-0.211151	
199	0.999845	-0.000273	-0.137390	0.000273	0.999845	-0.115402	
200	1.000113	-0.000224	-0.316772	0.000224	1.000113	-0.085281	
201	0.999983	-0.000097	-0.115845	0.000097	0.999983	-0.134140	
202	1.000174	-0.000234	-0.431030	0.000234	1.000174	-0.262436	
203	0.999823	-0.000056	0.165771	0.000056	0.999823	-0.093262	
204	0.999805	-0.000006	0.127441	0.000006	0.999805	0.187241	
205	0.999943	-0.000032	-0.027527	0.000032	0.999943	0.061172	
206	1.000064	-0.000017	-0.220154	0.000017	1.000064	0.084229	
207	0.999924	0.000077	-0.162903	-0.000077	0.999924	0.064377	
208	1.000386	0.000099	-0.231384	-0.000099	1.000386	0.124451	
209	0.999981	-0.000133	-0.057617	0.000133	0.999981	-0.025574	
210	1.000005	-0.000080	-0.350464	0.000080	1.000005	0.072968	
211	0.999946	0.000061	0.098145	-0.000061	0.999946	0.277283	
212	0.999949	-0.000005	0.062378	0.000005	0.999949	-0.049103	
213	1.000033	-0.000196	0.157959	0.000196	1.000033	-0.003189	
214	1.000007	-0.000101	0.170715	0.000101	1.000007	0.004364	
215	1.000057	0.000229	0.033936	-0.000229	1.000057	0.252335	
216	0.999981	0.000164	-0.065002	-0.000164	0.999981	0.098068	
217	1.000002	0.000093	-0.024780	-0.000093	1.000002	0.010040	
218	0.999985	0.000056	-0.088074	-0.000056	0.999985	0.036346	
219	1.000030	0.000185	0.562256	-0.000185	1.000030	-0.503586	
220	0.999579	-0.000385	-0.546448	0.000385	0.999579	0.323822	
221	1.000308	-0.000465	0.268219	0.000465	1.000308	-0.277954	
222	0.999719	-0.000015	0.358704	0.000015	0.999719	0.006134	
223	0.999998	-0.000261	-0.048157	0.000261	0.999998	-0.214828	
224	0.999969	-0.000084	0.252625	0.000084	0.999969	0.092407	
225	0.999914	-0.000050	-0.016663	0.000050	0.999914	-0.115479	
226	0.999925	-0.000021	0.185425	0.000021	0.999925	0.010345	
227	0.999899	0.000287	0.062866	-0.000287	0.999899	0.427780	
228	0.999953	-0.000052	0.625793	0.000052	0.999953	-0.099731	
229	0.999984	0.000102	-0.054016	-0.000102	0.999984	0.220154	
230	0.999869	0.000434	0.124329	-0.000434	0.999869	0.421799	
231	1.000116	0.000025	-0.061096	-0.000025	1.000116	-0.109100	
232	0.999616	0.000288	0.409851	-0.000288	0.999616	0.349579	
233	1.000023	0.000421	0.319763	-0.000421	1.000023	0.618439	
234	0.999941	0.000001	0.618286	-0.000001	0.999941	0.059814	
235	1.000035	0.000062	0.333191	-0.000062	1.000035	0.230545	
236	0.999281	0.000143	0.424133	-0.000143	0.999281	0.231308	
237	0.999741	0.000464	0.471619	-0.000464	0.999741	0.390060	
238	1.000167	0.000007	0.147278	-0.000007	1.000167	-0.193008	
239	0.999879	-0.000049	0.028320	0.000049	0.999879	0.050583	
240	1.000009	-0.000018	0.257568	0.000018	1.000009	-0.030640	
241	0.999740	-0.000261	1.024963	0.000261	0.999740	-0.191299	
242	0.999875	0.000080	0.116333	-0.000080	0.999875	0.210648	
243	0.999963	0.000043	0.299683	-0.000043	0.999963	-0.082047	
244	0.999720	-0.000279	0.714233	0.000279	0.999720	-0.251419	
245	1.000112	0.000140	0.008362	-0.000140	1.000112	0.042999	
246	0.999625	0.000122	0.586121	-0.000122	0.999625	0.182816	
247	1.000104	0.000231	0.603760	-0.000231	1.000104	0.038422	
248	0.999871	0.000017	0.079468	-0.000017	0.999871	0.041672	
249	1.000020	-0.000096	0.273743	0.000096	1.000020	-0.166840	
250	0.999419	0.000099	0.950195	-0.000099	0.999419	0.281509	
251	1.000118	-0.000061	0.168579	0.000061	1.000118	-0.074219	
252	0.999715	-0.000083	0.623047	0.000083	0.999715	-0.050903	
253	1.000080	-0.000108	0.146484	0.000108	1.000080	-0.233139	
254	0.999601	0.000033	1.079102	-0.000033	0.999601	-0.046402	
255	1.000052	0.000107	0.003052	-0.000107	1.000052	-0.032654	
256	0.999888	0.000049	0.334778	-0.000049	0.999888	-0.162766	
257	0.999869	-0.000367	0.296448	0.000367	0.999869	-0.693573	
258	0.999891	-0.000028	-0.006287	0.000028	0.999891	0.052795	
259	0.999956	-0.000317	0.275696	0.000317	0.999956	-0.240112	
260	0.999596	-0.000185	1.012939	0.000185	0.999596	-0.392654	
261	1.000070	0.000122	-0.016174	-0.000122	1.000070	-0.065613	
262	0.999569	-0.000069	0.685486	0.000069	0.999569	-0.279114	
263	0.999987	-0.000118	-0.106323	0.000118	0.999987	-0.359085	
264	0.999616	-0.000262	0.582947	0.000262	0.999616	-0.393326	
265	1.000004	0.000259	0.015259	-0.000259	1.000004	0.129669	
266	0.999770	0.000049	0.716858	-0.000049	0.999770	-0.151779	
267	0.999955	0.000141	0.006897	-0.000141	0.999955	0.029770	
268	0.999853	0.000025	0.500183	-0.000025	0.999853	-0.514969	
269	0.999629	-0.000092	0.200195	0.000092	0.999629	0.161026	
270	0.999900	0.000097	-0.007019	-0.000097	0.999900	-0.023392	
271	0.999991	0.000040	-0.100830	-0.000040	0.999991	0.037476	
272	0.999734	0.000159	0.304260	-0.000159	0.999734	0.230759	
273	1.000010	0.000586	-0.332825	-0.000586	1.000010	0.278580	
274	1.000041	0.000468	-0.394348	-0.000468	1.000041	-0.017868	
275	1.000155	0.000299	-0.354736	-0.000299	1.000155	0.186966	
276	1.000413	0.000068	-0.628174	-0.000068	1.000413	-0.051483	
277	0.999999	0.000040	-0.115051	-0.000040	0.999999	-0.003891	
278	0.999702	0.000223	0.072998	-0.000223	0.999702	0.118820	
279	1.000060	0.000104	-0.141846	-0.000104	1.000060	0.067566	
280	0.999881	0.000073	0.021362	-0.000073	0.999881	0.009918	
281	0.999838	0.000178	-0.049316	-0.000178	0.999838	0.056168	
282	0.999760	0.000332	0.283081	-0.000332	0.999760	0.270309	
283	0.999958	0.000146	0.119202	-0.000146	0.999958	0.060593	
284	0.999728	0.000366	0.206360	-0.000366	0.999728	0.304291	
285	0.999926	0.000015	-0.136230	-0.000015	0.999926	0.005768	
286	0.999758	0.000293	0.179810	-0.000293	0.999758	0.240875	
287	1.000006	0.000025	-0.048157	-0.000025	1.000006	0.014496	
288	0.999960	0.000129	0.044312	-0.000129	0.999960	0.092789	
289	1.000033	-0.000028	-0.060120	0.000028	1.000033	-0.084534	
290	0.999918	0.000029	-0.031494	-0.000029	0.999918	0.018723	
291	1.000129	-0.000023	0.037292	0.000023	1.000129	-0.027664	
292	0.999910	0.000002	-0.041321	-0.000002	0.999910	-0.071838	
293	0.999982	0.000109	0.021912	-0.000109	0.999982	-0.031235	
294	0.999532	0.000083	0.457214	-0.000083	0.999532	-0.011703	
295	0.999918	-0.000157	-0.100708	0.000157	0.999918	-0.052155	
296	1.000159	-0.000381	-0.354248	0.000381	1.000159	-0.485641	
297	0.999955	-0.000150	-0.029846	0.000150	0.999955	-0.065048	
298	0.999878	0.000061	-0.016113	-0.000061	0.999878	0.058212	
299	1.000113	0.000025	-0.418091	-0.000025	1.000113	0.047806	
300	0.999868	0.000064	-0.101257	-0.000064	0.999868	0.012390	
301	0.999984	0.000071	-0.093567	-0.000071	0.999984	0.070450	
302	0.999893	0.000116	0.021240	-0.000116	0.999893	0.124054	
303	1.000074	0.000028	-0.209961	-0.000028	1.000074	-0.078140	
304	0.999884	0.000006	-0.108459	-0.000006	0.999884	0.018265	
305	0.999922	0.000059	-0.144226	-0.000059	0.999922	0.032196	
306	1.000136	0.000054	-0.464844	-0.000054	1.000136	0.188797	
307	1.000062	0.000094	-0.545837	-0.000094	1.000062	0.101242	
308	1.000096	0.000017	-0.218811	-0.000017	1.000096	0.035217	
309	1.000131	-0.000180	-0.318481	0.000180	1.000131	-0.151550	
310	0.999974	0.000082	-1.000122	-0.000082	0.999974	0.353043	
311	0.999374	0.000347	0.661133	-0.000347	0.999374	0.110641	
312	1.000103	0.000066	-0.490112	-0.000066	1.000103	0.116852	
313	0.999770	-0.000066	-0.099487	0.000066	0.999770	0.222046	
314	0.999927	0.000092	-0.136353	-0.000092	0.999927	0.029175	
315	0.999806	0.000199	0.204224	-0.000199	0.999806	0.183334	
316	0.999925	-0.000081	0.025757	0.000081	0.999925	-0.130341	
317	0.999980	-0.000020	-0.008423	0.000020	0.999980	-0.057358	
318	0.999792	-0.000002	-0.015930	0.000002	0.999792	-0.027786	
319	1.000252	-0.000514	-0.243347	0.000514	1.000252	-0.531921	
320	1.000124	-0.000241	-0.289307	0.000241	1.000124	-0.124756	
321	1.000267	-0.000674	-0.736816	0.000674	1.000267	-0.701584	
322	0.999727	-0.000280	-0.060791	0.000280	0.999727	-0.121628	
323	1.000236	-0.000134	-0.485657	0.000134	1.000236	-0.242249	
324	0.999788	-0.000135	-0.164490	0.000135	0.999788	-0.150742	
325	1.000289	-0.000156	-1.019592	0.000156	1.000289	-0.393845	
326	0.999862	-0.000132	-0.071106	0.000132	0.999862	-0.120743	
327	0.999926	-0.000009	-0.146362	0.000009	0.999926	-0.126709	
328	1.000041	-0.000001	-0.172302	0.000001	1.000041	-0.150726	
329	0.999428	-0.000336	-0.188110	0.000336	0.999428	-0.245117	
330	0.999935	-0.000010	-0.070435	0.000010	0.999935	-0.060089	
331	0.999458	-0.000148	0.148926	0.000148	0.999458	0.026062	
332	0.999999	-0.000348	0.163757	0.000348	0.999999	-0.288361	
333	0.999941	-0.000014	-0.098511	0.000014	0.999941	0.000687	
334	0.999936	-0.000533	-0.084656	0.000533	0.999936	-0.666428	
335	1.000149	-0.000095	-0.282043	0.000095	1.000149	-0.179230	
336	1.000137	0.000054	-0.406128	-0.000054	1.000137	-0.214417	
337	1.000191	-0.000264	-0.438110	0.000264	1.000191	-0.567078	
338	0.999969	0.000205	-0.427979	-0.000205	0.999969	0.108215	
339	1.000298	-0.000554	-0.666016	0.000554	1.000298	-0.801514	
340	0.999824	-0.000120	0.099915	0.000120	0.999824	-0.181290	
341	1.000148	-0.000013	-0.135315	0.000013	1.000148	-0.163834	
342	0.999965	-0.000125	-0.023926	0.000125	0.999965	-0.128021	
343	0.999912	-0.000187	0.052307	0.000187	0.999912	-0.244720	
344	0.999926	-0.000015	-0.034058	0.000015	0.999926	-0.136124	
345	1.000287	-0.000331	-0.407715	0.000331	1.000287	-0.602448	
346	0.999785	0.000007	-0.148254	-0.000007	0.999785	0.003113	
347	1.000069	0.000241	-0.263123	-0.000241	1.000069	-0.133148	
348	0.999893	-0.000034	-0.366821	0.000034	0.999893	-0.013535	
349	1.000365	-0.000381	-0.995117	0.000381	1.000365	-0.560745	
350	0.999651	-0.000214	0.438538	0.000214	0.999651	-0.208130	
351	1.000088	-0.000139	-0.177307	0.000139	1.000088	-0.264496	
352	0.999445	-0.000256	0.009216	0.000256	0.999445	-0.128998	
353	0.999961	-0.000236	-0.002014	0.000236	0.999961	-0.352386	
354	0.999874	0.000051	-0.279724	-0.000051	0.999874	0.276428	
355	1.000124	-0.000513	-0.261963	0.000513	1.000124	-0.696198	
356	0.999545	-0.000452	0.412537	0.000452	0.999545	0.072891	
357	0.999794	-0.000014	-0.018677	0.000014	0.999794	0.017258	
358	0.999995	-0.000008	-0.204346	0.000008	0.999995	0.038635	
359	0.999833	-0.000043	-0.197571	0.000043	0.999833	-0.019562	
360	0.999923	-0.000339	-0.274414	0.000339	0.999923	-0.210892	
361	1.000130	-0.000146	-0.431335	0.000146	1.000130	-0.022232	
362	1.000075	-0.000058	-0.109558	0.000058	1.000075	-0.104599	
363	1.000235	-0.000036	-0.216553	0.000036	1.000235	-0.114700	
364	1.000045	-0.000351	-0.188477	0.000351	1.000045	-0.178345	
365	0.999797	0.000125	-0.108398	-0.000125	0.999797	0.066467	
366	0.999923	-0.000154	-0.044922	0.000154	0.999923	-0.046295	
367	0.999774	-0.000269	-0.013000	0.000269	0.999774	-0.129837	
368	0.999950	-0.000409	-0.098450	0.000409	0.999950	-0.319183	
369	1.000042	-0.000382	0.039734	0.000382	1.000042	-0.142822	
370	0.999706	-0.000073	0.049438	0.000073	0.999706	0.059921	
371	1.000029	-0.000289	0.070740	0.000289	1.000029	-0.270050	
372	0.999778	-0.000196	0.060120	0.000196	0.999778	-0.046173	
373	1.000160	-0.000129	-0.242188	0.000129	1.000160	-0.112122	
374	1.000061	-0.000033	-0.151672	0.000033	1.000061	-0.019119	
375	1.000097	-0.000186	-0.003662	0.000186	1.000097	-0.120468	
376	0.999896	-0.000098	0.015747	0.000098	0.999896	-0.004288	
377	0.999998	-0.000127	0.205566	0.000127	0.999998	0.181747	
378	0.999760	0.000103	0.662109	-0.000103	0.999760	0.130066	
379	1.000048	-0.000000	-0.189209	0.000000	1.000048	-0.040817	
380	1.000195	-0.000213	-0.156494	0.000213	1.000195	-0.252151	
381	0.999979	-0.000045	-0.188660	0.000045	0.999979	-0.028580	
382	1.000000	-0.000149	-0.015320	0.000149	1.000000	-0.138123	
383	1.000014	0.000057	-0.097107	-0.000057	1.000014	0.022385	
384	0.999877	-0.000253	0.024597	0.000253	0.999877	-0.119644	
385	1.000023	0.000019	-0.069641	-0.000019	1.000023	-0.054504	
386	1.001487	-0.000780	-1.943787	0.000780	1.001487	-1.072433	
387	0.999864	-0.000151	0.034668	0.000151	0.999864	-0.077118	
388	1.000094	-0.000281	0.113159	0.000281	1.000094	-0.438644	
389	1.000084	0.000019	0.103088	-0.000019	1.000084	0.004486	
390	1.000118	-0.000265	0.368164	0.000265	1.000118	-0.263000	
391	1.000049	0.000102	-0.084961	-0.000102	1.000049	0.011765	
392	1.000081	-0.000098	-0.121216	0.000098	1.000081	-0.218857	
393	0.999977	-0.000037	0.049805	0.000037	0.999977	-0.049591	
394	1.000080	-0.000039	-0.063477	0.000039	1.000080	-0.053162	
395	1.000034	-0.000403	0.134155	0.000403	1.000034	-0.404770	
396	0.999881	-0.000248	0.152832	0.000248	0.999881	-0.190964	
397	1.000142	-0.000126	0.071533	0.000126	1.000142	-0.041092	
398	0.999955	0.000004	-0.061951	-0.000004	0.999955	-0.045395	
399	1.000000	-0.000139	0.019714	0.000139	1.000000	-0.067871	
400	0.999983	0.000043	-0.035156	-0.000043	0.999983	0.007584	
401	0.999992	0.000236	-0.010742	-0.000236	0.999992	0.195816	
402	0.999890	0.000128	0.072083	-0.000128	0.999890	0.072342	
403	1.000260	0.000657	-0.385864	-0.000657	1.000260	0.609375	
404	0.999907	0.000100	0.087280	-0.000100	0.999907	0.022049	
405	0.999941	0.000092	-0.312683	-0.000092	0.999941	0.121902	
406	0.999991	0.000009	-0.004272	-0.000009	0.999991	-0.066727	
407	1.000060	0.000233	-0.191040	-0.000233	1.000060	0.349213	
408	0.999893	0.000321	0.031189	-0.000321	0.999893	0.314301	
409	1.000161	0.000115	-0.264221	-0.000115	1.000161	0.052261	
410	0.999916	0.000590	-0.326843	-0.000590	0.999916	0.711578	
411	1.000104	0.000153	0.067871	-0.000153	1.000104	0.226593	
412	0.999975	0.000241	-0.170349	-0.000241	0.999975	0.020981	
413	1.000017	0.000388	-0.092102	-0.000388	1.000017	0.117630	
414	0.999714	0.000114	0.166443	-0.000114	0.999714	0.071365	
415	1.000022	0.000029	-0.129333	-0.000029	1.000022	0.011948	
416	0.999605	0.000078	0.258423	-0.000078	0.999605	-0.024414	
417	0.999888	0.000136	0.035461	-0.000136	0.999888	0.072540	
418	1.000058	-0.000128	-0.212585	0.000128	1.000058	-0.153397	
419	0.999654	-0.000032	-0.029053	0.000032	0.999654	-0.054550	
420	0.999912	0.000054	-0.062134	-0.000054	0.999912	0.021164	
421	1.000375	-0.000091	0.081604	0.000091	1.000375	-0.587189	
422	0.999670	-0.000640	0.058105	0.000640	0.999670	-0.540283	
423	0.999873	-0.000074	0.048889	0.000074	0.999873	-0.108429	
424	0.999844	-0.000014	0.303040	0.000014	0.999844	-0.176483	
425	1.000223	-0.000157	-0.590942	0.000157	1.000223	-0.323288	
426	0.999733	0.000090	-0.006042	-0.000090	0.999733	0.036072	
427	0.999933	-0.000165	0.040894	0.000165	0.999933	-0.194122	
428	0.999841	-0.000039	0.157837	0.000039	0.999841	-0.076065	
429	1.000150	-0.000078	-0.059387	0.000078	1.000150	-0.370239	
430	0.999868	0.000002	0.089722	-0.000002	0.999868	-0.090149	
431	1.000005	-0.000024	-0.037781	0.000024	1.000005	-0.078094	
432	0.999667	-0.000054	0.218384	0.000054	0.999667	-0.179703	
433	1.000071	0.000033	0.205444	-0.000033	1.000071	0.079132	
434	0.999829	0.000048	-0.026978	-0.000048	0.999829	0.018005	
435	1.000260	-0.000332	-0.032654	0.000332	1.000260	-0.776947	
436	0.999917	-0.000121	-0.077454	0.000121	0.999917	-0.063232	
437	1.000063	-0.000023	-0.138306	0.000023	1.000063	-0.145203	
438	0.999993	0.000070	-0.076721	-0.000070	0.999993	-0.088821	
439	1.000146	0.000025	-0.089294	-0.000025	1.000146	-0.083405	
440	0.999959	0.000245	-0.193359	-0.000245	0.999959	0.234390	
441	0.999970	-0.000392	-0.044189	0.000392	0.999970	-0.650513	
442	0.999985	-0.000006	-0.078247	0.000006	0.999985	0.060486	
443	1.000088	-0.000218	0.516724	0.000218	1.000088	-0.347885	
444	0.999867	0.000132	0.344360	-0.000132	0.999867	0.187347	
445	1.000163	0.000019	-0.039307	-0.000019	1.000163	-0.173462	
446	0.999847	-0.000171	0.256104	0.000171	0.999847	-0.113510	
447	0.999926	-0.000052	0.057312	0.000052	0.999926	-0.032715	
448	1.000042	-0.000215	0.307983	0.000215	1.000042	-0.246277	
449	0.999952	-0.000072	0.073914	0.000072	0.999952	-0.157104	
450	0.999969	0.000043	0.354004	-0.000043	0.999969	0.058777	
451	0.999962	-0.000289	0.461609	0.000289	0.999962	-0.228210	
452	0.999915	-0.000021	0.011658	0.000021	0.999915	-0.026093	
453	0.999982	-0.000204	0.081421	0.000204	0.999982	-0.168686	
454	0.999860	0.000147	0.236084	-0.000147	0.999860	0.265747	
455	1.000000	-0.000207	0.057617	0.000207	1.000000	-0.130859	
456	1.000145	0.000113	-0.041016	-0.000113	1.000145	-0.019455	
457	1.000005	0.000131	0.179688	-0.000131	1.000005	0.091873	
458	1.000237	0.000278	-0.269531	-0.000278	1.000237	0.110672	
459	1.000114	0.000167	0.087036	-0.000167	1.000114	0.166046	
460	0.999815	0.000211	0.085205	-0.000211	0.999815	0.455338	
461	1.000178	-0.000088	0.082092	0.000088	1.000178	-0.278534	
462	0.999922	0.000033	0.266907	-0.000033	0.999922	0.122192	
463	1.000106	-0.000080	0.452515	0.000080	1.000106	0.010971	
464	0.999918	0.000217	0.324524	-0.000217	0.999918	0.182968	
465	1.000083	-0.000308	-0.134033	0.000308	1.000083	-0.453079	
466	1.000087	-0.000060	0.073547	0.000060	1.000087	0.148880	
467	1.000158	0.000002	0.081848	-0.000002	1.000158	-0.095047	
468	0.999882	-0.000038	0.933777	0.000038	0.999882	0.030151	
469	0.999805	-0.000001	0.158203	0.000001	0.999805	0.173508	
470	0.999826	-0.000250	0.690613	0.000250	0.999826	-0.922195	
471	1.000081	-0.000020	0.328857	0.000020	1.000081	0.828079	
472	0.999837	-0.000196	1.098083	0.000196	0.999837	-0.511688	
473	1.000013	-0.000269	0.122314	0.000269	1.000013	-0.351242	
474	0.999674	-0.000075	0.406799	0.000075	0.999674	-0.014420	
475	0.999927	-0.000337	0.417542	0.000337	0.999927	-0.308731	
476	0.999919	-0.000232	0.404724	0.000232	0.999919	-0.312241	
477	0.999980	-0.000374	0.759766	0.000374	0.999980	-0.529221	
478	0.999866	-0.000252	0.381836	0.000252	0.999866	-0.160919	
479	1.000050	-0.000537	0.678711	0.000537	1.000050	-0.632187	
480	0.999762	-0.000076	0.511902	0.000076	0.999762	-0.237442	
481	0.999880	-0.000404	0.380188	0.000404	0.999880	-0.469009	
482	0.999488	-0.000134	0.803284	0.000134	0.999488	-0.121506	
483	1.000205	0.000086	0.606018	-0.000086	1.000205	-0.466064	
484	0.999856	-0.000189	0.717834	0.000189	0.999856	-0.158478	
485	1.000066	-0.000190	-0.149475	0.000190	1.000066	-0.196457	
486	0.999745	-0.000222	0.718323	0.000222	0.999745	-0.316803	
487	1.000041	-0.000049	0.373779	0.000049	1.000041	-0.089859	
488	0.999518	-0.000434	0.759888	0.000434	0.999518	-0.538681	
489	0.999876	-0.000045	0.002686	0.000045	0.999876	-0.059158	
490	0.999802	-0.000381	0.572937	0.000381	0.999802	-0.480759	
491	1.000301	-0.000526	0.414978	0.000526	1.000301	-0.652634	
492	0.999713	-0.000054	0.537903	0.000054	0.999713	-0.157425	
493	1.000246	0.000045	0.123779	-0.000045	1.000246	-0.124512	
494	0.999556	-0.000042	0.564697	0.000042	0.999556	-0.175812	
495	1.000115	0.000038	0.526733	-0.000038	1.000115	-0.033539	
496	0.999887	0.000113	0.017944	-0.000113	0.999887	0.086227	
497	1.000144	-0.000229	0.078735	0.000229	1.000144	-0.400467	
498	0.999686	-0.000225	0.653442	0.000225	0.999686	-0.173828	
499	0.999885	-0.000281	0.633667	0.000281	0.999885	-0.113007	
500	0.999668	-0.000016	0.611450	0.000016	0.999668	0.217392	
501	1.000021	-0.000263	0.276794	0.000263	1.000021	-0.502090	
502	1.000338	0.000083	-0.162354	-0.000083	1.000338	0.035355	
503	0.999941	0.000042	0.353516	-0.000042	0.999941	0.155838	
504	0.999907	-0.000157	0.312988	0.000157	0.999907	-0.085831	
505	0.999969	0.000334	0.840271	-0.000334	0.999969	0.383911	
506	1.000044	0.000019	0.127808	-0.000019	1.000044	-0.027588	
507	1.000096	0.000025	-0.013916	-0.000025	1.000096	0.074234	
508	0.999705	0.000212	0.693665	-0.000212	0.999705	0.337646	
509	1.000270	0.000022	-0.315979	-0.000022	1.000270	-0.001938	
510	0.999922	0.000010	0.358826	-0.000010	0.999922	0.126724	
511	1.000202	-0.000095	0.104248	0.000095	1.000202	-0.112305	
512	0.999644	0.000223	0.904785	-0.000223	0.999644	0.540405	
513	0.999922	0.000094	0.215820	-0.000094	0.999922	0.273331	
514	0.999921	0.000339	0.093567	-0.000339	0.999921	0.305405	
515	1.000146	0.000007	-0.160278	-0.000007	1.000146	-0.060867	
516	0.999799	0.000162	0.343506	-0.000162	0.999799	0.446884	
517	0.999976	0.000236	0.000854	-0.000236	0.999976	0.305542	
518	0.999610	0.000003	0.436829	-0.000003	0.999610	0.122101	
519	1.000233	0.000160	-0.025146	-0.000160	1.000233	0.138687	
520	0.999735	0.000459	0.569824	-0.000459	0.999735	0.572891	
521	1.000327	-0.000016	-0.299500	0.000016	1.000327	-0.182938	
522	0.999982	0.000097	0.003845	-0.000097	0.999982	0.114777	
523	0.999974	0.000441	0.362976	-0.000441	0.999974	0.680511	
524	0.999711	0.000094	0.299316	-0.000094	0.999711	0.112839	
525	0.999862	0.000291	0.560181	-0.000291	0.999862	0.466263	
526	0.999788	0.000037	0.246155	-0.000037	0.999788	-0.544144	
527	1.000020	0.000964	-0.083008	-0.000964	1.000020	1.253113	
528	1.000142	0.000080	0.092773	-0.000080	1.000142	-0.083084	
529	1.000391	-0.000338	-0.089722	0.000338	1.000391	-0.648819	
530	0.999778	-0.000074	-0.178345	0.000074	0.999778	0.219604	
531	1.000108	-0.000132	0.027954	0.000132	1.000108	-0.180420	
532	0.999810	0.000112	0.319031	-0.000112	0.999810	0.101807	
533	1.000181	0.000110	-0.400696	-0.000110	1.000181	-0.134109	
534	0.999827	-0.000040	0.075073	0.000040	0.999827	-0.037079	
535	0.999864	-0.000000	0.043945	0.000000	0.999864	-0.027237	
536	0.999591	-0.000120	0.569519	0.000120	0.999591	-0.162674	
537	1.000039	-0.000142	0.088806	0.000142	1.000039	-0.113113	
538	0.999374	-0.000460	0.489075	0.000460	0.999374	-0.289795	
539	1.000065	-0.000443	-0.109253	0.000443	1.000065	-0.567017	
540	0.999824	-0.000403	0.356506	0.000403	0.999824	-0.332947	
541	0.999897	-0.000371	0.211426	0.000371	0.999897	-0.395813	
542	0.999714	-0.000883	0.640442	0.000883	0.999714	-0.869446	
543	1.000024	-0.000029	0.351440	0.000029	1.000024	-0.038605	
544	0.999932	-0.000304	-0.216064	0.000304	0.999932	-0.301132	
545	0.999968	-0.000028	-0.199829	0.000028	0.999968	-0.095932	
546	0.999927	-0.000148	-0.030090	0.000148	0.999927	-0.134735	
547	1.000283	0.000003	-0.409302	-0.000003	1.000283	-0.109116	
548	0.999980	-0.000053	-0.086914	0.000053	0.999980	-0.028366	
549	1.000121	-0.000229	-0.214539	0.000229	1.000121	-0.300461	
550	1.000099	0.000038	-0.141541	-0.000038	1.000099	0.025543	
551	0.999840	0.000183	-0.113953	-0.000183	0.999840	0.169434	
552	0.999976	0.000061	-0.044861	-0.000061	0.999976	0.031235	
553	0.999940	0.000075	-0.081421	-0.000075	0.999940	0.002167	
554	0.999946	0.000205	-0.102539	-0.000205	0.999946	0.121216	
555	0.999848	0.000134	-0.176086	-0.000134	0.999848	0.028030	
556	1.000007	0.000021	-0.349609	-0.000021	1.000007	-0.068222	
557	1.000057	0.000039	-0.128357	-0.000039	1.000057	0.051498	
558	0.999777	0.000221	-0.011108	-0.000221	0.999777	0.225891	
559	1.000177	0.000271	-0.440918	-0.000271	1.000177	0.042297	
560	0.999969	0.000193	-0.530212	-0.000193	0.999969	0.171906	
561	0.999854	0.000197	-0.069519	-0.000197	0.999854	0.171143	
562	1.000003	0.000120	-0.153076	-0.000120	1.000003	0.010315	
563	0.999952	0.000060	-0.016785	-0.000060	0.999952	0.079483	
564	0.999949	0.000089	-0.028259	-0.000089	0.999949	-0.007523	
565	1.000021	-0.000020	-0.077576	0.000020	1.000021	-0.070770	
566	0.999926	0.000008	-0.048889	-0.000008	0.999926	-0.083374	
567	1.000026	-0.000483	-0.355469	0.000483	1.000026	-0.765320	
568	0.999836	-0.000151	-0.000305	0.000151	0.999836	-0.049042	
569	1.000011	-0.000017	-0.136597	0.000017	1.000011	-0.187088	
570	1.000191	-0.000211	-0.249695	0.000211	1.000191	-0.256149	
571	0.999952	-0.000046	-0.104797	0.000046	0.999952	0.032990	
572	0.999876	0.000036	-0.140869	-0.000036	0.999876	-0.118118	
573	1.000127	-0.000339	-0.673218	0.000339	1.000127	-0.413544	
574	0.999768	-0.000501	0.193481	0.000501	0.999768	-0.631119	
575	1.000046	0.000030	-0.143372	-0.000030	1.000046	0.133469	
576	0.999870	-0.000194	0.081116	0.000194	0.999870	-0.204697	
577	0.999953	-0.000049	-0.168579	0.000049	0.999953	0.027603	
578	0.999940	-0.000068	-0.277039	0.000068	0.999940	-0.058136	
579	0.999972	0.000146	-0.355164	-0.000146	0.999972	0.015457	
580	0.999722	0.000348	-0.154907	-0.000348	0.999722	0.166199	
581	1.000028	-0.000038	-0.252441	0.000038	1.000028	0.003754	
582	0.999703	0.000092	-0.294250	-0.000092	0.999703	0.152512	
583	1.000201	-0.000198	-0.710205	0.000198	1.000201	-0.421631	
584	0.999733	0.000027	-0.039001	-0.000027	0.999733	0.060455	
585	1.000006	-0.000041	-0.383118	0.000041	1.000006	-0.216415	
586	1.000031	0.000059	-0.157043	-0.000059	1.000031	0.008301	
587	0.999893	0.000065	-0.081909	-0.000065	0.999893	0.040894	
588	0.999909	0.000127	-0.101318	-0.000127	0.999909	0.115356	
589	0.999983	0.000140	-0.178284	-0.000140	0.999983	0.040314	
590	0.999972	0.000572	-0.362915	-0.000572	0.999972	0.307571	
591	1.000084	0.000076	-0.355835	-0.000076	1.000084	-0.030945	
592	0.999978	-0.000116	-1.100891	0.000116	0.999978	-0.279831	
593	0.999729	-0.000361	0.074585	0.000361	0.999729	-0.404205	
594	0.999750	-0.000235	0.429321	0.000235	0.999750	-0.162415	
595	0.999990	-0.000015	-0.018188	0.000015	0.999990	-0.015472	
596	0.999974	-0.000434	-0.041443	0.000434	0.999974	-0.416275	
597	1.000125	0.000060	-0.291138	-0.000060	1.000125	0.108932	
598	0.999858	0.000093	0.198792	-0.000093	0.999858	-0.099716	
599	0.999986	-0.000032	0.005554	0.000032	0.999986	-0.007339	
600	0.999700	-0.000080	0.200317	0.000080	0.999700	-0.066971	
601	0.999929	-0.000129	-0.066833	0.000129	0.999929	-0.157867	
602	0.999919	-0.000146	0.011719	0.000146	0.999919	-0.137070	
603	0.999839	0.000012	0.021729	-0.000012	0.999839	0.045227	
604	0.999937	0.000012	0.001343	-0.000012	0.999937	-0.007431	
605	0.999956	-0.000131	0.039185	0.000131	0.999956	-0.068390	
606	0.999887	0.000022	-0.002930	-0.000022	0.999887	0.013229	
607	0.999819	-0.000480	0.119751	0.000480	0.999819	-0.570923	
608	0.999849	-0.000055	0.019226	0.000055	0.999849	0.096909	
609	0.999887	-0.000060	0.009705	0.000060	0.999887	-0.118851	
610	0.999839	-0.000038	0.060059	0.000038	0.999839	0.010773	
611	1.000200	0.000024	0.031677	-0.000024	1.000200	-0.123138	
612	0.999994	0.000089	-0.347900	-0.000089	0.999994	0.026001	
613	0.999786	-0.000006	-0.008179	0.000006	0.999786	0.042999	
614	0.999807	0.000114	-0.099243	-0.000114	0.999807	0.027695	
615	0.999771	-0.000030	0.045654	0.000030	0.999771	0.114731	
616	0.999883	0.000076	-0.066162	-0.000076	0.999883	-0.025818	
617	1.000082	0.000020	-0.308594	-0.000020	1.000082	-0.039871	
618	1.000028	0.000048	-0.288147	-0.000048	1.000028	0.007355	
619	0.999944	0.000198	-0.160217	-0.000198	0.999944	0.122849	
620	0.999831	0.000121	-0.104980	-0.000121	0.999831	0.297302	
621	0.999977	0.000116	-0.045227	-0.000116	0.999977	0.009964	
622	0.999886	0.000197	-0.036377	-0.000197	0.999886	0.219040	
623	0.997687	0.000425	0.155579	-0.000425	0.997687	0.572632	
624	0.999842	0.000160	-0.520752	-0.000160	0.999842	0.305099	
625	1.000253	-0.000121	-0.805359	0.000121	1.000253	-0.376297	
626	0.999841	0.000148	0.058411	-0.000148	0.999841	0.246368	
627	0.999913	0.000189	0.052734	-0.000189	0.999913	0.091278	
628	0.999813	0.000115	0.052795	-0.000115	0.999813	0.150970	
629	0.999883	0.000098	-0.557434	-0.000098	0.999883	-0.129913	
630	0.999796	0.000152	-0.164307	-0.000152	0.999796	0.125366	
631	0.999273	0.000516	0.682007	-0.000516	0.999273	0.713501	
632	0.999923	0.000514	-0.178955	-0.000514	0.999923	0.067139	
633	0.999879	-0.000121	-0.251709	0.000121	0.999879	0.093689	
634	0.999745	-0.000096	-0.040833	0.000096	0.999745	-0.039841	
635	0.999805	0.000160	0.127014	-0.000160	0.999805	0.229584	
636	0.999747	0.000058	0.047546	-0.000058	0.999747	0.057144	
637	0.999924	0.000286	-0.218262	-0.000286	0.999924	0.234680	
638	0.999896	0.000162	-0.271790	-0.000162	0.999896	0.151642	
639	0.999913	0.000149	-0.829285	-0.000149	0.999913	0.097275	
640	0.999711	0.000250	-0.144470	-0.000250	0.999711	0.223495	
641	0.999945	0.000103	-0.132263	-0.000103	0.999945	0.043381	
642	0.999868	0.000152	0.107300	-0.000152	0.999868	0.134171	
643	0.999587	0.000331	0.451172	-0.000331	0.999587	0.440613	
644	0.999913	0.000093	-0.013000	-0.000093	0.999913	-0.005966	
645	0.999905	0.000034	-0.122437	-0.000034	0.999905	-0.032654	
646	0.999826	-0.000351	0.144409	0.000351	0.999826	-0.433640	
647	0.999923	-0.000103	-0.089478	0.000103	0.999923	-0.128036	
648	0.999939	-0.000290	-0.086243	0.000290	0.999939	-0.291321	
649	0.999704	-0.000409	0.015320	0.000409	0.999704	-0.151199	
650	0.999783	-0.000607	-0.124695	0.000607	0.999783	-0.511749	
651	1.000025	0.000042	-0.175598	-0.000042	1.000025	-0.079010	
652	0.999727	0.000020	0.032593	-0.000020	0.999727	0.001495	
653	0.999864	0.000008	-0.044861	-0.000008	0.999864	0.012955	
654	0.999781	0.000064	-0.022034	-0.000064	0.999781	0.023193	
655	0.999945	-0.000211	-0.170166	0.000211	0.999945	-0.162933	
656	0.999793	-0.000095	-0.007202	0.000095	0.999793	-0.076019	
657	0.999804	0.000038	0.030701	-0.000038	0.999804	0.101227	
658	0.999581	0.000030	0.085510	-0.000030	0.999581	0.159073	
659	0.999910	0.000001	0.002014	-0.000001	0.999910	0.055649	
660	0.999480	0.000070	0.288818	-0.000070	0.999480	0.185043	
661	0.999930	0.000169	-0.223694	-0.000169	0.999930	0.188461	
662	0.999709	-0.000009	0.128540	0.000009	0.999709	0.014038	
663	1.000025	0.000285	-0.093689	-0.000285	1.000025	0.201935	
664	0.999941	0.000148	-0.059509	-0.000148	0.999941	0.114975	
665	0.999945	0.000045	-0.015076	-0.000045	0.999945	0.042419	
666	0.999848	0.000115	-0.032959	-0.000115	0.999848	0.145233	
667	0.999970	0.000054	-0.044922	-0.000054	0.999970	0.112198	
668	0.999770	0.000111	0.298035	-0.000111	0.999770	0.157516	
669	1.000210	0.000177	-0.344421	-0.000177	1.000210	0.074142	
670	0.999826	0.000132	0.166626	-0.000132	0.999826	0.186417	
671	0.999970	0.000158	-0.109985	-0.000158	0.999970	0.110413	
672	0.999986	0.000700	-0.294067	-0.000700	0.999986	0.918945	
673	0.999789	0.000121	0.008179	-0.000121	0.999789	0.088730	
674	0.999965	0.000152	-0.134460	-0.000152	0.999965	0.107437	
675	0.999947	0.000035	-0.126404	-0.000035	0.999947	0.055420	
676	0.999734	0.000124	0.028748	-0.000124	0.999734	0.330109	
677	1.000042	0.000098	-0.049438	-0.000098	1.000042	-0.007401	
678	0.999734	0.000351	0.056763	-0.000351	0.999734	0.456924	
679	1.000002	0.000185	-0.174133	-0.000185	1.000002	0.119171	
680	0.999566	0.000408	0.215515	-0.000408	0.999566	0.540726	
681	1.000023	0.000524	-0.234253	-0.000524	1.000023	0.313629	
682	0.999808	0.000148	0.177979	-0.000148	0.999808	0.107529	
683	1.000031	0.000253	-0.291138	-0.000253	1.000031	0.241486	
684	0.999969	0.000057	-0.081482	-0.000057	0.999969	0.004608	
685	0.999975	-0.000011	-0.257568	0.000011	0.999975	-0.036728	
686	0.999760	-0.000012	0.069824	0.000012	0.999760	-0.026260	
687	1.000005	-0.000001	0.090454	0.000001	1.000005	0.102280	
688	0.999522	0.000214	0.480408	-0.000214	0.999522	0.367310	
689	1.000032	0.000273	-0.042603	-0.000273	1.000032	0.095108	
690	0.999862	0.000095	-0.007690	-0.000095	0.999862	0.078247	
691	0.999899	0.000189	-0.216309	-0.000189	0.999899	0.174622	
692	0.999771	0.000181	-0.017761	-0.000181	0.999771	0.140244	
693	0.999829	0.000043	-0.046814	-0.000043	0.999829	-0.012817	
694	0.999903	0.000032	-0.037048	-0.000032	0.999903	-0.010391	
695	0.999926	-0.000039	-0.064087	0.000039	0.999926	-0.029678	
696	0.999656	-0.000136	0.010742	0.000136	0.999656	-0.220428	
697	1.000107	-0.000063	-0.269043	0.000063	1.000107	-0.065414	
698	0.999813	-0.000676	0.451111	0.000676	0.999813	-0.643265	
699	1.000053	-0.000248	-0.064270	0.000248	1.000053	-0.177689	
700	1.000059	-0.000118	0.006409	0.000118	1.000059	-0.090454	
701	0.999996	-0.000281	0.093140	0.000281	0.999996	-0.379608	
702	0.999823	-0.000355	0.227722	0.000355	0.999823	-0.208282	
703	0.999991	-0.000282	-0.014526	0.000282	0.999991	-0.122330	
704	0.999959	-0.000116	0.015747	0.000116	0.999959	-0.104111	
705	1.000015	-0.000341	0.103760	0.000341	1.000015	-0.350021	
706	0.999692	-0.000185	0.336670	0.000185	0.999692	-0.133041	
707	1.000003	-0.000216	0.077637	0.000216	1.000003	-0.157639	
708	0.999729	-0.000303	0.366211	0.000303	0.999729	-0.354477	
709	1.000079	-0.000447	0.045044	0.000447	1.000079	-0.171112	
710	0.999980	-0.000290	0.032532	0.000290	0.999980	-0.155457	
711	0.999906	-0.000254	0.153564	0.000254	0.999906	0.025696	
712	0.999854	0.000114	0.279663	-0.000114	0.999854	-0.128448	
713	1.000045	-0.000154	-0.201233	0.000154	1.000045	-0.089615	
714	0.999893	-0.000153	0.034180	0.000153	0.999893	-0.049255	
715	0.999849	-0.000246	0.194519	0.000246	0.999849	-0.115387	
716	0.999932	-0.000298	0.211853	0.000298	0.999932	-0.125229	
717	0.999938	-0.000238	0.089844	0.000238	0.999938	-0.302963	
718	0.999739	-0.000181	0.036804	0.000181	0.999739	-0.054703	
719	0.999917	-0.000078	-0.025269	0.000078	0.999917	-0.088089	
720	0.999858	0.000014	0.052429	-0.000014	0.999858	0.177750	
721	0.999524	0.000331	0.029846	-0.000331	0.999524	0.359161	
722	0.999802	-0.000065	0.087097	0.000065	0.999802	0.073578	
723	0.999867	0.000013	-0.111694	-0.000013	0.999867	0.106644	
724	0.999895	0.000041	-0.000671	-0.000041	0.999895	0.263550	
725	0.999932	0.000064	-0.138367	-0.000064	0.999932	0.109528	
726	1.000376	0.000184	-0.513428	-0.000184	1.000376	0.326477	
727	0.999977	-0.000001	-0.001099	0.000001	0.999977	0.024811	
728	0.999661	0.000021	0.661621	-0.000021	0.999661	0.484360	
729	0.999864	-0.000008	0.074402	0.000008	0.999864	-0.000137	
730	0.999714	0.000026	0.218872	-0.000026	0.999714	0.222931	
731	0.999967	0.000125	-0.086975	-0.000125	0.999967	0.238953	
732	0.999679	0.000224	0.778442	-0.000224	0.999679	0.229156	
733	1.000123	0.000025	-0.245178	-0.000025	1.000123	0.007401	
734	0.999991	-0.000045	-0.322083	0.000045	0.999991	-0.046677	
735	0.999781	0.000085	0.070007	-0.000085	0.999781	0.323532	
736	0.999697	0.000074	0.473145	-0.000074	0.999697	0.175034	
737	0.999954	-0.000043	0.066589	0.000043	0.999954	0.300507	
738	0.999998	-0.000101	0.158020	0.000101	0.999998	0.121674	
739	1.000012	0.000151	0.056641	-0.000151	1.000012	0.169556	
740	0.999854	0.000031	0.332825	-0.000031	0.999854	0.138519	
741	0.999733	0.000214	0.407776	-0.000214	0.999733	0.391678	
742	0.999960	-0.000148	0.750916	0.000148	0.999960	-0.039413	
743	0.999927	-0.000014	0.067627	0.000014	0.999927	0.170486	
744	0.999877	-0.000110	0.390625	0.000110	0.999877	-0.045044	
745	0.999927	-0.000046	0.147949	0.000046	0.999927	0.064697	
746	0.999888	-0.000182	0.338318	0.000182	0.999888	0.059845	
747	0.999843	-0.000011	0.060974	0.000011	0.999843	0.030609	
748	0.999802	0.000317	0.139954	-0.000317	0.999802	0.474014	
749	0.999180	0.000550	0.569275	-0.000550	0.999180	0.641876	
750	0.999982	0.000045	0.026855	-0.000045	0.999982	0.061661	
751	0.999879	0.000038	-0.004456	-0.000038	0.999879	-0.067490	
752	0.999862	0.000498	0.101318	-0.000498	0.999862	0.529099	
753	0.999944	0.000206	-0.163696	-0.000206	0.999944	0.058517	
754	0.999757	-0.000161	0.208191	0.000161	0.999757	-0.213043	
755	0.999848	0.000068	0.131653	-0.000068	0.999848	0.053391	
756	0.999279	0.000287	1.166870	-0.000287	0.999279	0.412933	
757	1.000052	0.000071	-0.006348	-0.000071	1.000052	0.038177	
758	0.999835	0.000026	-0.156006	-0.000026	0.999835	-0.073318	
759	0.999901	-0.000037	0.102539	0.000037	0.999901	-0.011566	
760	0.999705	0.000079	0.906738	-0.000079	0.999705	0.337097	
761	1.000004	0.000175	-0.199158	-0.000175	1.000004	-0.075394	
762	0.999813	0.000045	0.168579	-0.000045	0.999813	0.072357	
763	1.000082	0.000021	-0.051819	-0.000021	1.000082	-0.113922	
764	0.999807	0.000062	0.269775	-0.000062	0.999807	0.118546	
765	0.999833	-0.000023	0.108887	0.000023	0.999833	-0.011078	
766	1.000216	-0.000112	-0.250122	0.000112	1.000216	-0.046799	
767	0.999841	-0.000423	0.351685	0.000423	0.999841	-0.580673	
768	1.000026	-0.000237	0.375000	0.000237	1.000026	-0.140366	
769	0.999912	-0.000319	0.091125	0.000319	0.999912	-0.311722	
770	0.999846	-0.000259	0.103699	0.000259	0.999846	0.051636	
771	0.999940	-0.000013	0.120911	0.000013	0.999940	-0.017014	
772	0.999613	0.000222	0.970093	-0.000222	0.999613	0.352570	
773	1.000054	0.000254	-0.076904	-0.000254	1.000054	0.050995	
774	0.999910	0.000162	-0.020996	-0.000162	0.999910	0.186249	
775	0.999948	0.000161	-0.013367	-0.000161	0.999948	0.257660	
776	0.999651	0.000030	0.153320	-0.000030	0.999651	0.173538	
777	0.999956	-0.000073	-0.029602	0.000073	0.999956	0.045914	
778	0.999659	-0.000034	0.326172	0.000034	0.999659	0.213516	
779	1.000027	-0.000096	0.024963	0.000096	1.000027	-0.064011	
780	0.999930	0.000089	0.029907	-0.000089	0.999930	0.283691	
781	1.000043	-0.000132	-0.010132	0.000132	1.000043	-0.068832	
782	0.999913	0.000051	0.037659	-0.000051	0.999913	0.033707	
783	0.999641	0.000229	0.093567	-0.000229	0.999641	0.258621	
784	0.998748	0.000188	0.587646	-0.000188	0.998748	0.555389	
785	0.999900	0.000160	-0.350586	-0.000160	0.999900	0.097290	
786	0.999698	0.000102	0.024109	-0.000102	0.999698	0.219971	
787	1.000075	0.000045	-0.158875	-0.000045	1.000075	0.100800	
788	0.999660	0.000109	0.387390	-0.000109	0.999660	0.344666	
789	1.000108	0.000028	-0.293701	-0.000028	1.000108	0.171783	
790	0.999841	-0.000045	-0.040100	0.000045	0.999841	0.079620	
791	0.999891	0.000159	-0.306030	-0.000159	0.999891	0.407455	
792	0.999301	0.000397	-0.023743	-0.000397	0.999301	0.665619	
793	0.999791	0.000511	-0.367249	-0.000511	0.999791	0.665787	
794	0.999728	0.000206	-0.253296	-0.000206	0.999728	0.259781	
795	0.999965	0.000121	-0.244141	-0.000121	0.999965	0.249725	
796	0.999931	0.000273	-0.216980	-0.000273	0.999931	0.733261	
797	1.000100	0.000287	-0.147949	-0.000287	1.000100	0.338776	
798	0.999832	0.000349	-0.043518	-0.000349	0.999832	0.418442	
799	1.000162	0.000300	-0.467224	-0.000300	1.000162	0.359207	
800	0.999588	0.000253	-0.081482	-0.000253	0.999588	0.682327	
801	0.999801	0.000091	-0.069153	-0.000091	0.999801	0.067245	
802	0.999843	0.000477	0.010132	-0.000477	0.999843	1.024384	
803	0.999923	-0.000052	-0.096436	0.000052	0.999923	0.064133	
804	0.999541	-0.000061	0.335999	0.000061	0.999541	0.313660	
805	1.000058	-0.000096	-0.066345	0.000096	1.000058	0.187164	
806	0.999489	0.000122	0.396851	-0.000122	0.999489	0.477203	
807	0.999752	-0.000131	0.264648	0.000131	0.999752	-0.047241	
808	0.999554	-0.000321	0.350525	0.000321	0.999554	0.187225	
809	0.999826	-0.000018	-0.272705	0.000018	0.999826	0.134735	
810	0.999460	0.000062	0.065247	-0.000062	0.999460	0.220978	
811	0.999568	-0.000394	0.341248	0.000394	0.999568	0.350616	
812	0.999502	0.000002	0.203918	-0.000002	0.999502	0.149750	
813	0.999807	0.000116	0.036621	-0.000116	0.999807	0.214142	
814	0.999667	-0.000014	0.178162	0.000014	0.999667	0.090576	
815	1.000049	0.000031	-0.236023	-0.000031	1.000049	0.281754	
816	0.999846	-0.000439	0.161316	0.000439	0.999846	-0.000763	
817	1.000001	-0.000083	-0.104858	0.000083	1.000001	0.128357	
818	0.999591	-0.000293	0.311523	0.000293	0.999591	0.210922	
819	1.000055	0.000399	-0.219116	-0.000399	1.000055	0.538788	
820	0.999925	0.000177	-0.108643	-0.000177	0.999925	0.225632	
821	1.000248	0.000202	-0.430176	-0.000202	1.000248	0.325119	
822	0.999766	0.000086	-0.158081	-0.000086	0.999766	0.354965	
823	1.000112	0.000334	-0.376404	-0.000334	1.000112	0.694122	
824	1.000058	-0.000014	-0.422913	0.000014	1.000058	0.201401	
825	0.999892	-0.000089	-0.053101	0.000089	0.999892	0.264923	
826	1.000003	0.000232	-0.091125	-0.000232	1.000003	0.465393	
827	1.000019	0.000013	-0.129089	-0.000013	1.000019	0.072144	
828	0.999513	0.000133	0.131042	-0.000133	0.999513	0.667847	
829	1.000162	-0.000112	-0.316956	0.000112	1.000162	0.083786	
830	0.999901	-0.000015	0.010864	0.000015	0.999901	0.248779	
831	1.000147	0.000280	-0.398682	-0.000280	1.000147	0.231720	
832	0.999832	0.000001	0.269409	-0.000001	0.999832	0.325226	
833	1.000041	0.000199	-0.191345	-0.000199	1.000041	0.384201	
834	0.999997	0.000024	-0.287109	-0.000024	0.999997	0.056152	
835	1.000037	-0.000088	-0.328064	0.000088	1.000037	0.544006	
836	0.999631	0.000079	-0.069824	-0.000079	0.999631	0.434555	
837	0.999991	-0.000185	-0.354919	0.000185	0.999991	-0.053116	
838	0.999719	-0.000090	0.095642	0.000090	0.999719	0.153900	
839	0.999849	0.000730	0.148132	-0.000730	0.999849	0.825195	
840	0.999925	0.000299	0.156677	-0.000299	0.999925	0.311737	
841	1.000115	0.000116	-0.082214	-0.000116	1.000115	0.226089	
842	0.999880	0.000085	-0.026428	-0.000085	0.999880	0.153778	
843	1.000044	-0.000107	-0.023926	0.000107	1.000044	-0.013687	
844	0.999964	0.000002	-0.104919	-0.000002	0.999964	0.026611	
845	1.000299	-0.000068	-0.483582	0.000068	1.000299	0.054276	
846	0.999842	-0.000383	0.020325	0.000383	0.999842	-0.044495	
847	1.000117	0.000007	-0.190735	-0.000007	1.000117	0.032379	
848	1.000150	0.000034	-0.256470	-0.000034	1.000150	-0.011505	
849	0.999827	0.000021	-0.031433	-0.000021	0.999827	-0.025269	
850	0.999996	0.000175	-0.177002	-0.000175	0.999996	0.210556	
851	0.999975	0.000126	-0.163513	-0.000126	0.999975	0.183929	
852	1.000073	0.000057	-0.121216	-0.000057	1.000073	-0.052750	
853	0.999852	-0.000011	-0.024719	0.000011	0.999852	0.049713	
854	1.000158	-0.000157	-0.372803	0.000157	1.000158	-0.196060	
855	1.000011	0.000033	-0.221558	-0.000033	1.000011	0.022720	
856	0.999893	-0.000156	0.018921	0.000156	0.999893	-0.035873	
857	1.000088	-0.000076	-0.180176	0.000076	1.000088	0.004044	
858	0.999762	-0.000358	0.121338	0.000358	0.999762	-0.348740	
859	0.999927	0.000031	-0.140198	-0.000031	0.999927	0.052994	
860	0.999981	0.000152	-0.336121	-0.000152	0.999981	-0.041672	
861	0.999996	0.000028	-0.032349	-0.000028	0.999996	-0.034454	
862	0.999810	0.000105	-0.100769	-0.000105	0.999810	0.079941	
863	1.000145	0.000007	-0.318542	-0.000007	1.000145	-0.005066	
864	0.999910	-0.000023	-0.096863	0.000023	0.999910	-0.012772	
865	0.999925	-0.000053	0.046265	0.000053	0.999925	0.026993	
866	0.999744	0.000002	0.055298	-0.000002	0.999744	0.040146	
867	0.999921	-0.000131	0.190674	0.000131	0.999921	-0.079132	
868	0.999823	0.000075	0.019897	-0.000075	0.999823	0.102890	
869	0.999935	0.000195	0.083618	-0.000195	0.999935	0.090240	
870	0.999832	0.000097	0.110229	-0.000097	0.999832	0.065887	
871	1.000074	0.000314	-0.189148	-0.000314	1.000074	0.287720	
872	0.999861	0.000285	0.058472	-0.000285	0.999861	0.289429	
873	1.000166	0.000235	-0.415405	-0.000235	1.000166	0.148697	
874	1.000040	0.000345	-0.600098	-0.000345	1.000040	0.043518	
875	1.000358	0.000142	-0.885437	-0.000142	1.000358	-0.033417	
876	0.999711	0.000268	0.440918	-0.000268	0.999711	0.490875	
877	1.000019	0.000231	-0.191528	-0.000231	1.000019	0.060745	
878	0.999677	0.000210	0.004639	-0.000210	0.999677	0.220016	
879	1.000165	0.000365	-0.307922	-0.000365	1.000165	0.255371	
880	0.999967	0.000383	-0.095337	-0.000383	0.999967	0.281631	
881	0.999948	0.000501	-0.199463	-0.000501	0.999948	0.370895	
882	0.999767	0.000568	-0.137634	-0.000568	0.999767	0.360611	
883	0.999949	0.000253	-0.153564	-0.000253	0.999949	0.142776	
884	0.999761	0.000606	-0.206238	-0.000606	0.999761	0.472092	
885	1.000024	0.000161	-0.101318	-0.000161	1.000024	0.125336	
886	0.999921	0.000131	-0.056030	-0.000131	0.999921	0.037750	
887	1.000070	0.000271	-0.183472	-0.000271	1.000070	0.217987	
888	1.000074	0.000142	-0.325317	-0.000142	1.000074	-0.008469	
889	0.999915	0.000094	0.408813	-0.000094	0.999915	-0.168854	
890	1.000054	0.000030	-0.178894	-0.000030	1.000054	0.015625	
891	1.000013	-0.000324	0.435913	0.000324	1.000013	-0.565674	
892	0.999743	0.000111	-0.016663	-0.000111	0.999743	0.209915	
893	0.999934	-0.000088	0.149109	0.000088	0.999934	-0.102600	
894	0.999856	0.000003	0.006470	-0.000003	0.999856	-0.014648	
895	1.000115	-0.000184	-0.191650	0.000184	1.000115	-0.518921	
896	0.999805	0.000067	0.208191	-0.000067	0.999805	0.238541	
897	1.000057	0.000056	-0.171936	-0.000056	1.000057	-0.130310	
898	0.999920	0.000123	-0.171631	-0.000123	0.999920	0.024338	
899	0.999742	0.000290	-0.098938	-0.000290	0.999742	0.198883	
900	1.000000	0.000266	-0.015686	-0.000266	1.000000	0.021988	
901	0.999881	0.000156	0.096741	-0.000156	0.999881	0.208282	
902	1.000096	0.000063	-0.254150	-0.000063	1.000096	-0.130066	
903	0.999938	0.000120	-0.102295	-0.000120	0.999938	0.023819	
904	0.999865	-0.000063	0.298950	0.000063	0.999865	-0.078369	
905	1.000042	0.000046	-0.155090	-0.000046	1.000042	0.032730	
906	0.999825	-0.000182	0.227356	0.000182	0.999825	-0.273300	
907	1.000159	0.000157	-0.414917	-0.000157	1.000159	0.106598	
908	0.999972	-0.000126	0.169312	0.000126	0.999972	-0.378586	
909	1.000000	-0.000420	0.219604	0.000420	1.000000	-0.828827	
910	1.000153	0.000196	-0.348694	-0.000196	1.000153	0.127991	
911	1.000099	0.000008	-0.285645	-0.000008	1.000099	-0.187988	
912	0.999943	0.000045	-0.117004	-0.000045	0.999943	-0.027939	
913	0.999836	0.000262	-0.138733	-0.000262	0.999836	-0.238937	
914	0.999672	-0.000044	-0.088867	0.000044	0.999672	-0.162506	
915	1.000160	-0.000025	-0.208801	0.000025	1.000160	-0.194931	
916	0.999987	-0.000081	-0.036560	0.000081	0.999987	-0.164902	
917	1.000015	-0.000240	0.017517	0.000240	1.000015	-0.370148	
918	1.000078	0.000033	-0.293213	-0.000033	1.000078	-0.145279	
919	1.000154	-0.000240	-0.270630	0.000240	1.000154	-0.466248	
920	1.000008	0.000179	-0.265198	-0.000179	1.000008	0.229477	
921	0.999934	-0.000253	-0.277283	0.000253	0.999934	-0.644669	
922	0.999896	-0.000029	-0.107178	0.000029	0.999896	-0.114929	
923	0.999913	0.000092	0.119507	-0.000092	0.999913	-0.128067	
924	1.000054	0.000163	-0.185425	-0.000163	1.000054	0.008682	
925	0.999981	0.000080	-0.125977	-0.000080	0.999981	-0.041229	
926	0.999985	0.000047	-0.232605	-0.000047	0.999985	-0.075775	
927	1.000065	-0.000028	-0.252747	0.000028	1.000065	-0.139099	
928	0.999975	-0.000024	-0.259583	0.000024	0.999975	-0.082993	
929	0.999941	-0.000088	-0.263489	0.000088	0.999941	-0.203659	
930	0.999926	0.000073	-0.169434	-0.000073	0.999926	-0.046677	
931	1.000043	0.000084	-0.160156	-0.000084	1.000043	-0.059143	
932	0.999945	0.000318	-0.162354	-0.000318	0.999945	-0.192123	
933	1.000249	-0.000196	-0.955444	0.000196	1.000249	-0.456512	
934	0.999736	0.000145	-0.616699	-0.000145	0.999736	0.208511	
935	1.000212	-0.000218	0.367371	0.000218	1.000212	-0.480057	
936	0.999575	0.000145	0.424988	-0.000145	0.999575	0.002365	
937	1.000009	-0.000077	-0.238281	0.000077	1.000009	-0.214935	
938	1.000078	0.000073	-0.327759	-0.000073	1.000078	-0.004562	
939	0.999975	0.000157	-0.161865	-0.000157	0.999975	-0.160492	
940	0.999699	0.000058	0.333923	-0.000058	0.999699	-0.147324	
941	1.000089	-0.000188	-0.170654	0.000188	1.000089	-0.449738	
942	0.999866	-0.000133	0.094299	0.000133	0.999866	-0.246674	
943	0.999996	-0.000141	-0.271301	0.000141	0.999996	-0.221375	
944	0.999905	-0.000493	0.098999	0.000493	0.999905	-1.022476	
945	1.000107	0.000045	-0.386230	-0.000045	1.000107	-0.189316	
946	0.999609	0.000176	-0.017029	-0.000176	0.999609	0.061081	
947	1.000136	-0.000248	-0.199646	0.000248	1.000136	-0.767609	
948	0.999536	-0.000485	0.404480	0.000485	0.999536	-0.772049	
949	1.000059	0.000147	-0.321289	-0.000147	1.000059	0.134796	
950	0.999762	-0.000009	0.089478	0.000009	0.999762	-0.102768	
951	1.000149	-0.000275	-0.131470	0.000275	1.000149	-0.783203	
952	0.999970	-0.000161	-0.191833	0.000161	0.999970	-0.305603	
953	1.000436	-0.000118	-0.818726	0.000118	1.000436	-0.376999	
954	0.999884	-0.000684	0.015747	0.000684	0.999884	-0.963318	
955	1.000215	-0.000143	-0.320740	0.000143	1.000215	-0.343185	
956	0.999638	-0.000224	0.274414	0.000224	0.999638	-0.241959	
957	1.000114	-0.000283	0.029175	0.000283	1.000114	-0.483948	
958	0.999842	0.000047	-0.400574	-0.000047	0.999842	-0.223282	
959	0.999938	0.000074	-0.155090	-0.000074	0.999938	-0.015228	
960	0.999873	0.000021	-0.138245	-0.000021	0.999873	-0.036606	
961	1.000181	0.000065	-0.540039	-0.000065	1.000181	-0.178879	
962	0.999768	0.000284	-0.259155	-0.000284	0.999768	0.217026	
963	1.000022	0.000014	-0.167969	-0.000014	1.000022	-0.017792	
964	0.999922	0.000141	-0.238770	-0.000141	0.999922	0.013123	
965	0.999897	0.000133	-0.135681	-0.000133	0.999897	0.009232	
966	0.999889	0.000177	-0.083923	-0.000177	0.999889	0.090958	
967	1.000017	0.000254	-0.257568	-0.000254	1.000017	-0.028336	
968	0.999872	0.000022	-0.107849	-0.000022	0.999872	0.037537	
969	1.000124	0.000093	-0.422180	-0.000093	1.000124	-0.007385	
970	0.999947	0.000027	-0.111145	-0.000027	0.999947	0.071884	
971	0.999941	0.000321	-0.080872	-0.000321	0.999941	0.300156	
972	0.999991	0.000163	-0.103455	-0.000163	0.999991	0.104370	
973	1.000088	0.000244	-0.491150	-0.000244	1.000088	0.196594	
974	1.000017	0.000165	-0.433228	-0.000165	1.000017	0.032333	
975	1.000145	0.000073	-0.499512	-0.000073	1.000145	-0.070206	
976	0.999981	0.000003	-0.268066	-0.000003	0.999981	-0.097519	
977	1.000193	-0.000161	-0.338074	0.000161	1.000193	-0.318085	
978	1.000012	-0.000042	-0.187439	0.000042	1.000012	-0.018005	
979	1.000010	0.000047	-0.205505	-0.000047	1.000010	-0.102844	
980	0.999986	-0.000021	-0.304199	0.000021	0.999986	-0.022308	
981	1.000203	0.000081	-0.355164	-0.000081	1.000203	-0.070023	
982	0.999827	0.000209	0.226562	-0.000209	0.999827	0.086258	
983	1.000096	-0.000012	-0.016663	0.000012	1.000096	-0.269318	
984	0.999937	-0.000053	-0.055481	0.000053	0.999937	-0.169968	
985	1.000043	0.000036	-0.216492	-0.000036	1.000043	0.000732	
986	0.999995	-0.000117	-0.214355	0.000117	0.999995	-0.161789	
987	0.999943	-0.000107	-0.054382	0.000107	0.999943	-0.044693	
988	0.999911	-0.000198	-0.250732	0.000198	0.999911	-0.299927	
989	1.000049	0.000003	-0.199707	-0.000003	1.000049	-0.118835	
990	1.000036	-0.000023	-0.242554	0.000023	1.000036	-0.177429	
991	1.000024	0.000102	-0.172119	-0.000102	1.000024	-0.035873	
992	0.999943	0.000113	-0.140930	-0.000113	0.999943	0.013382	
993	0.999955	0.000014	-0.099976	-0.000014	0.999955	-0.092819	
994	0.999470	-0.000166	0.005676	0.000166	0.999470	-0.324432	
995	0.999887	-0.000195	-0.023254	0.000195	0.999887	-0.045410	
996	1.000097	-0.000292	-0.188354	0.000292	1.000097	-0.466522	
997	0.999942	-0.000029	-0.013367	0.000029	0.999942	-0.095993	
998	0.999857	-0.000054	0.112671	0.000054	0.999857	-0.172165	
999	1.000261	-0.000241	-0.167175	0.000241	1.000261	-0.388870	
1000	0.999913	-0.000043	0.181580	0.000043	0.999913	0.153671	
1001	0.999876	-0.000385	0.136536	0.000385	0.999876	-0.348419	
1002	0.999931	-0.000151	0.178101	0.000151	0.999931	-0.078308	
1003	1.000041	-0.000097	-0.217651	0.000097	1.000041	-0.140030	
1004	1.000011	-0.000035	-0.160156	0.000035	1.000011	-0.061005	
1005	1.000017	-0.000106	-0.066284	0.000106	1.000017	-0.207306	
1006	0.999828	-0.000255	0.701111	0.000255	0.999828	-0.024109	
1007	0.999913	0.000030	-0.157654	-0.000030	0.999913	-0.065994	
