0	1.000000	0.000000	0.000000	0.000000	1.000000	0.000000	
1	1.004654	-0.003387	2.570496	0.003387	1.004654	-2.006500	
2	1.011447	-0.003504	3.979858	0.003504	1.011447	-3.260056	
3	1.006658	0.001939	4.238678	-0.001939	1.006658	-0.172195	
4	1.009812	0.003836	5.128113	-0.003836	1.009812	1.262558	
5	1.009766	-0.000789	4.149872	0.000789	1.009766	-2.405304	
6	1.009169	-0.001918	3.173889	0.001918	1.009169	-3.902878	
7	1.009391	-0.001132	5.046844	0.001132	1.009391	-0.105316	
8	1.006476	-0.004130	4.520111	0.004130	1.006476	-2.381332	
9	1.011216	-0.002757	6.154358	0.002757	1.011216	-3.334274	
10	1.005745	0.001509	5.255951	-0.001509	1.005745	-0.811203	
11	1.008720	0.001963	8.546997	-0.001963	1.008720	1.339920	
12	1.008418	0.000776	3.078217	-0.000776	1.008418	-1.812805	
13	1.004960	0.003457	9.743652	-0.003457	1.004960	-1.012207	
14	1.012385	0.000699	6.089111	-0.000699	1.012385	-1.633377	
15	1.004664	0.000355	3.683380	-0.000355	1.004664	-3.805145	
16	1.001258	0.000653	3.882355	-0.000653	1.001258	-1.013580	
17	1.004037	0.002305	3.232117	-0.002305	1.004037	0.029526	
18	1.004379	-0.001549	0.011688	0.001549	1.004379	-4.254990	
19	1.004460	-0.005115	-1.058441	0.005115	1.004460	-4.109787	
20	1.004546	-0.002818	-0.207916	0.002818	1.004546	-1.115860	
21	1.005358	0.003105	0.996735	-0.003105	1.005358	-2.058884	
22	0.993294	0.003138	4.371780	-0.003138	0.993294	5.222137	
23	1.005608	0.003410	0.811584	-0.003410	1.005608	-0.697311	
24	0.999692	0.003050	3.698303	-0.003050	0.999692	1.925583	
25	1.005494	-0.000874	0.049316	0.000874	1.005494	-1.414291	
26	1.002857	0.000790	1.936920	-0.000790	1.002857	-1.784828	
27	1.005556	0.000922	1.445038	-0.000922	1.005556	-0.851883	
28	1.012161	0.001766	-1.014099	-0.001766	1.012161	-4.494781	
29	1.002837	-0.000046	0.978119	0.000046	1.002837	-0.524414	
30	1.004839	-0.001574	2.326782	0.001574	1.004839	-1.742950	
31	1.006124	0.000440	3.642609	-0.000440	1.006124	-0.104889	
32	1.008140	0.002778	6.073730	-0.002778	1.008140	-4.221573	
33	1.007691	0.003451	4.414917	-0.003451	1.007691	1.141937	
34	1.007174	0.000508	5.645050	-0.000508	1.007174	1.661530	
35	1.014292	0.003499	4.718445	-0.003499	1.014292	-3.109146	
36	1.005180	0.000189	1.391754	-0.000189	1.005180	-1.009628	
37	1.006223	-0.001663	2.862915	0.001663	1.006223	-0.037369	
38	1.004766	0.001218	1.109406	-0.001218	1.004766	-2.323898	
39	1.003377	0.003453	1.677490	-0.003453	1.003377	2.599182	
40	1.002308	0.002578	-0.082214	-0.002578	1.002308	1.162537	
41	1.000818	-0.007767	-3.168793	0.007767	1.000818	-5.061783	
42	1.001493	-0.008798	-1.138428	0.008798	1.001493	-2.449318	
43	1.002356	-0.004156	1.027344	0.004156	1.002356	-1.269730	
44	1.002329	-0.000898	0.902435	0.000898	1.002329	-2.055489	
45	1.002161	-0.003157	-0.160065	0.003157	1.002161	-1.264145	
46	1.002709	-0.002103	0.694061	0.002103	1.002709	-2.420364	
47	1.005103	-0.000210	1.246277	0.000210	1.005103	-1.717957	
48	1.002810	0.002733	0.351410	-0.002733	1.002810	0.797333	
49	1.022297	0.000899	-6.126587	-0.000899	1.022297	-5.710480	
50	1.009780	0.000962	-1.195374	-0.000962	1.009780	-2.562851	
51	1.015878	0.002407	-2.933975	-0.002407	1.015878	-3.710831	
52	1.014862	0.001548	-3.922607	-0.001548	1.014862	-3.110428	
53	1.008955	0.001027	-1.837372	-0.001027	1.008955	-1.145432	
54	1.013903	0.002121	-1.108658	-0.002121	1.013903	-3.071579	
55	1.007814	0.000664	-1.646515	-0.000664	1.007814	-1.465759	
56	1.015171	0.000634	-2.556564	-0.000634	1.015171	-3.599472	
57	1.002383	0.000284	0.617142	-0.000284	1.002383	0.190689	
58	1.006499	0.000549	-0.938965	-0.000549	1.006499	-0.468872	
59	1.009435	-0.000894	-2.663086	0.000894	1.009435	-2.582550	
60	1.006773	0.001247	-1.543243	-0.001247	1.006773	-1.267853	
61	1.007215	-0.000799	-0.938477	0.000799	1.007215	-2.359940	
62	1.001836	-0.000562	-0.443237	0.000562	1.001836	-0.828537	
63	1.002796	0.000356	0.069580	-0.000356	1.002796	-0.684357	
64	1.002696	0.000663	-1.319061	-0.000663	1.002696	-0.550415	
65	1.002141	-0.000392	-1.442017	0.000392	1.002141	-0.823502	
66	1.001221	-0.000324	0.582733	0.000324	1.001221	-0.380020	
67	1.000904	-0.000431	0.774536	0.000431	1.000904	-0.299408	
68	1.000739	-0.000471	-0.028595	0.000471	1.000739	-0.351608	
69	1.000104	0.000043	0.196564	-0.000043	1.000104	0.062515	
70	0.999875	-0.000366	0.098541	0.000366	0.999875	-0.105957	
71	0.999366	-0.000400	0.818512	0.000400	0.999366	0.252457	
72	0.999108	-0.000566	0.247467	0.000566	0.999108	0.114685	
73	0.999343	-0.000470	0.407349	0.000470	0.999343	0.036728	
74	0.999159	-0.000278	0.726318	0.000278	0.999159	0.095917	
75	0.999336	-0.000520	0.105103	0.000520	0.999336	-0.032364	
76	0.999135	-0.000417	0.308533	0.000417	0.999135	0.024994	
77	0.999284	-0.000401	0.363800	0.000401	0.999284	-0.022858	
78	0.999244	-0.000297	0.120422	0.000297	0.999244	-0.028809	
79	0.999765	-0.000198	0.045074	0.000198	0.999765	-0.026978	
80	0.999947	0.000066	0.346497	-0.000066	0.999947	0.070984	
81	1.000410	0.000007	-0.123474	-0.000007	1.000410	-0.310501	
82	1.000873	-0.000010	-0.130127	0.000010	1.000873	-0.337601	
83	1.001641	-0.000648	-0.639709	0.000648	1.001641	-0.191925	
84	1.000605	0.000100	0.599823	-0.000100	1.000605	0.273407	
85	1.000870	0.000308	-0.102081	-0.000308	1.000870	0.549561	
86	1.000820	-0.000071	-1.009216	0.000071	1.000820	-0.848358	
87	0.999990	0.000235	0.597992	-0.000235	0.999990	0.852249	
88	1.000409	0.000340	-0.121277	-0.000340	1.000409	-0.135361	
89	1.000679	0.000878	-0.883514	-0.000878	1.000679	0.245987	
90	1.000468	0.000360	-0.587585	-0.000360	1.000468	0.043472	
91	1.000175	0.000025	0.078217	-0.000025	1.000175	0.155197	
92	1.000134	-0.000506	-0.262360	0.000506	1.000134	-0.275406	
93	1.000162	-0.000327	0.439362	0.000327	1.000162	-0.611908	
94	1.000390	0.000568	0.314209	-0.000568	1.000390	-0.258392	
95	1.000512	0.000236	-0.938019	-0.000236	1.000512	-0.392868	
96	0.999639	-0.000288	-0.047455	0.000288	0.999639	0.440292	
97	0.999966	-0.000647	0.919586	0.000647	0.999966	-0.318466	
98	1.000186	-0.000188	-0.088287	0.000188	1.000186	-0.003220	
99	1.000768	0.000090	-0.741302	-0.000090	1.000768	-0.290237	
100	1.000303	-0.000089	0.390900	0.000089	1.000303	0.011246	
101	1.000155	-0.000697	0.098297	0.000697	1.000155	-0.314133	
102	1.000076	-0.000448	0.439911	0.000448	1.000076	-0.058868	
103	0.999975	0.000389	0.334259	-0.000389	0.999975	0.235397	
104	1.000093	0.000651	-0.375305	-0.000651	1.000093	0.107910	
105	1.000720	0.000422	-0.213409	-0.000422	1.000720	0.001083	
106	1.000730	0.000492	-0.108765	-0.000492	1.000730	0.280441	
107	1.000546	0.000353	-0.176392	-0.000353	1.000546	-0.358017	
108	1.000832	0.000264	-0.738159	-0.000264	1.000832	-0.065964	
109	1.000985	0.000090	-0.703369	-0.000090	1.000985	-0.287552	
110	0.999730	-0.000420	-0.210449	0.000420	0.999730	0.052719	
111	0.999613	-0.000998	0.115936	0.000998	0.999613	-0.102798	
112	0.999910	-0.000757	-0.141266	0.000757	0.999910	-0.090714	
113	1.000592	-0.000878	0.060638	0.000878	1.000592	-0.186050	
114	0.999486	-0.000727	0.465424	0.000727	0.999486	-0.185242	
115	0.995009	-0.003846	3.176544	0.003846	0.995009	-0.115265	
116	0.999386	-0.000039	0.509491	0.000039	0.999386	0.191025	
117	0.999332	-0.000131	0.399902	0.000131	0.999332	0.165787	
118	0.998650	-0.000091	0.679138	0.000091	0.998650	0.361542	
119	0.998664	-0.000120	0.724426	0.000120	0.998664	0.252625	
120	0.999516	-0.000319	0.315155	0.000319	0.999516	0.005035	
121	0.999598	-0.000067	0.226715	0.000067	0.999598	0.061447	
122	0.999742	0.000267	-0.029022	-0.000267	0.999742	0.143478	
123	0.999568	0.000256	0.187836	-0.000256	0.999568	0.172516	
124	0.999648	0.000781	0.160095	-0.000781	0.999648	0.247818	
125	0.999335	0.000525	-0.015045	-0.000525	0.999335	0.310120	
126	0.999637	0.000876	0.184479	-0.000876	0.999637	0.300385	
127	0.999040	0.000702	0.323547	-0.000702	0.999040	0.459869	
128	0.999827	0.001259	-0.276093	-0.001259	0.999827	0.646851	
129	0.999711	0.000131	0.236847	-0.000131	0.999711	0.134216	
130	1.000105	0.000284	-0.413208	-0.000284	1.000105	0.123199	
131	0.999570	-0.000129	0.396271	0.000129	0.999570	0.052261	
132	0.999776	-0.000320	-0.107910	0.000320	0.999776	-0.052429	
133	0.999688	-0.000163	0.055389	0.000163	0.999688	0.063263	
134	1.000055	-0.000282	0.146027	0.000282	1.000055	-0.105698	
135	1.000107	0.000081	-0.109375	-0.000081	1.000107	-0.041443	
136	1.000333	0.000311	-0.175110	-0.000311	1.000333	-0.054703	
137	1.001036	0.000379	-0.911987	-0.000379	1.001036	-0.038605	
138	1.000632	-0.000218	-0.134186	0.000218	1.000632	-0.259995	
139	1.000449	0.000048	-0.165863	-0.000048	1.000449	-0.116028	
140	1.000420	0.000391	-0.612427	-0.000391	1.000420	-0.013123	
141	1.001774	0.000489	-1.078827	-0.000489	1.001774	-0.302063	
142	1.000294	0.000151	-0.036041	-0.000151	1.000294	0.035049	
143	1.001419	-0.000126	-0.916809	0.000126	1.001419	-0.425674	
144	1.000309	-0.000070	-0.152130	0.000070	1.000309	-0.304184	
145	1.000223	-0.000158	0.104996	0.000158	1.000223	-0.183701	
146	1.000047	-0.000281	-0.181366	0.000281	1.000047	-0.176895	
147	0.999991	0.000271	0.163574	-0.000271	0.999991	0.343887	
148	0.999397	0.001000	-0.180298	-0.001000	0.999397	0.339752	
149	0.999466	0.000581	0.041168	-0.000581	0.999466	0.356812	
150	0.999618	-0.000815	-0.216644	0.000815	0.999618	-0.261749	
151	0.998797	-0.000544	0.389984	0.000544	0.998797	-0.123108	
152	0.999262	-0.000472	0.249054	0.000472	0.999262	-0.069176	
153	0.999394	-0.000848	-0.321533	0.000848	0.999394	-0.372910	
154	0.999592	0.000594	0.124084	-0.000594	0.999592	0.680237	
155	1.000739	0.000223	-0.774078	-0.000223	1.000739	0.119568	
156	1.000811	-0.000338	-0.896027	0.000338	1.000811	-0.279602	
157	1.002243	-0.000230	-1.446716	0.000230	1.002243	-0.500275	
158	1.001998	-0.000205	-1.094818	0.000205	1.001998	-0.182388	
159	1.000675	-0.001081	-0.828888	0.001081	1.000675	0.235977	
160	1.001671	-0.001648	-1.414520	0.001648	1.001671	-1.160660	
161	1.003744	0.000374	-0.363739	-0.000374	1.003744	-1.148010	
162	1.001756	0.000619	-1.097168	-0.000619	1.001756	0.150116	
163	1.001557	-0.000245	-1.744812	0.000245	1.001557	-0.751144	
164	1.002570	-0.000335	-0.920044	0.000335	1.002570	-0.197571	
165	1.002384	-0.000322	-0.584320	0.000322	1.002384	-1.182999	
166	1.001028	0.000188	-1.357330	-0.000188	1.001028	0.363480	
167	1.002175	0.000122	-1.558655	-0.000122	1.002175	-0.500488	
168	1.003372	-0.000001	-1.353851	0.000001	1.003372	-0.363617	
169	1.002587	-0.000277	-1.348785	0.000277	1.002587	-0.762604	
170	1.001629	-0.000666	-1.140198	0.000666	1.001629	-0.333176	
171	1.001027	-0.000493	-0.571198	0.000493	1.001027	-0.445602	
172	1.000358	-0.000013	0.186401	0.000013	1.000358	0.130539	
173	1.000061	0.000086	-0.467834	-0.000086	1.000061	0.035477	
174	0.999579	0.000238	-0.357910	-0.000238	0.999579	0.496155	
175	0.999844	0.000428	0.326004	-0.000428	0.999844	0.211349	
176	1.000745	0.000263	-0.243240	-0.000263	1.000745	-0.157898	
177	1.000571	0.000047	-0.310791	-0.000047	1.000571	-0.478119	
178	1.000234	-0.000130	-0.092041	0.000130	1.000234	-0.107635	
179	1.000032	-0.000144	0.094788	0.000144	1.000032	-0.092102	
180	0.999885	0.000054	0.227753	-0.000054	0.999885	0.169800	
181	1.000129	0.000333	0.036804	-0.000333	1.000129	0.106339	
182	1.000132	0.000271	0.173279	-0.000271	1.000132	-0.016586	
183	1.000115	0.000462	0.154480	-0.000462	1.000115	0.119690	
184	1.000065	0.000316	0.044128	-0.000316	1.000065	0.090256	
185	1.000142	0.000008	0.126953	-0.000008	1.000142	-0.044113	
186	1.000038	-0.000022	0.029633	0.000022	1.000038	0.151093	
187	1.000121	-0.000227	0.051422	0.000227	1.000121	-0.121475	
188	1.000196	-0.000149	0.112976	0.000149	1.000196	-0.143784	
189	1.000115	-0.000064	0.043274	0.000064	1.000115	-0.023392	
190	1.000089	-0.000103	-0.076996	0.000103	1.000089	0.043503	
191	1.000109	-0.000163	-0.106598	0.000163	1.000109	-0.073822	
192	1.000201	-0.000402	-0.226685	0.000402	1.000201	-0.038940	
193	1.000373	-0.000310	-0.350708	0.000310	1.000373	-0.203049	
194	1.000806	-0.000323	-0.965576	0.000323	1.000806	-0.320526	
195	1.000654	0.000020	-0.481079	-0.000020	1.000654	-0.072784	
196	1.001166	0.000462	-0.401093	-0.000462	1.001166	0.048538	
197	1.000960	-0.000002	-1.029358	0.000002	1.000960	0.028122	
198	1.000985	-0.000238	-1.081085	0.000238	1.000985	-0.319458	
199	1.001099	-0.000165	-0.777252	0.000165	1.001099	-0.213852	
200	1.000931	-0.000187	-1.016205	0.000187	1.000931	-0.113831	
201	1.001747	-0.000665	-1.560913	0.000665	1.001747	-0.537994	
202	1.000831	-0.000262	-1.035706	0.000262	1.000831	0.056488	
203	1.001087	-0.001211	-1.710266	0.001211	1.001087	0.104126	
204	1.001796	0.000096	-0.694427	-0.000096	1.001796	-0.395554	
205	1.002351	0.000442	-1.595642	-0.000442	1.002351	-0.445740	
206	1.001905	0.000279	-1.934021	-0.000279	1.001905	-0.226273	
207	1.004010	-0.000841	-2.812012	0.000841	1.004010	-1.329712	
208	1.001304	-0.000587	-0.676361	0.000587	1.001304	-0.339874	
209	1.000447	-0.000061	-0.844269	0.000061	1.000447	0.100571	
210	1.001464	0.000113	-1.120514	-0.000113	1.001464	-0.678009	
211	0.999853	0.000554	-0.548004	-0.000554	0.999853	1.557922	
212	1.000208	-0.000406	-1.176819	0.000406	1.000208	-1.117218	
213	1.000521	0.000516	-0.943390	-0.000516	1.000521	0.667419	
214	1.000397	0.000422	-0.836121	-0.000422	1.000397	0.083313	
215	1.001300	0.000038	-1.138336	-0.000038	1.001300	-1.147842	
216	1.000611	-0.000834	-0.688049	0.000834	1.000611	-0.905670	
217	1.000183	-0.002159	-0.936829	0.002159	1.000183	-0.611588	
218	1.000706	-0.000175	0.101746	0.000175	1.000706	-0.436234	
219	1.000640	0.000275	0.216095	-0.000275	1.000640	0.350937	
220	1.000324	0.000290	-0.416321	-0.000290	1.000324	0.785294	
221	1.001376	0.001436	0.655975	-0.001436	1.001376	0.730591	
222	1.000887	0.000098	-0.029144	-0.000098	1.000887	0.195221	
223	0.999924	-0.000042	0.262146	0.000042	0.999924	0.418320	
224	1.000307	-0.000507	0.802124	0.000507	1.000307	-0.251877	
225	1.000795	-0.000074	0.641785	0.000074	1.000795	-0.051666	
226	0.994770	-0.001419	3.463623	0.001419	0.994770	0.285721	
227	1.000361	-0.000944	0.964996	0.000944	1.000361	-0.535538	
228	1.003538	-0.001206	1.049683	0.001206	1.003538	-0.856064	
229	1.001761	-0.000365	0.910370	0.000365	1.001761	-0.082870	
230	1.001952	-0.000131	1.519531	0.000131	1.001952	-0.127777	
231	1.003067	-0.000976	1.448334	0.000976	1.003067	-0.818405	
232	1.003430	0.001073	3.069580	-0.001073	1.003430	0.055588	
233	1.005195	0.001473	2.513794	-0.001473	1.005195	-0.614334	
234	1.003666	-0.000246	3.324280	0.000246	1.003666	-1.239883	
235	1.003553	0.000214	3.464569	-0.000214	1.003553	-1.806335	
236	1.009004	0.005004	2.310242	-0.005004	1.009004	2.048935	
237	1.002318	0.001395	2.366699	-0.001395	1.002318	-0.251556	
238	1.004351	0.001836	1.730621	-0.001836	1.004351	0.099785	
239	1.003493	0.000875	0.170166	-0.000875	1.003493	-2.702309	
240	0.999718	-0.002704	-1.603088	0.002704	0.999718	-1.838821	
241	1.001129	-0.003510	-3.475067	0.003510	1.001129	-1.671959	
242	1.000975	0.001098	-1.552765	-0.001098	1.000975	-0.043350	
243	1.000975	0.001098	-1.552765	-0.001098	1.000975	-0.043350	
244	1.002957	0.002110	-3.793549	-0.002110	1.002957	-0.599625	
245	1.003642	0.000337	-3.187073	-0.000337	1.003642	-1.980759	
246	1.001855	-0.005040	-3.540375	0.005040	1.001855	-1.992714	
247	1.003237	-0.002835	-2.220886	0.002835	1.003237	-1.250885	
248	1.002100	0.001761	0.011566	-0.001761	1.002100	0.162903	
249	1.000231	0.004109	2.215515	-0.004109	1.000231	3.172066	
250	1.003058	0.001713	-0.626984	-0.001713	1.003058	-0.248871	
251	1.000681	0.000850	1.022461	-0.000850	1.000681	3.549225	
252	1.002776	0.005335	1.796631	-0.005335	1.002776	1.965347	
253	1.001026	0.004024	0.275604	-0.004024	1.001026	1.173271	
254	1.001789	-0.000342	-2.377106	0.000342	1.001789	2.675362	
255	1.005918	-0.003207	-5.833191	0.003207	1.005918	-3.389969	
256	1.005398	0.002209	-3.768982	-0.002209	1.005398	0.267181	
257	1.006784	-0.003331	-8.311127	0.003331	1.006784	-2.763168	
258	1.001439	-0.004732	-4.945343	0.004732	1.001439	-1.505630	
259	1.002391	-0.009768	-10.047638	0.009768	1.002391	-2.175003	
260	1.002591	-0.007001	-9.233932	0.007001	1.002591	-0.603386	
261	1.004535	-0.000872	-10.455444	0.000872	1.004535	-0.078781	
262	1.006048	0.003963	-8.214722	-0.003963	1.006048	0.280243	
263	1.005477	0.003351	-5.755493	-0.003351	1.005477	-0.614059	
264	1.012313	0.001578	-11.662231	-0.001578	1.012313	-1.923172	
265	1.008365	-0.001123	-7.291702	0.001123	1.008365	-3.914352	
266	1.015467	-0.006951	-13.033447	0.006951	1.015467	-12.545303	
267	1.006364	0.000987	-5.921265	-0.000987	1.006364	-6.424271	
268	1.002826	0.001569	-6.846100	-0.001569	1.002826	-4.482742	
269	1.015702	-0.003994	-15.792206	0.003994	1.015702	-21.528748	
270	1.015833	-0.000036	-10.271057	0.000036	1.015833	-27.796188	
271	1.015833	-0.000036	-10.271057	0.000036	1.015833	-27.796188	
272	1.013893	0.006090	-8.185211	-0.006090	1.013893	-2.560799	
273	1.013893	0.006090	-8.185211	-0.006090	1.013893	-2.560799	
274	0.987991	0.011552	-2.290497	-0.011552	0.987991	24.221519	
275	0.978307	0.009956	5.893921	-0.009956	0.978307	34.615631	
276	1.005516	0.010469	-8.213898	-0.010469	1.005516	14.070984	
277	1.005516	0.010469	-8.213898	-0.010469	1.005516	14.070984	
278	1.005516	0.010469	-8.213898	-0.010469	1.005516	14.070984	
279	1.029947	0.019598	-36.021118	-0.019598	1.029947	-1.130402	
280	1.029947	0.019598	-36.021118	-0.019598	1.029947	-1.130402	
281	1.029947	0.019598	-36.021118	-0.019598	1.029947	-1.130402	
282	1.029947	0.019598	-36.021118	-0.019598	1.029947	-1.130402	
283	1.029947	0.019598	-36.021118	-0.019598	1.029947	-1.130402	
284	1.003471	0.005470	9.059082	-0.005470	1.003471	-4.608124	
285	1.001397	0.017634	7.498840	-0.017634	1.001397	7.150345	
286	1.006609	0.010734	5.585052	-0.010734	1.006609	4.344696	
287	1.035361	-0.003504	-1.255188	0.003504	1.035361	-9.585571	
288	0.998219	0.004438	14.728546	-0.004438	0.998219	4.560165	
289	0.998219	0.004438	14.728546	-0.004438	0.998219	4.560165	
290	0.998219	0.004438	14.728546	-0.004438	0.998219	4.560165	
291	0.998219	0.004438	14.728546	-0.004438	0.998219	4.560165	
292	1.001869	-0.005359	7.152679	0.005359	1.001869	-4.789597	
293	1.001869	-0.005359	7.152679	0.005359	1.001869	-4.789597	
294	1.002195	0.003592	7.215240	-0.003592	1.002195	0.629089	
295	1.002195	0.003592	7.215240	-0.003592	1.002195	0.629089	
296	1.002195	0.003592	7.215240	-0.003592	1.002195	0.629089	
297	1.002195	0.003592	7.215240	-0.003592	1.002195	0.629089	
298	1.002048	-0.000287	0.482147	0.000287	1.002048	-1.713455	
299	1.002048	-0.000287	0.482147	0.000287	1.002048	-1.713455	
300	1.002048	-0.000287	0.482147	0.000287	1.002048	-1.713455	
301	1.002048	-0.000287	0.482147	0.000287	1.002048	-1.713455	
302	1.001362	0.005826	-3.692810	-0.005826	1.001362	1.675720	
303	1.001624	0.003668	-4.697784	-0.003668	1.001624	-2.169479	
304	0.999810	0.002445	-2.514221	-0.002445	0.999810	1.794312	
305	0.995298	0.006702	-2.831451	-0.006702	0.995298	2.052826	
306	1.000793	0.000185	-2.709595	-0.000185	1.000793	-0.051910	
307	0.996169	0.001577	-1.219635	-0.001577	0.996169	0.516998	
308	0.997356	0.005271	-1.473083	-0.005271	0.997356	1.593658	
309	0.998533	-0.001799	-4.193817	0.001799	0.998533	1.458412	
310	0.994715	-0.005291	-4.972900	0.005291	0.994715	-0.618263	
311	0.996460	-0.000107	-7.457611	0.000107	0.996460	0.926338	
312	0.996460	-0.000107	-7.457611	0.000107	0.996460	0.926338	
313	0.996460	-0.000107	-7.457611	0.000107	0.996460	0.926338	
314	1.004500	0.003091	-7.292725	-0.003091	1.004500	4.485718	
315	1.004500	0.003091	-7.292725	-0.003091	1.004500	4.485718	
316	1.005213	-0.002343	-3.549316	0.002343	1.005213	-2.659775	
317	1.005262	-0.001252	-0.987091	0.001252	1.005262	-1.540085	
318	1.003915	0.001691	1.138275	-0.001691	1.003915	-2.947517	
319	1.005143	-0.001820	1.581146	0.001820	1.005143	-6.195877	
320	1.004634	-0.001398	4.571503	0.001398	1.004634	-5.909119	
321	1.011781	0.002214	0.847687	-0.002214	1.011781	-8.060448	
322	1.011781	0.002214	0.847687	-0.002214	1.011781	-8.060448	
323	1.005974	0.003560	-1.249542	-0.003560	1.005974	-3.010239	
324	1.006397	0.003507	-3.899414	-0.003507	1.006397	-1.622086	
325	1.003072	0.001530	-3.698669	-0.001530	1.003072	-0.130989	
326	1.005286	0.002901	-7.404633	-0.002901	1.005286	-2.204247	
327	1.005286	0.002901	-7.404633	-0.002901	1.005286	-2.204247	
328	0.999634	-0.007045	-8.911194	0.007045	0.999634	-2.485847	
329	1.013540	-0.006869	-11.352203	0.006869	1.013540	0.068130	
330	1.004919	-0.002126	-6.092377	0.002126	1.004919	-0.281815	
331	1.012020	-0.001605	-1.873108	0.001605	1.012020	-6.737656	
332	1.012020	-0.001605	-1.873108	0.001605	1.012020	-6.737656	
333	1.001736	-0.004565	-11.963440	0.004565	1.001736	-3.671211	
334	1.005125	-0.004983	-6.979294	0.004983	1.005125	-0.973976	
335	1.002167	-0.002195	-9.343079	0.002195	1.002167	-4.686623	
336	1.005058	0.004178	-8.173309	-0.004178	1.005058	-4.547554	
337	0.999855	0.003468	-5.908752	-0.003468	0.999855	4.479019	
338	1.001273	-0.000874	-4.537415	0.000874	1.001273	0.230606	
339	1.003766	-0.002689	-5.887848	0.002689	1.003766	-2.401276	
340	1.002996	-0.000831	-2.693481	0.000831	1.002996	0.862236	
341	1.004650	0.002110	-1.101364	-0.002110	1.004650	-1.912102	
342	1.000863	0.003174	0.835022	-0.003174	1.000863	4.322655	
343	1.002126	-0.000932	-1.245346	0.000932	1.002126	0.943565	
344	1.005885	-0.001564	-0.665802	0.001564	1.005885	-3.889191	
345	1.001123	0.003790	4.378113	-0.003790	1.001123	7.687820	
346	0.997198	0.005927	5.707550	-0.005927	0.997198	2.456337	
347	1.001845	0.003052	1.949585	-0.003052	1.001845	-2.478905	
348	1.002807	-0.005803	0.741058	0.005803	1.002807	0.330765	
349	1.004026	-0.006978	-0.546936	0.006978	1.004026	-2.087631	
350	1.004723	-0.003856	0.790543	0.003856	1.004723	-4.069710	
351	1.002368	-0.002021	2.552536	0.002021	1.002368	-2.177383	
352	1.003135	0.001835	2.948944	-0.001835	1.003135	-4.003174	
353	0.997772	0.002851	2.778931	-0.002851	0.997772	4.885071	
354	0.998887	0.000495	3.174332	-0.000495	0.998887	4.866058	
355	1.008358	0.001560	-3.686707	-0.001560	1.008358	-6.792465	
356	1.006681	0.001688	-5.413788	-0.001688	1.006681	-3.238602	
357	0.999751	0.001344	-1.036530	-0.001344	0.999751	3.878319	
358	0.989463	0.003498	-1.863403	-0.003498	0.989463	26.285446	
359	0.997740	-0.001538	-0.057861	0.001538	0.997740	7.750717	
360	1.006842	-0.000813	-9.251221	0.000813	1.006842	-7.096649	
361	1.008076	-0.006278	-8.891052	0.006278	1.008076	-8.866501	
362	1.000653	-0.004256	-0.167145	0.004256	1.000653	1.663193	
363	1.001044	0.001227	-2.652130	-0.001227	1.001044	6.526688	
364	1.002584	0.001538	-5.210968	-0.001538	1.002584	4.202988	
365	1.010143	-0.017616	-8.769806	0.017616	1.010143	-18.197876	
366	1.006164	-0.007566	3.048981	0.007566	1.006164	-11.548759	
367	0.998606	0.010539	6.025177	-0.010539	0.998606	3.026749	
368	0.992124	0.016934	7.035843	-0.016934	0.992124	10.768188	
369	1.003117	0.003753	-2.774597	-0.003753	1.003117	2.194992	
370	1.004933	-0.006327	-2.016876	0.006327	1.004933	-3.858002	
371	1.001861	-0.002814	2.973785	0.002814	1.001861	-2.157303	
372	1.000225	0.008646	3.483459	-0.008646	1.000225	2.169731	
373	0.999947	0.007252	3.588440	-0.007252	0.999947	2.860413	
374	1.004227	0.000425	0.306030	-0.000425	1.004227	-2.557556	
375	1.004745	-0.003200	-0.636078	0.003200	1.004745	-3.250381	
376	1.004475	-0.003268	-1.166321	0.003268	1.004475	-3.237785	
377	1.003912	-0.001771	-1.944824	0.001771	1.003912	-0.985062	
378	1.005902	-0.001229	-3.879852	0.001229	1.005902	-3.640137	
379	1.003255	-0.000352	-4.023254	0.000352	1.003255	2.261734	
380	1.003635	0.001549	-4.470062	-0.001549	1.003635	2.770508	
381	1.006344	0.002362	-6.574005	-0.002362	1.006344	-2.628464	
382	1.003907	0.001229	-6.969147	-0.001229	1.003907	1.516129	
383	1.005714	-0.000634	-11.150604	0.000634	1.005714	-5.085312	
384	1.004412	0.001615	-4.186035	-0.001615	1.004412	-1.954147	
385	1.005742	0.000308	-8.773193	-0.000308	1.005742	-1.607941	
386	1.008074	-0.000890	-10.628632	0.000890	1.008074	-4.083054	
387	1.002820	-0.000336	-6.036499	0.000336	1.002820	0.721237	
388	1.004376	0.001564	-8.399902	-0.001564	1.004376	4.697052	
389	1.005362	0.000398	-10.463104	-0.000398	1.005362	-4.958084	
390	1.005418	-0.002597	-13.511932	0.002597	1.005418	-4.033264	
391	1.005861	-0.001926	-8.984528	0.001926	1.005861	-2.599594	
392	1.005233	-0.000404	-9.420715	0.000404	1.005233	2.330620	
393	1.002578	0.001560	-1.397491	-0.001560	1.002578	0.493759	
394	1.008837	-0.002251	-9.791351	0.002251	1.008837	-6.515442	
395	1.005604	-0.006565	-6.537140	0.006565	1.005604	-0.310165	
396	1.005418	-0.006581	-5.321289	0.006581	1.005418	-0.810776	
397	1.005338	0.002761	-4.567810	-0.002761	1.005338	1.309845	
398	1.006911	0.003667	-5.353760	-0.003667	1.006911	-2.783844	
399	1.007890	-0.002471	-7.214066	0.002471	1.007890	-3.897614	
400	1.007262	-0.006982	-7.626801	0.006982	1.007262	-2.750412	
401	1.009880	-0.002824	-7.708099	0.002824	1.009880	-6.973206	
402	1.005183	0.006121	-4.150864	-0.006121	1.005183	3.247543	
403	1.008516	0.004549	-4.879395	-0.004549	1.008516	-1.827057	
404	1.008930	-0.001661	-4.407593	0.001661	1.008930	-4.586899	
405	1.006765	-0.003032	-3.163116	0.003032	1.006765	-2.812973	
406	1.008652	0.000021	-4.669952	-0.000021	1.008652	-4.397552	
407	1.004477	0.002421	-2.480743	-0.002421	1.004477	-1.051010	
408	1.006212	0.005438	-4.229553	-0.005438	1.006212	-1.881409	
409	1.009643	0.002502	-9.770844	-0.002502	1.009643	-2.525070	
410	1.005756	-0.003165	-7.037170	0.003165	1.005756	-2.877701	
411	1.008636	-0.002634	-9.573456	0.002634	1.008636	-0.766907	
412	1.005274	0.002884	-4.327240	-0.002884	1.005274	-1.865402	
413	1.005980	0.003934	-9.072174	-0.003934	1.005980	1.442589	
414	1.006203	-0.001833	-8.815643	0.001833	1.006203	-1.488266	
415	1.006686	-0.003637	-7.712830	0.003637	1.006686	0.816330	
416	1.004080	-0.002605	-4.076126	0.002605	1.004080	1.051331	
417	1.008564	0.001533	-7.572525	-0.001533	1.008564	-4.985779	
418	1.003836	0.002104	-3.657303	-0.002104	1.003836	0.417175	
419	1.007553	0.000054	-7.800873	-0.000054	1.007553	-3.859573	
420	1.007393	-0.004749	-9.719147	0.004749	1.007393	-1.884171	
421	1.006070	-0.002745	-5.384903	0.002745	1.006070	-3.407928	
422	1.008380	-0.000633	-7.344879	0.000633	1.008380	-3.976059	
423	1.007198	0.000684	-7.233917	-0.000684	1.007198	-0.850311	
424	1.008000	-0.000005	-9.372589	0.000005	1.008000	-4.551224	
425	1.006917	-0.001990	-6.108917	0.001990	1.006917	-3.681519	
426	1.007910	-0.002361	-7.881561	0.002361	1.007910	-4.201797	
427	1.007863	-0.001586	-7.161865	0.001586	1.007863	-3.834961	
428	1.006770	-0.003049	-7.022339	0.003049	1.006770	-1.839996	
429	1.006321	-0.006268	-6.170380	0.006268	1.006321	-1.991241	
430	1.005804	-0.002601	-4.044739	0.002601	1.005804	-3.311249	
431	1.006340	0.000867	-4.630600	-0.000867	1.006340	-2.379799	
432	1.003836	0.001399	-3.727859	-0.001399	1.003836	0.044319	
433	1.007212	-0.003166	-7.221207	0.003166	1.007212	-2.022095	
434	1.003328	-0.002738	-3.174896	0.002738	1.003328	-2.503426	
435	1.006915	-0.002743	-4.743713	0.002743	1.006915	-4.350647	
436	1.004047	-0.000235	-2.764374	0.000235	1.004047	-0.096260	
437	1.014805	-0.001852	-6.297829	0.001852	1.014805	-3.681099	
438	1.005140	-0.001381	-3.220871	0.001381	1.005140	-2.073624	
439	1.009236	-0.001958	-4.187988	0.001958	1.009236	-2.649841	
440	1.006039	0.003475	-1.832825	-0.003475	1.006039	2.667007	
441	1.013594	0.008161	-3.910126	-0.008161	1.013594	1.827065	
442	0.994540	-0.024140	3.020233	0.024140	0.994540	-10.068024	
443	0.994540	-0.024140	3.020233	0.024140	0.994540	-10.068024	
444	1.006808	0.005875	0.182373	-0.005875	1.006808	1.114845	
445	1.004117	0.003362	1.312164	-0.003362	1.004117	-1.151672	
446	1.001902	-0.005843	1.920654	0.005843	1.001902	0.806389	
447	0.999322	-0.006856	1.905594	0.006856	0.999322	-3.876663	
448	0.999123	-0.001427	4.146912	0.001427	0.999123	1.817207	
449	0.985638	-0.003641	12.181900	0.003641	0.985638	1.582535	
450	0.998815	0.001394	5.284515	-0.001394	0.998815	2.300690	
451	0.997702	0.000816	8.768265	-0.000816	0.997702	-0.100052	
452	1.005748	0.013913	4.520111	-0.013913	1.005748	-0.149765	
453	1.000097	0.004599	8.740173	-0.004599	1.000097	5.693283	
454	1.008684	0.001214	5.266479	-0.001214	1.008684	-4.064552	
455	0.997813	-0.002167	5.795074	0.002167	0.997813	0.768562	
456	1.001256	-0.003018	8.157059	0.003018	1.001256	1.774345	
457	1.012290	0.003882	1.834137	-0.003882	1.012290	-3.721771	
458	1.004566	0.007616	4.932190	-0.007616	1.004566	8.186897	
459	1.002899	0.005874	1.108002	-0.005874	1.002899	-1.293533	
460	1.000465	0.003700	4.255402	-0.003700	1.000465	-1.106293	
461	1.001783	0.003118	0.564835	-0.003118	1.001783	1.864037	
462	1.002199	-0.002046	-0.277130	0.002046	1.002199	3.209641	
463	1.008439	-0.006009	-4.514832	0.006009	1.008439	-5.481522	
464	1.011370	-0.006062	-4.950317	0.006062	1.011370	-5.955704	
465	1.003374	-0.002160	-0.990936	0.002160	1.003374	-2.037445	
466	1.002169	0.001664	0.495667	-0.001664	1.002169	0.220688	
467	1.009578	-0.005286	-3.951935	0.005286	1.009578	-6.934456	
468	1.007146	-0.006448	-2.879456	0.006448	1.007146	-5.557022	
469	0.994608	0.005378	2.717346	-0.005378	0.994608	2.999435	
470	1.004604	0.004031	1.512054	-0.004031	1.004604	-0.531807	
471	1.008958	-0.001950	-1.345337	0.001950	1.008958	-4.094177	
472	1.014259	-0.012383	-5.662598	0.012383	1.014259	-9.019524	
473	1.007723	-0.006304	-0.929169	0.006304	1.007723	-4.284615	
474	1.007723	-0.006304	-0.929169	0.006304	1.007723	-4.284615	
475	1.002094	0.008380	1.286163	-0.008380	1.002094	5.238281	
476	1.012200	0.000827	-3.723984	-0.000827	1.012200	-1.746391	
477	1.007971	-0.002768	-4.610779	0.002768	1.007971	-3.987473	
478	1.008667	-0.003086	-5.419250	0.003086	1.008667	2.772972	
479	1.008458	0.000110	-3.736313	-0.000110	1.008458	0.775154	
480	1.008458	0.000110	-3.736313	-0.000110	1.008458	0.775154	
481	1.008458	0.000110	-3.736313	-0.000110	1.008458	0.775154	
482	1.002657	0.003219	-4.956543	-0.003219	1.002657	6.733696	
483	1.006520	0.002086	-6.065948	-0.002086	1.006520	1.817596	
484	1.008050	0.002941	-3.358551	-0.002941	1.008050	1.530312	
485	1.009828	-0.000149	-5.150238	0.000149	1.009828	-3.596191	
486	0.984326	-0.009995	2.479584	0.009995	0.984326	0.474487	
487	1.011318	-0.005775	-5.512238	0.005775	1.011318	-2.927696	
488	1.003677	-0.000526	-3.836792	0.000526	1.003677	-2.591858	
489	1.003677	-0.000526	-3.836792	0.000526	1.003677	-2.591858	
490	1.013534	-0.002972	-4.965790	0.002972	1.013534	-0.256973	
491	1.019806	0.007150	-8.039307	-0.007150	1.019806	-0.468323	
492	1.002192	0.002973	0.507996	-0.002973	1.002192	1.541840	
493	1.001514	0.000506	0.182465	-0.000506	1.001514	1.751976	
494	1.001514	0.000506	0.182465	-0.000506	1.001514	1.751976	
495	1.010028	-0.009096	-0.210419	0.009096	1.010028	-3.704994	
496	0.997229	-0.012898	4.785950	0.012898	0.997229	-5.508728	
497	1.012528	-0.011756	-1.222809	0.011756	1.012528	-8.810028	
498	1.016303	0.005149	-3.613556	-0.005149	1.016303	-1.136887	
499	0.987082	0.001762	7.935394	-0.001762	0.987082	12.876144	
500	1.005071	0.002753	3.114197	-0.002753	1.005071	-1.419472	
501	1.005071	0.002753	3.114197	-0.002753	1.005071	-1.419472	
502	1.005071	0.002753	3.114197	-0.002753	1.005071	-1.419472	
503	0.990221	0.005706	5.831635	-0.005706	0.990221	0.664841	
504	0.998480	0.001622	2.884460	-0.001622	0.998480	1.791122	
505	1.008222	-0.006065	3.630356	0.006065	1.008222	0.056763	
506	0.995257	-0.012279	3.326355	0.012279	0.995257	-3.131462	
507	1.006411	-0.001850	0.344482	0.001850	1.006411	-3.097153	
508	1.007511	-0.012036	0.471710	0.012036	1.007511	-9.504608	
509	1.002921	-0.005396	1.140869	0.005396	1.002921	1.761589	
510	1.004714	-0.002494	2.137756	0.002494	1.004714	-1.906773	
511	0.998580	0.005428	4.823151	-0.005428	0.998580	7.102158	
512	1.002516	0.008197	7.942261	-0.008197	1.002516	5.410728	
513	0.996389	-0.002703	14.184540	0.002703	0.996389	2.143829	
514	0.996389	-0.002703	14.184540	0.002703	0.996389	2.143829	
515	0.996389	-0.002703	14.184540	0.002703	0.996389	2.143829	
516	0.996389	-0.002703	14.184540	0.002703	0.996389	2.143829	
517	1.003000	-0.002647	0.950378	0.002647	1.003000	-0.401993	
518	1.007810	-0.007423	-2.844452	0.007423	1.007810	-5.422859	
519	1.007810	-0.007423	-2.844452	0.007423	1.007810	-5.422859	
520	1.007810	-0.007423	-2.844452	0.007423	1.007810	-5.422859	
521	0.999890	0.007697	2.283386	-0.007697	0.999890	3.340462	
522	1.008182	-0.003329	-3.704315	0.003329	1.008182	-5.197227	
523	1.011768	-0.009578	-6.061676	0.009578	1.011768	-11.575974	
524	1.001298	0.001025	2.621170	-0.001025	1.001298	0.658432	
525	1.002121	0.005893	1.525650	-0.005893	1.002121	-2.236717	
526	1.008390	0.000062	-5.910583	-0.000062	1.008390	-4.728455	
527	0.996423	-0.012459	1.331322	0.012459	0.996423	9.368484	
528	1.000479	-0.001207	0.309082	0.001207	1.000479	4.883072	
529	1.006225	0.003085	-3.976807	-0.003085	1.006225	-0.037239	
530	1.003600	0.002201	-2.284775	-0.002201	1.003600	2.107018	
531	1.009562	0.005939	-6.317963	-0.005939	1.009562	-1.871307	
532	1.009760	-0.001366	-8.574448	0.001366	1.009760	-7.265526	
533	1.014660	-0.014359	-14.209366	0.014359	1.014660	-9.468254	
534	1.008916	-0.006238	-6.237183	0.006238	1.008916	-4.207642	
535	1.005773	0.003433	-0.184891	-0.003433	1.005773	-1.285278	
536	1.005931	-0.003713	-0.899231	0.003713	1.005931	-6.795723	
537	1.002634	-0.001002	0.213837	0.001002	1.002634	0.667404	
538	1.008497	0.005949	2.911774	-0.005949	1.008497	-1.319191	
539	0.997840	0.008647	3.995667	-0.008647	0.997840	3.464310	
540	1.003362	0.014026	7.071625	-0.014026	1.003362	2.541435	
541	1.001472	0.003953	5.842804	-0.003953	1.001472	1.050568	
542	1.001495	-0.006680	5.120056	0.006680	1.001495	1.494766	
543	1.002113	-0.007294	5.487732	0.007294	1.002113	-5.940552	
544	1.001940	-0.000174	5.268875	0.000174	1.001940	-1.012665	
545	0.997206	0.005295	9.290268	-0.005295	0.997206	1.893433	
546	1.004070	0.003313	5.706360	-0.003313	1.004070	-3.017838	
547	0.997839	0.007597	6.581696	-0.007597	0.997839	2.950150	
548	0.998557	0.005593	4.094391	-0.005593	0.998557	0.016083	
549	1.009396	0.003810	0.955200	-0.003810	1.009396	-13.397099	
550	1.003793	0.002349	-1.357727	-0.002349	1.003793	-3.329910	
551	0.999976	-0.000259	-0.292923	0.000259	0.999976	6.078903	
552	1.001473	-0.004915	0.985397	0.004915	1.001473	0.234962	
553	1.003728	-0.003203	0.170929	0.003203	1.003728	1.669533	
554	1.001340	0.004760	1.659103	-0.004760	1.001340	-1.783417	
555	1.002547	0.002593	-0.497940	-0.002593	1.002547	3.591782	
556	0.998850	-0.004005	1.391586	0.004005	0.998850	7.821350	
557	1.005880	-0.001120	-2.156967	0.001120	1.005880	-3.869148	
558	1.005301	0.016943	2.849609	-0.016943	1.005301	-3.433586	
559	1.001307	0.010775	-1.752319	-0.010775	1.001307	1.977409	
560	1.014428	-0.008352	-11.238266	0.008352	1.014428	-9.438599	
561	1.012689	-0.012058	-8.201279	0.012058	1.012689	-9.653473	
562	1.002599	-0.003706	-1.545990	0.003706	1.002599	-0.072929	
563	1.002081	0.003141	-0.724960	-0.003141	1.002081	1.211899	
564	0.997465	0.010922	1.616013	-0.010922	0.997465	3.656204	
565	1.001147	0.003859	0.300232	-0.003859	1.001147	2.025826	
566	1.001244	0.000532	0.429245	-0.000532	1.001244	1.090088	
567	1.001311	-0.000013	0.361404	0.000013	1.001311	0.654625	
568	1.002069	0.005491	0.919083	-0.005491	1.002069	-2.139259	
569	0.999878	0.004775	1.088898	-0.004775	0.999878	-0.332626	
570	1.003839	0.001329	0.736115	-0.001329	1.003839	1.860649	
571	1.007824	-0.002979	-2.972107	0.002979	1.007824	-3.426140	
572	1.003901	-0.002676	-0.990204	0.002676	1.003901	2.953308	
573	1.004847	0.002406	0.286896	-0.002406	1.004847	1.447006	
574	1.002349	0.002223	-0.279839	-0.002223	1.002349	0.409119	
575	1.005612	-0.000465	-1.899475	0.000465	1.005612	-1.614487	
576	1.004801	-0.000079	-0.618591	0.000079	1.004801	-1.871941	
577	1.002377	0.007265	0.914192	-0.007265	1.002377	-1.253067	
578	1.012483	0.001814	-2.095291	-0.001814	1.012483	-11.120270	
579	1.010918	0.002095	-5.139282	-0.002095	1.010918	-3.506149	
580	1.005136	-0.003206	0.706009	0.003206	1.005136	2.305862	
581	1.003358	0.000228	-1.743774	-0.000228	1.003358	1.244919	
582	1.000461	-0.007503	2.624268	0.007503	1.000461	6.496399	
583	1.006739	-0.009909	-1.054871	0.009909	1.006739	-3.485657	
584	1.012928	-0.003466	-6.084305	0.003466	1.012928	-7.942581	
585	1.003468	-0.003825	1.708939	0.003825	1.003468	2.466568	
586	1.011889	0.006730	-9.274216	-0.006730	1.011889	-3.538055	
587	1.003918	0.000143	-6.675385	-0.000143	1.003918	2.693024	
588	1.020167	-0.007335	-23.490540	0.007335	1.020167	-6.062592	
589	1.017213	-0.003909	-13.084366	0.003909	1.017213	-7.659637	
590	1.011734	0.004530	-14.914154	-0.004530	1.011734	-2.941231	
591	1.010083	-0.005996	-12.048950	0.005996	1.010083	3.940987	
592	1.014550	0.002388	-16.043121	-0.002388	1.014550	-7.601540	
593	1.011566	-0.002528	-9.898987	0.002528	1.011566	-6.320793	
594	1.012459	-0.003026	-9.669128	0.003026	1.012459	0.955750	
595	1.008219	-0.003029	-5.956161	0.003029	1.008219	-2.275909	
596	1.013039	-0.002534	-7.180511	0.002534	1.013039	-3.694885	
597	1.010559	0.000839	-4.455734	-0.000839	1.010559	1.612633	
598	1.010032	0.000738	-3.949829	-0.000738	1.010032	-1.895836	
599	1.012360	0.001127	-4.138336	-0.001127	1.012360	0.449501	
600	1.008082	0.002883	-1.523361	-0.002883	1.008082	0.001541	
601	1.013269	0.005136	-2.273651	-0.005136	1.013269	-3.629242	
602	1.011824	0.003311	-1.986115	-0.003311	1.011824	0.732063	
603	1.014378	0.000666	-2.087845	-0.000666	1.014378	-3.834274	
604	1.014759	0.002102	-1.151718	-0.002102	1.014759	-3.384354	
605	1.010094	0.000223	0.166428	-0.000223	1.010094	-4.254379	
606	1.017622	-0.002444	-2.104736	0.002444	1.017622	-8.386337	
607	1.014268	-0.000119	-0.967316	0.000119	1.014268	-0.011307	
608	1.009292	-0.001491	1.890167	0.001491	1.009292	-6.750053	
609	1.003595	0.003304	2.638817	-0.003304	1.003595	0.718216	
610	1.010167	0.004189	0.083679	-0.004189	1.010167	4.629608	
611	1.017770	-0.008388	-1.995453	0.008388	1.017770	-6.276344	
612	1.015469	-0.001281	-5.749634	0.001281	1.015469	-7.795914	
613	1.026953	-0.008041	-8.458557	0.008041	1.026953	-6.498260	
614	1.005450	-0.008520	0.192673	0.008520	1.005450	-1.524254	
615	1.006842	-0.001699	-0.007614	0.001699	1.006842	-2.499256	
616	1.010823	0.001430	-1.676193	-0.001430	1.010823	-7.653526	
617	1.030832	-0.004774	-11.379242	0.004774	1.030832	-10.921738	
618	1.025659	-0.007691	-9.158936	0.007691	1.025659	-5.441315	
619	1.004902	-0.007790	-1.778046	0.007790	1.004902	-0.109062	
620	0.999934	0.006740	2.582077	-0.006740	0.999934	9.676880	
621	0.996168	-0.003140	5.599792	0.003140	0.996168	7.614517	
622	1.008314	0.002545	-4.293549	-0.002545	1.008314	2.151558	
623	1.008896	-0.009273	-3.583801	0.009273	1.008896	-2.650536	
624	1.011595	0.000259	-1.316696	-0.000259	1.011595	-4.981003	
625	1.009146	-0.000472	0.436218	0.000472	1.009146	-3.352386	
626	1.017322	-0.008793	-5.074158	0.008793	1.017322	-9.628731	
627	1.019732	-0.015005	-1.966324	0.015005	1.019732	-9.980614	
628	1.006073	-0.004694	6.607452	0.004694	1.006073	5.094215	
629	0.999516	0.007737	9.260147	-0.007737	0.999516	3.793709	
630	1.003447	0.003219	4.015610	-0.003219	1.003447	0.021225	
631	1.003297	-0.005201	1.610107	0.005201	1.003297	0.507744	
632	1.003592	-0.003564	3.337723	0.003564	1.003592	-1.208916	
633	1.008516	0.007963	3.979706	-0.007963	1.008516	-1.643463	
634	1.004469	0.012271	3.217682	-0.012271	1.004469	2.319946	
635	1.011266	-0.008378	-3.828415	0.008378	1.011266	-5.238121	
636	1.005886	-0.003431	-2.732986	0.003431	1.005886	-3.288078	
637	1.003896	0.002610	-1.670502	-0.002610	1.003896	-0.851250	
638	1.005465	0.003630	-4.707611	-0.003630	1.005465	0.014748	
639	1.008075	-0.002479	-7.952423	0.002479	1.008075	-1.740715	
640	1.004629	-0.002785	-8.537384	0.002785	1.004629	-0.498985	
641	1.002610	0.005950	-4.198822	-0.005950	1.002610	3.061142	
642	1.003368	0.002080	-4.362366	-0.002080	1.003368	-1.156647	
643	1.002387	0.004274	-5.382385	-0.004274	1.002387	4.857521	
644	1.004431	-0.003798	-6.488312	0.003798	1.004431	-2.158646	
645	1.012765	-0.002070	-9.216217	0.002070	1.012765	-1.624626	
646	1.007213	-0.006183	-4.741196	0.006183	1.007213	-0.502953	
647	1.003374	-0.000285	-1.593750	0.000285	1.003374	0.534523	
648	1.003015	0.011805	-2.151672	-0.011805	1.003015	3.925369	
649	1.006241	-0.000434	-4.212097	0.000434	1.006241	-2.455757	
650	1.008069	-0.005924	-9.921692	0.005924	1.008069	-10.030991	
651	1.008967	-0.003459	-4.383072	0.003459	1.008967	1.368912	
652	1.004241	-0.004535	-1.113876	0.004535	1.004241	5.016609	
653	1.012755	-0.000607	-5.685944	0.000607	1.012755	-9.259369	
654	1.004786	0.002526	-0.042511	-0.002526	1.004786	-0.956207	
655	1.004990	0.002065	-0.552643	-0.002065	1.004990	-1.217728	
656	1.012374	0.001216	-0.207870	-0.001216	1.012374	-8.153374	
657	1.000903	0.005505	2.855515	-0.005505	1.000903	-0.172600	
658	1.004406	0.009745	1.833084	-0.009745	1.004406	0.856461	
659	1.010522	-0.004614	-7.109352	0.004614	1.010522	2.041077	
660	1.004291	0.002203	-1.359497	-0.002203	1.004291	-0.936485	
661	1.006434	-0.002200	-3.579071	0.002200	1.006434	-0.542191	
662	1.001154	0.001426	-0.076111	-0.001426	1.001154	-0.306717	
663	1.003541	0.002599	-0.641922	-0.002599	1.003541	-0.074974	
664	1.004557	-0.003805	2.413635	0.003805	1.004557	-5.013176	
665	1.006514	-0.000187	-1.282043	0.000187	1.006514	-3.852654	
666	1.005920	-0.001614	0.332550	0.001614	1.005920	-2.411270	
667	0.999558	0.004711	4.658279	-0.004711	0.999558	4.094833	
668	1.006355	0.002207	0.125443	-0.002207	1.006355	-5.687981	
669	1.005004	0.004320	1.479980	-0.004320	1.005004	0.133041	
670	0.999351	0.000827	0.887497	-0.000827	0.999351	6.539993	
671	0.999448	-0.006077	-0.052490	0.006077	0.999448	9.024284	
672	1.004437	-0.004759	3.647156	0.004759	1.004437	-11.974823	
673	1.010700	0.004836	-6.927765	-0.004836	1.010700	-6.366531	
674	0.996323	-0.011024	-3.260620	0.011024	0.996323	3.393913	
675	0.993621	-0.008950	0.489380	0.008950	0.993621	2.215134	
676	1.002697	-0.000203	1.826202	0.000203	1.002697	-1.440392	
677	1.006512	0.003571	-5.298431	-0.003571	1.006512	-2.885460	
678	1.002275	0.004640	-0.666672	-0.004640	1.002275	4.517647	
679	1.002053	-0.001429	-0.464874	0.001429	1.002053	2.455353	
680	1.006728	-0.003616	-4.446823	0.003616	1.006728	-3.237785	
681	1.008409	-0.004804	-4.072479	0.004804	1.008409	-4.393272	
682	1.003997	-0.001846	-1.048904	0.001846	1.003997	-0.491867	
683	1.006862	0.001462	-2.471558	-0.001462	1.006862	-4.611664	
684	1.004573	0.001898	-0.055969	-0.001898	1.004573	-1.780457	
685	1.024066	-0.000059	-10.956848	0.000059	1.024066	-5.531677	
686	1.007800	-0.000292	-2.803955	0.000292	1.007800	-2.162613	
687	1.008395	-0.001650	-7.800034	0.001650	1.008395	-5.643959	
688	1.003803	0.000774	-2.377563	-0.000774	1.003803	1.838417	
689	1.005168	0.002301	-2.553406	-0.002301	1.005168	0.002548	
690	0.996869	-0.001824	0.524872	0.001824	0.996869	-0.254745	
691	1.003486	0.003286	-1.251556	-0.003286	1.003486	1.397446	
692	1.004669	0.006157	0.781784	-0.006157	1.004669	-5.550690	
693	1.010305	0.001581	-2.557037	-0.001581	1.010305	-5.341759	
694	1.004774	-0.003202	-1.937134	0.003202	1.004774	-3.358978	
695	0.995075	0.004104	3.231964	-0.004104	0.995075	7.977982	
696	1.008135	-0.003487	0.628403	0.003487	1.008135	-1.684128	
697	1.008332	0.005765	-3.123276	-0.005765	1.008332	-2.328377	
698	1.001144	0.001744	-0.056808	-0.001744	1.001144	5.540726	
699	1.000142	0.000589	2.277756	-0.000589	1.000142	5.814499	
700	1.020610	-0.004841	-9.074478	0.004841	1.020610	-14.130821	
701	1.005280	-0.005042	-5.907539	0.005042	1.005280	-3.207466	
702	1.002193	0.002180	-0.687347	-0.002180	1.002193	2.949043	
703	1.009763	0.001405	-4.644615	-0.001405	1.009763	0.546638	
704	1.009763	0.001405	-4.644615	-0.001405	1.009763	0.546638	
705	1.011180	0.000919	-7.176910	-0.000919	1.011180	-2.214615	
706	1.000998	-0.003205	-3.603226	0.003205	1.000998	0.733833	
707	1.010440	-0.000205	-6.040222	0.000205	1.010440	-2.908302	
708	1.003894	-0.001071	-1.982391	0.001071	1.003894	-1.929321	
709	1.004427	0.003285	-0.760071	-0.003285	1.004427	-1.029648	
710	1.010008	-0.002416	-1.963760	0.002416	1.010008	-4.553406	
711	1.003218	-0.009208	-0.857956	0.009208	1.003218	-2.219093	
712	1.004865	-0.006343	1.107330	0.006343	1.004865	-3.884712	
713	0.999063	-0.006536	5.558540	0.006536	0.999063	-0.047966	
714	0.997378	-0.008969	7.097519	0.008969	0.997378	-2.056839	
715	0.997748	-0.011538	7.765427	0.011538	0.997748	1.158386	
716	0.999842	-0.006325	7.004791	0.006325	0.999842	-0.760239	
717	1.003639	-0.009964	6.927673	0.009964	1.003639	2.167664	
718	0.996848	0.004434	5.459900	-0.004434	0.996848	3.143417	
719	0.998807	0.001760	5.729996	-0.001760	0.998807	1.205551	
720	1.000941	-0.001494	4.741653	0.001494	1.000941	-2.658775	
721	0.998603	-0.001064	4.272171	0.001064	0.998603	1.415718	
722	1.002456	0.000385	6.420547	-0.000385	1.002456	2.491508	
723	1.002408	-0.004152	3.169235	0.004152	1.002408	-0.777298	
724	1.004838	-0.000825	2.090179	0.000825	1.004838	-4.131310	
725	0.986401	0.007571	5.654907	-0.007571	0.986401	5.122849	
726	1.003307	0.002290	0.422241	-0.002290	1.003307	-2.978325	
727	1.005601	-0.000341	-3.172638	0.000341	1.005601	-1.494949	
728	1.009115	-0.005697	-2.734634	0.005697	1.009115	-3.535721	
729	1.006583	-0.005221	-0.727356	0.005221	1.006583	4.372101	
730	0.999073	0.002053	1.419266	-0.002053	0.999073	4.264969	
731	1.002618	0.001391	-1.395737	-0.001391	1.002618	1.378052	
732	1.004399	0.000985	-3.148911	-0.000985	1.004399	0.983772	
733	1.000564	0.001328	-0.287628	-0.001328	1.000564	3.752586	
734	1.006410	0.003642	-2.869156	-0.003642	1.006410	-5.469498	
735	1.007008	0.001871	-3.235428	-0.001871	1.007008	-3.979500	
736	1.007715	-0.007098	-3.407974	0.007098	1.007715	-3.902718	
737	1.006135	-0.003030	-1.954422	0.003030	1.006135	-2.897385	
738	1.005998	-0.003326	-2.535721	0.003326	1.005998	-1.821724	
739	1.003264	0.000485	0.146530	-0.000485	1.003264	-1.124001	
740	1.002385	0.000483	-1.629501	-0.000483	1.002385	-4.498238	
741	1.004386	-0.002086	-1.616135	0.002086	1.004386	-1.390335	
742	1.003332	-0.000203	-1.930603	0.000203	1.003332	-3.183159	
743	1.001641	-0.001431	1.003998	0.001431	1.001641	-0.645294	
744	1.002460	0.002197	0.590759	-0.002197	1.002460	-1.229233	
745	1.010731	-0.009041	2.605896	0.009041	1.010731	-0.353897	
746	1.003756	0.000988	0.097244	-0.000988	1.003756	-2.129021	
747	1.001415	0.001610	1.367645	-0.001610	1.001415	0.505295	
748	0.998590	0.003188	2.309525	-0.003188	0.998590	4.062401	
749	0.999944	0.002962	5.866241	-0.002962	0.999944	-1.369499	
750	1.003808	0.004875	3.137054	-0.004875	1.003808	-3.255623	
751	1.002320	-0.001982	4.501572	0.001982	1.002320	-1.179405	
752	1.001786	-0.001847	3.084854	0.001847	1.001786	-1.887566	
753	1.018852	0.011811	-0.835693	-0.011811	1.018852	1.189056	
754	1.001088	0.003954	1.770554	-0.003954	1.001088	-0.521324	
755	1.001853	0.010706	3.647156	-0.010706	1.001853	3.673805	
756	1.003399	0.004101	0.207443	-0.004101	1.003399	-0.534866	
757	1.005291	-0.000571	-2.049011	0.000571	1.005291	-1.795158	
758	1.005062	-0.001762	-1.131378	0.001762	1.005062	0.421791	
759	1.008905	0.001769	-2.920105	-0.001769	1.008905	-2.776382	
760	1.008365	-0.000901	-1.160400	0.000901	1.008365	-2.402588	
761	1.006196	-0.003692	-0.068909	0.003692	1.006196	-4.972641	
762	1.012092	-0.001464	-6.136108	0.001464	1.012092	-11.904099	
763	1.001129	0.001986	1.933746	-0.001986	1.001129	5.082413	
764	0.997338	0.008353	2.148621	-0.008353	0.997338	7.910683	
765	1.000871	0.004294	-1.699005	-0.004294	1.000871	1.709671	
766	1.010379	-0.004985	-6.438812	0.004985	1.010379	-5.126961	
767	1.003744	-0.004699	-3.584442	0.004699	1.003744	1.285065	
768	1.004172	-0.002917	-1.532700	0.002917	1.004172	-0.328400	
769	1.001666	0.007377	-0.394363	-0.007377	1.001666	-0.758698	
770	1.003969	0.002041	-5.714478	-0.002041	1.003969	0.086334	
771	1.005656	-0.002717	-4.175415	0.002717	1.005656	-3.441673	
772	1.006754	-0.001843	-4.355331	0.001843	1.006754	-2.516678	
773	1.003310	0.003492	-1.399307	-0.003492	1.003310	0.448372	
774	1.002616	0.005677	-1.231628	-0.005677	1.002616	1.612778	
775	1.004463	0.004580	-3.066315	-0.004580	1.004463	2.203972	
776	1.003954	-0.001535	-2.149567	0.001535	1.003954	-0.390144	
777	1.001076	0.002381	0.916687	-0.002381	1.001076	1.823837	
778	0.995689	0.008596	5.875519	-0.008596	0.995689	5.463463	
779	0.999815	0.002040	2.144180	-0.002040	0.999815	-0.067825	
780	1.002462	-0.003937	1.249344	0.003937	1.002462	-2.351311	
781	1.000817	-0.001223	0.987579	0.001223	1.000817	0.794365	
782	1.001687	0.001081	0.938553	-0.001081	1.001687	0.187531	
783	1.000265	0.004559	0.115509	-0.004559	1.000265	3.689842	
784	1.004852	0.000820	-3.836258	-0.000820	1.004852	-1.817841	
785	1.007453	-0.002323	-6.144562	0.002323	1.007453	-2.036728	
786	1.002465	0.000247	-3.085953	-0.000247	1.002465	0.689217	
787	1.004752	0.003969	-5.345551	-0.003969	1.004752	0.033974	
788	1.006985	-0.001292	-7.816925	0.001292	1.006985	0.046906	
789	1.003288	-0.003829	-6.626373	0.003829	1.003288	2.406303	
790	1.006253	-0.003415	-5.951843	0.003415	1.006253	-0.350998	
791	1.002261	0.000342	-3.573303	-0.000342	1.002261	2.933342	
792	1.008412	-0.001128	-4.981613	0.001128	1.008412	-5.769852	
793	1.014157	0.000195	-7.932892	-0.000195	1.014157	-11.801689	
794	1.006589	-0.005772	-5.622375	0.005772	1.006589	0.683662	
795	1.000639	-0.003783	0.470367	0.003783	1.000639	3.145737	
796	1.008587	-0.000283	-5.674438	0.000283	1.008587	-6.982773	
797	1.003395	0.004583	-0.171265	-0.004583	1.003395	1.188347	
798	1.001780	0.005641	-1.629776	-0.005641	1.001780	0.500587	
799	1.008535	-0.001588	-6.097961	0.001588	1.008535	-6.189293	
800	1.001503	-0.000701	-0.993942	0.000701	1.001503	3.364273	
801	1.001887	-0.002062	1.243927	0.002062	1.001887	0.168350	
802	1.002687	0.000901	0.175735	-0.000901	1.002687	1.215164	
803	0.999277	-0.001831	5.482651	0.001831	0.999277	2.020889	
804	1.004258	-0.000081	4.386292	0.000081	1.004258	-4.157623	
805	1.002028	-0.001942	6.033218	0.001942	1.002028	0.646774	
806	0.996794	-0.001806	6.954605	0.001806	0.996794	-0.512085	
807	1.002548	0.000443	4.779724	-0.000443	1.002548	-2.727951	
808	1.001257	0.007250	10.044098	-0.007250	1.001257	3.761353	
809	1.000727	0.004450	6.184677	-0.004450	1.000727	3.150162	
810	1.000423	0.005811	3.876175	-0.005811	1.000423	-1.967003	
811	0.999194	0.000285	3.273956	-0.000285	0.999194	0.271408	
812	1.001542	-0.005813	2.587433	0.005813	1.001542	-0.886726	
813	1.004469	0.000737	0.426682	-0.000737	1.004469	-3.493118	
814	1.004218	0.002439	0.539154	-0.002439	1.004218	1.535805	
815	1.005632	0.000362	-1.346817	-0.000362	1.005632	-3.401970	
816	1.003911	-0.000725	-1.280472	0.000725	1.003911	-2.490738	
817	1.003317	0.006977	-1.449814	-0.006977	1.003317	0.371902	
818	1.002156	0.005800	-1.065704	-0.005800	1.002156	1.597015	
819	1.007657	0.002068	-6.722275	-0.002068	1.007657	2.345703	
820	1.011000	-0.006889	-6.938278	0.006889	1.011000	-7.192841	
821	1.007889	-0.005060	-6.244781	0.005060	1.007889	-2.689178	
822	0.998759	0.000024	1.587814	-0.000024	0.998759	4.633865	
823	1.008817	0.000377	-6.072861	-0.000377	1.008817	-3.945671	
824	1.005531	-0.000997	-2.947983	0.000997	1.005531	-1.865074	
825	1.008023	-0.001245	-3.635223	0.001245	1.008023	-5.971054	
826	1.010051	-0.011712	-6.952866	0.011712	1.010051	-0.886108	
827	1.008892	-0.007031	-2.573120	0.007031	1.008892	-3.167404	
828	1.003427	0.006857	-0.577591	-0.006857	1.003427	-0.564003	
829	0.997568	0.010180	1.618240	-0.010180	0.997568	7.951492	
830	1.006054	0.001834	-4.781677	-0.001834	1.006054	-1.934830	
831	1.013508	-0.007361	-10.437775	0.007361	1.013508	-10.957764	
832	1.006188	-0.003964	-3.006836	0.003964	1.006188	-2.214630	
833	1.007959	0.001577	-2.479706	-0.001577	1.007959	-2.950516	
834	1.007385	0.004021	-1.607697	-0.004021	1.007385	-1.187981	
835	0.999944	0.005973	2.751923	-0.005973	0.999944	0.965721	
836	1.008701	0.010210	2.367188	-0.010210	1.008701	4.233376	
