0	1.000000	0.000000	0.000000	0.000000	1.000000	0.000000	
1	0.999996	-0.000045	0.044800	0.000045	0.999996	-0.003052	
2	1.000022	-0.000104	0.014160	0.000104	1.000022	-0.013092	
3	0.999995	-0.000078	0.093628	0.000078	0.999995	-0.037445	
4	1.000069	-0.000142	0.088501	0.000142	1.000069	-0.096924	
5	0.999997	-0.000066	0.028198	0.000066	0.999997	-0.060059	
6	0.999962	-0.000069	0.051514	0.000069	0.999962	0.027832	
7	1.000014	-0.000094	0.085327	0.000094	1.000014	-0.013306	
8	0.999971	-0.000073	0.077026	0.000073	0.999971	-0.048126	
9	0.999934	-0.000049	0.150146	0.000049	0.999934	0.054291	
10	0.999967	-0.000054	0.089478	0.000054	0.999967	-0.004425	
11	0.999986	-0.000103	0.134033	0.000103	0.999986	-0.037659	
12	1.000032	-0.000039	0.007446	0.000039	1.000032	-0.027039	
13	0.999963	-0.000062	0.106995	0.000062	0.999963	-0.024750	
14	0.999978	-0.000040	0.072571	0.000040	0.999978	-0.017578	
15	1.000048	-0.000090	0.021973	0.000090	1.000048	-0.103302	
16	1.000026	-0.000095	0.037354	0.000095	1.000026	-0.097900	
17	1.000018	-0.000106	0.088013	0.000106	1.000018	-0.048645	
18	1.000021	-0.000078	0.030151	0.000078	1.000021	-0.053589	
19	0.999984	-0.000152	0.107178	0.000152	0.999984	-0.132935	
20	1.000017	-0.000053	0.034241	0.000053	1.000017	-0.027008	
21	1.000023	-0.000071	0.029297	0.000071	1.000023	-0.094635	
22	1.000030	-0.000056	-0.051880	0.000056	1.000030	-0.028168	
23	1.000042	-0.000084	-0.015381	0.000084	1.000042	-0.057251	
24	1.000022	-0.000064	-0.023926	0.000064	1.000022	-0.046448	
25	1.000003	-0.000035	0.054260	0.000035	1.000003	-0.033630	
26	1.000010	-0.000049	0.016235	0.000049	1.000010	-0.022583	
27	1.000012	-0.000019	-0.028320	0.000019	1.000012	0.020233	
28	1.000063	-0.000061	-0.064087	0.000061	1.000063	-0.077393	
29	0.999986	-0.000038	0.041382	0.000038	0.999986	-0.003662	
30	0.999971	-0.000115	0.113647	0.000115	0.999971	-0.130646	
31	1.000035	-0.000141	0.080750	0.000141	1.000035	-0.069855	
32	0.999995	-0.000142	0.080322	0.000142	0.999995	-0.047943	
33	0.999928	-0.000144	0.160950	0.000144	0.999928	-0.137482	
34	0.999953	-0.000205	0.153320	0.000205	0.999953	-0.217590	
35	0.999965	-0.000188	0.196289	0.000188	0.999965	-0.157867	
36	1.000008	-0.000106	0.064697	0.000106	1.000008	-0.052765	
37	1.000038	-0.000083	0.021606	0.000083	1.000038	-0.092529	
38	1.000027	-0.000041	-0.014771	0.000041	1.000027	0.002838	
39	1.000095	-0.000136	0.023804	0.000136	1.000095	-0.102203	
40	0.999998	-0.000056	-0.000610	0.000056	0.999998	-0.037903	
41	1.000053	-0.000119	0.038696	0.000119	1.000053	-0.102661	
42	0.999961	-0.000054	0.103760	0.000054	0.999961	0.019501	
43	1.000019	-0.000138	0.144287	0.000138	1.000019	-0.089386	
44	0.999963	-0.000061	0.095337	0.000061	0.999963	0.008972	
45	1.000020	-0.000067	0.003967	0.000067	1.000020	-0.026978	
46	1.000057	-0.000101	0.022888	0.000101	1.000057	-0.023743	
47	0.999992	-0.000034	-0.002930	0.000034	0.999992	0.033691	
48	1.000013	-0.000047	0.032837	0.000047	1.000013	-0.057861	
49	0.999992	-0.000061	0.078247	0.000061	0.999992	-0.057007	
50	0.999976	-0.000074	0.100098	0.000074	0.999976	-0.048218	
51	0.999979	-0.000038	0.057007	0.000038	0.999979	0.007446	
52	1.000098	-0.000070	-0.053223	0.000070	1.000098	-0.061890	
53	1.000091	-0.000114	0.031433	0.000114	1.000091	-0.042450	
54	1.000134	-0.000130	0.020386	0.000130	1.000134	-0.063080	
55	0.999950	0.000039	0.012451	-0.000039	0.999950	0.114410	
56	1.000051	-0.000048	-0.011475	0.000048	1.000051	-0.033051	
57	1.000032	-0.000038	0.008301	0.000038	1.000032	-0.025330	
58	1.000014	0.000017	-0.031128	-0.000017	1.000014	0.065765	
59	1.000030	0.000010	-0.066467	-0.000010	1.000030	0.044250	
60	1.000037	-0.000028	0.023438	0.000028	1.000037	-0.015076	
61	1.000029	-0.000018	-0.077576	0.000018	1.000029	-0.006958	
62	1.000092	-0.000059	-0.058838	0.000059	1.000092	0.019135	
63	1.000010	-0.000021	-0.010254	0.000021	1.000010	0.009338	
64	0.999976	0.000001	0.050171	-0.000001	0.999976	0.018219	
65	1.000016	-0.000027	-0.033875	0.000027	1.000016	-0.006378	
66	1.000009	-0.000008	0.015503	0.000008	1.000009	0.040771	
67	1.000000	-0.000023	-0.039795	0.000023	1.000000	0.060333	
68	1.000015	-0.000012	-0.036072	0.000012	1.000015	-0.061279	
69	1.000002	-0.000017	0.002441	0.000017	1.000002	0.049622	
70	1.000045	-0.000011	-0.103149	0.000011	1.000045	-0.024567	
71	1.000017	0.000008	0.018738	-0.000008	1.000017	0.053314	
72	1.000058	-0.000005	-0.099854	0.000005	1.000058	-0.010651	
73	0.999997	0.000001	-0.030518	-0.000001	0.999997	0.045807	
74	1.000032	-0.000009	-0.045776	0.000009	1.000032	0.030304	
75	1.000015	-0.000052	0.021423	0.000052	1.000015	0.020386	
76	0.999994	-0.000000	0.071472	0.000000	0.999994	0.082458	
77	1.000018	0.000059	-0.089111	-0.000059	1.000018	0.146759	
78	1.000049	-0.000045	-0.053528	0.000045	1.000049	0.045807	
79	1.000060	-0.000022	-0.019897	0.000022	1.000060	-0.004608	
80	1.000066	-0.000043	-0.054077	0.000043	1.000066	-0.018097	
81	1.000013	-0.000026	0.002014	0.000026	1.000013	-0.025238	
82	1.000009	-0.000045	0.017212	0.000045	1.000009	-0.025482	
83	0.999970	-0.000048	0.051208	0.000048	0.999970	0.012177	
84	1.000087	-0.000044	-0.071411	0.000044	1.000087	0.095734	
85	0.999961	-0.000017	0.108826	0.000017	0.999961	0.070068	
86	1.000030	-0.000067	-0.029053	0.000067	1.000030	-0.030945	
87	0.999962	0.000033	0.030884	-0.000033	0.999962	0.176178	
88	1.000046	0.000006	-0.085083	-0.000006	1.000046	0.040527	
89	1.000006	-0.000007	0.037598	0.000007	1.000006	0.059784	
90	1.000016	0.000020	-0.055664	-0.000020	1.000016	0.076996	
91	1.000034	0.000046	-0.035706	-0.000046	1.000034	0.073578	
92	1.000000	0.000027	-0.013184	-0.000027	1.000000	0.072571	
93	0.999991	0.000028	0.025269	-0.000028	0.999991	0.113464	
94	1.000030	-0.000011	0.006104	0.000011	1.000030	0.097290	
95	1.000054	-0.000050	-0.019165	0.000050	1.000054	-0.006378	
96	1.000039	0.000018	-0.021057	-0.000018	1.000039	0.110596	
97	1.000101	0.000017	-0.066772	-0.000017	1.000101	0.015381	
98	1.000033	-0.000010	-0.018433	0.000010	1.000033	0.083893	
99	1.000036	-0.000035	0.011780	0.000035	1.000036	-0.005768	
100	1.000035	-0.000037	-0.003662	0.000037	1.000035	-0.002289	
101	1.000083	0.000067	-0.074463	-0.000067	1.000083	0.128448	
102	0.999994	0.000049	-0.065979	-0.000049	0.999994	0.156189	
103	1.000003	-0.000025	-0.025269	0.000025	1.000003	0.027832	
104	1.000019	-0.000054	0.081909	0.000054	1.000019	0.089355	
105	0.999980	-0.000032	0.043213	0.000032	0.999980	0.017029	
106	0.999996	-0.000033	-0.000977	0.000033	0.999996	0.021942	
107	1.000031	-0.000030	-0.051392	0.000030	1.000031	0.034485	
108	0.999989	-0.000035	-0.025208	0.000035	0.999989	-0.018890	
109	0.999976	-0.000014	0.072144	0.000014	0.999976	0.102722	
110	1.000015	-0.000031	0.001892	0.000031	1.000015	0.050964	
111	1.000014	-0.000014	-0.010132	0.000014	1.000014	0.070587	
112	1.000041	-0.000042	-0.048218	0.000042	1.000041	-0.021820	
113	1.000029	-0.000015	0.011963	0.000015	1.000029	-0.002014	
114	0.999994	-0.000017	-0.004028	0.000017	0.999994	0.042236	
115	1.000025	-0.000045	-0.000122	0.000045	1.000025	0.036102	
116	1.000042	0.000016	-0.023315	-0.000016	1.000042	0.106842	
117	1.000024	-0.000080	0.019592	0.000080	1.000024	-0.054993	
118	1.000000	-0.000017	0.016846	0.000017	1.000000	0.050446	
119	1.000054	-0.000100	-0.022095	0.000100	1.000054	-0.040222	
120	0.999985	0.000025	-0.034973	-0.000025	0.999985	0.064514	
121	1.000009	-0.000017	-0.060181	0.000017	1.000009	0.034515	
122	0.999969	0.000033	0.016663	-0.000033	0.999969	0.163269	
123	0.999999	0.000016	0.005371	-0.000016	0.999999	0.060516	
124	1.000042	-0.000038	-0.015625	0.000038	1.000042	-0.010864	
125	1.000081	-0.000110	-0.031372	0.000110	1.000081	-0.108734	
126	1.000038	-0.000001	0.009521	0.000001	1.000038	0.016541	
127	1.000090	-0.000006	-0.096619	0.000006	1.000090	0.024994	
128	1.000100	-0.000099	0.008362	0.000099	1.000100	-0.051147	
129	1.000002	-0.000027	-0.025879	0.000027	1.000002	0.069794	
130	1.000005	-0.000010	0.040405	0.000010	1.000005	0.053345	
131	1.000042	-0.000059	-0.039062	0.000059	1.000042	0.032104	
132	1.000001	-0.000011	0.052979	0.000011	1.000001	0.027191	
133	0.999995	-0.000003	0.006653	0.000003	0.999995	0.023834	
134	1.000004	-0.000039	0.073425	0.000039	1.000004	0.026154	
135	1.000007	0.000007	-0.008362	-0.000007	1.000007	0.016388	
136	0.999967	0.000015	0.051575	-0.000015	0.999967	0.146667	
137	0.999986	0.000012	0.020447	-0.000012	0.999986	0.085449	
138	0.999969	0.000027	0.018738	-0.000027	0.999969	0.146515	
139	1.000012	-0.000013	0.016907	0.000013	1.000012	0.042542	
140	1.000062	-0.000045	0.020874	0.000045	1.000062	0.075134	
141	0.999988	0.000011	0.046875	-0.000011	0.999988	0.085266	
142	0.999999	0.000005	0.020508	-0.000005	0.999999	0.022217	
143	1.000012	0.000002	-0.016541	-0.000002	1.000012	-0.004364	
144	0.999955	-0.000002	0.076233	0.000002	0.999955	0.054199	
145	0.999967	-0.000019	0.114868	0.000019	0.999967	0.084930	
146	1.000010	-0.000031	0.067261	0.000031	1.000010	0.036896	
147	0.999987	-0.000031	0.058105	0.000031	0.999987	0.007629	
148	0.999962	0.000006	0.102539	-0.000006	0.999962	0.080719	
149	0.999959	-0.000030	0.095764	0.000030	0.999959	0.034668	
150	0.999984	-0.000038	0.132629	0.000038	0.999984	0.014893	
151	0.999938	-0.000029	0.119629	0.000029	0.999938	0.023468	
152	1.000016	-0.000075	0.071289	0.000075	1.000016	0.024200	
153	1.000046	-0.000040	0.085632	0.000040	1.000046	0.004913	
154	0.999991	-0.000031	0.033325	0.000031	0.999991	-0.006866	
155	1.000054	-0.000024	0.015991	0.000024	1.000054	-0.070099	
156	1.000021	-0.000018	-0.000916	0.000018	1.000021	0.027130	
157	1.000039	-0.000042	0.029663	0.000042	1.000039	0.043182	
158	1.000059	-0.000053	0.035645	0.000053	1.000059	0.019867	
159	1.000025	-0.000039	-0.007629	0.000039	1.000025	-0.037903	
160	1.000062	-0.000065	0.022339	0.000065	1.000062	0.005798	
161	1.000026	-0.000015	-0.025452	0.000015	1.000026	-0.025787	
162	1.000003	-0.000025	0.029907	0.000025	1.000003	-0.014099	
163	1.000051	-0.000027	0.012573	0.000027	1.000051	0.032837	
164	1.000021	-0.000023	0.002136	0.000023	1.000021	0.053680	
165	1.000017	-0.000030	0.011536	0.000030	1.000017	-0.010986	
166	1.000013	-0.000063	0.062622	0.000063	1.000013	-0.002655	
167	1.000059	-0.000071	0.040955	0.000071	1.000059	-0.026459	
168	1.000020	-0.000032	0.001343	0.000032	1.000020	-0.016632	
169	1.000058	-0.000002	-0.096558	0.000002	1.000058	0.060974	
170	1.000040	-0.000034	-0.021912	0.000034	1.000040	-0.010590	
171	1.000038	-0.000037	0.020935	0.000037	1.000038	0.000916	
172	1.000076	-0.000055	0.016724	0.000055	1.000076	-0.071106	
173	1.000015	-0.000007	0.004395	0.000007	1.000015	0.053711	
174	1.000069	-0.000072	0.021790	0.000072	1.000069	-0.034821	
175	1.000044	-0.000029	0.012573	0.000029	1.000044	0.044769	
176	1.000044	-0.000082	0.051147	0.000082	1.000044	-0.053070	
177	1.000013	0.000007	0.000183	-0.000007	1.000013	0.060333	
178	1.000012	-0.000004	0.005615	0.000004	1.000012	0.031952	
179	1.000061	-0.000026	0.004395	0.000026	1.000061	0.032532	
180	0.999970	-0.000072	0.054810	0.000072	0.999970	-0.086212	
181	1.000003	-0.000025	0.083923	0.000025	1.000003	0.033081	
182	1.000059	-0.000006	-0.019470	0.000006	1.000059	0.045593	
183	0.999995	-0.000059	0.057312	0.000059	0.999995	-0.025726	
184	0.999971	0.000013	0.061401	-0.000013	0.999971	0.057220	
185	0.999980	-0.000013	0.067017	0.000013	0.999980	0.037292	
186	1.000028	-0.000025	0.031372	0.000025	1.000028	0.029694	
187	0.999996	-0.000014	0.020020	0.000014	0.999996	0.067322	
188	1.000026	-0.000076	0.066101	0.000076	1.000026	0.003326	
189	1.000057	-0.000070	0.018921	0.000070	1.000057	-0.039093	
190	1.000039	-0.000117	0.049866	0.000117	1.000039	-0.034546	
191	0.999972	-0.000005	0.095581	0.000005	0.999972	0.082550	
192	0.999956	-0.000039	0.113953	0.000039	0.999956	0.007080	
193	0.999969	-0.000004	0.048462	0.000004	0.999969	0.071838	
194	0.999980	-0.000050	0.104370	0.000050	0.999980	-0.031525	
195	0.999965	-0.000054	0.100586	0.000054	0.999965	0.045502	
196	1.000021	-0.000013	0.015503	0.000013	1.000021	-0.018372	
197	0.999975	0.000038	0.090088	-0.000038	0.999975	0.172943	
198	0.999971	0.000077	0.077576	-0.000077	0.999971	0.230316	
199	1.000015	-0.000001	-0.019531	0.000001	1.000015	-0.019531	
200	0.999994	0.000010	0.065918	-0.000010	0.999994	0.069885	
201	0.999967	-0.000022	0.104187	0.000022	0.999967	0.043365	
202	0.999983	-0.000036	0.045532	0.000036	0.999983	0.022064	
203	1.000010	-0.000038	0.089600	0.000038	1.000010	0.046631	
204	1.000026	-0.000021	0.026550	0.000021	1.000026	0.074158	
205	0.999998	-0.000019	0.058716	0.000019	0.999998	0.037811	
206	1.000016	0.000013	0.014160	-0.000013	1.000016	0.093719	
207	0.999992	-0.000032	0.115112	0.000032	0.999992	0.107239	
208	0.999980	0.000000	0.081299	-0.000000	0.999980	0.002319	
209	0.999971	-0.000091	0.187988	0.000091	0.999971	0.026459	
210	0.999931	0.000005	0.130798	-0.000005	0.999931	0.138794	
211	0.999945	0.000004	0.150513	-0.000004	0.999945	0.142456	
212	0.999959	0.000040	0.071411	-0.000040	0.999959	0.038605	
213	1.000019	-0.000063	0.068359	0.000063	1.000019	-0.021637	
214	1.000009	-0.000031	0.063843	0.000031	1.000009	0.024292	
215	1.000058	-0.000086	0.036926	0.000086	1.000058	-0.075378	
216	1.000081	-0.000064	0.073242	0.000064	1.000081	-0.075897	
217	1.000009	-0.000035	0.090332	0.000035	1.000009	0.010498	
218	1.000028	-0.000022	0.038513	0.000022	1.000028	0.021179	
219	1.000058	-0.000097	0.091919	0.000097	1.000058	-0.071869	
220	1.000011	-0.000028	0.049194	0.000028	1.000011	0.015869	
221	1.000057	-0.000082	0.074402	0.000082	1.000057	0.011597	
222	1.000005	-0.000033	0.062805	0.000033	1.000005	-0.025604	
223	0.999986	0.000011	0.102783	-0.000011	0.999986	0.104797	
224	1.000039	-0.000031	0.041382	0.000031	1.000039	-0.016785	
225	1.000019	-0.000013	0.022827	0.000013	1.000019	0.071106	
226	0.999987	-0.000006	0.136353	0.000006	0.999987	0.050354	
227	0.999987	0.000034	-0.021118	-0.000034	0.999987	0.091614	
228	1.000050	-0.000128	0.105713	0.000128	1.000050	-0.076385	
229	1.000055	-0.000076	0.083618	0.000076	1.000055	-0.017944	
230	1.000004	0.000018	0.047241	-0.000018	1.000004	0.061310	
231	1.000040	-0.000097	0.049072	0.000097	1.000040	-0.026489	
232	1.000024	-0.000048	0.035522	0.000048	1.000024	-0.045593	
233	1.000095	-0.000071	-0.012390	0.000071	1.000095	0.006409	
234	1.000085	-0.000081	-0.002686	0.000081	1.000085	-0.060150	
235	1.000037	-0.000012	-0.008179	0.000012	1.000037	-0.014954	
236	1.000036	0.000033	-0.043396	-0.000033	1.000036	0.077332	
237	1.000044	-0.000029	0.010803	0.000029	1.000044	0.099365	
238	1.000033	0.000062	-0.052551	-0.000062	1.000033	0.136841	
239	1.000028	0.000000	0.025696	-0.000000	1.000028	0.040344	
240	1.000033	-0.000018	0.008301	0.000018	1.000033	0.085144	
241	1.000027	0.000005	0.020386	-0.000005	1.000027	-0.008331	
242	1.000062	-0.000018	0.041809	0.000018	1.000062	0.011810	
243	1.000004	-0.000002	0.033936	0.000002	1.000004	0.025330	
244	1.000045	-0.000016	0.022888	0.000016	1.000045	0.013611	
245	1.000000	-0.000012	0.080078	0.000012	1.000000	0.052185	
246	1.000035	-0.000050	0.054077	0.000050	1.000035	0.035614	
247	1.000025	-0.000045	0.027771	0.000045	1.000025	-0.000671	
248	1.000064	-0.000098	0.100830	0.000098	1.000064	-0.071198	
249	1.000008	-0.000041	0.032288	0.000041	1.000008	-0.018097	
250	1.000000	-0.000048	0.071594	0.000048	1.000000	0.061340	
251	0.999964	-0.000012	0.148987	0.000012	0.999964	0.118652	
252	1.000012	-0.000051	0.059937	0.000051	1.000012	-0.014587	
253	1.000004	-0.000051	0.058655	0.000051	1.000004	-0.023376	
254	1.000006	-0.000049	0.058228	0.000049	1.000006	0.050049	
255	1.000002	0.000017	-0.029114	-0.000017	1.000002	0.137726	
256	1.000015	-0.000001	0.090576	0.000001	1.000015	0.044098	
257	1.000028	-0.000004	0.031189	0.000004	1.000028	0.030792	
258	1.000051	-0.000042	0.048767	0.000042	1.000051	0.027985	
259	1.000049	-0.000028	0.080566	0.000028	1.000049	0.013458	
260	1.000005	-0.000020	0.070496	0.000020	1.000005	-0.014984	
261	0.999949	0.000007	0.094421	-0.000007	0.999949	0.083527	
262	0.999985	0.000031	0.038879	-0.000031	0.999985	0.077972	
263	1.000021	0.000068	-0.037537	-0.000068	1.000021	0.131378	
264	1.000010	0.000063	-0.006836	-0.000063	1.000010	0.221527	
265	0.999970	-0.000001	0.036743	0.000001	0.999970	0.112762	
266	1.000059	0.000067	-0.095215	-0.000067	1.000059	0.094482	
267	0.999978	-0.000002	0.034058	0.000002	0.999978	0.107361	
268	1.000074	-0.000029	-0.008911	0.000029	1.000074	-0.019073	
269	1.000028	-0.000018	0.046570	0.000018	1.000028	0.016571	
270	0.999987	0.000029	0.024414	-0.000029	0.999987	0.085114	
271	0.999967	0.000012	0.061462	-0.000012	0.999967	0.191498	
272	0.999978	0.000043	0.005920	-0.000043	0.999978	0.006073	
273	0.999994	0.000011	0.045593	-0.000011	0.999994	0.065125	
274	0.999992	0.000021	0.005981	-0.000021	0.999992	0.089294	
275	1.000000	-0.000005	0.078308	0.000005	1.000000	0.067749	
276	1.000017	0.000013	0.008972	-0.000013	1.000017	0.066376	
277	1.000031	0.000019	-0.028748	-0.000019	1.000031	0.070435	
278	1.000071	-0.000018	-0.005920	0.000018	1.000071	0.004700	
279	1.000054	-0.000023	-0.040039	0.000023	1.000054	0.015228	
280	0.999970	0.000109	0.058899	-0.000109	0.999970	0.270721	
281	1.000040	-0.000008	0.025513	0.000008	1.000040	0.095367	
282	0.999979	0.000052	0.091187	-0.000052	0.999979	0.243195	
283	0.999989	0.000039	0.050964	-0.000039	0.999989	0.116089	
284	1.000067	-0.000054	0.054810	0.000054	1.000067	0.040802	
285	0.999962	0.000032	0.048767	-0.000032	0.999962	0.115082	
286	0.999962	0.000009	0.089661	-0.000009	0.999962	0.132965	
287	1.000039	0.000010	0.010742	-0.000010	1.000039	0.063385	
288	1.000033	0.000038	-0.047546	-0.000038	1.000033	0.091125	
289	1.000009	-0.000000	0.054016	0.000000	1.000009	0.022827	
290	1.000010	0.000047	-0.043884	-0.000047	1.000010	0.133698	
291	0.999982	-0.000008	0.087280	0.000008	0.999982	0.060730	
292	0.999978	0.000013	0.060608	-0.000013	0.999978	0.110168	
293	0.999965	0.000003	0.101013	-0.000003	0.999965	0.120697	
294	0.999988	0.000079	0.005493	-0.000079	0.999988	0.193146	
295	1.000025	0.000018	-0.031189	-0.000018	1.000025	0.129425	
296	1.000016	0.000008	0.025757	-0.000008	1.000016	0.019897	
297	1.000013	0.000025	0.023071	-0.000025	1.000013	0.182098	
298	0.999957	0.000103	0.038635	-0.000103	0.999957	0.221680	
299	1.000012	0.000029	0.044739	-0.000029	1.000012	0.166199	
300	1.000013	0.000006	0.010986	-0.000006	1.000013	0.056152	
301	1.000006	0.000039	-0.004211	-0.000039	1.000006	0.112152	
302	1.000015	0.000017	0.037476	-0.000017	1.000015	0.075714	
303	1.000020	-0.000006	0.023499	0.000006	1.000020	0.078979	
304	0.999972	0.000008	0.012024	-0.000008	0.999972	0.056183	
305	1.000002	0.000001	0.021240	-0.000001	1.000002	0.071594	
306	1.000000	-0.000001	0.038635	0.000001	1.000000	0.072449	
307	1.000004	-0.000018	0.038025	0.000018	1.000004	0.041595	
308	1.000014	0.000011	0.016479	-0.000011	1.000014	0.052063	
309	1.000002	0.000041	0.008057	-0.000041	1.000002	0.190308	
310	1.000029	0.000019	-0.002136	-0.000019	1.000029	0.035980	
311	1.000001	0.000055	0.005615	-0.000055	1.000001	0.146271	
312	1.000025	0.000028	-0.017151	-0.000028	1.000025	0.101410	
313	1.000051	0.000047	-0.009338	-0.000047	1.000051	0.080292	
314	1.000039	0.000042	0.026855	-0.000042	1.000039	0.124664	
315	1.000019	0.000006	-0.034546	-0.000006	1.000019	0.099060	
316	1.000098	-0.000044	-0.080444	0.000044	1.000098	0.039001	
317	0.999967	-0.000007	0.116516	0.000007	0.999967	0.087494	
318	1.000012	-0.000006	0.062012	0.000006	1.000012	-0.000549	
319	1.000010	0.000028	0.001099	-0.000028	1.000010	0.171143	
320	0.999983	-0.000069	0.148560	0.000069	0.999983	0.026550	
321	1.000009	0.000015	0.010254	-0.000015	1.000009	0.046814	
322	1.000067	0.000072	-0.072449	-0.000072	1.000067	0.140045	
323	1.000061	-0.000057	0.052368	0.000057	1.000061	0.019226	
324	0.999997	0.000023	0.006592	-0.000023	0.999997	0.049927	
325	1.000016	0.000047	-0.014404	-0.000047	1.000016	0.104279	
326	1.000031	0.000031	-0.003662	-0.000031	1.000031	0.046478	
327	0.999998	0.000023	-0.010498	-0.000023	0.999998	0.105469	
328	0.999974	0.000051	0.074951	-0.000051	0.999974	0.172821	
329	1.000020	0.000041	-0.037781	-0.000041	1.000020	0.141388	
330	1.000022	0.000015	-0.017212	-0.000015	1.000022	0.068329	
331	1.000001	-0.000024	0.096069	0.000024	1.000001	0.061066	
332	1.000008	-0.000008	-0.002258	0.000008	1.000008	0.046692	
333	1.000018	0.000009	0.024597	-0.000009	1.000018	0.057098	
334	1.000018	0.000038	-0.005737	-0.000038	1.000018	0.053802	
335	1.000004	0.000017	0.059570	-0.000017	1.000004	0.082581	
336	0.999988	0.000024	0.001160	-0.000024	0.999988	0.085968	
337	1.000035	0.000108	-0.035767	-0.000108	1.000035	0.197327	
338	1.000008	0.000035	-0.006348	-0.000035	1.000008	0.072937	
339	1.000025	-0.000027	0.021301	0.000027	1.000025	0.018402	
340	0.999980	0.000039	0.016968	-0.000039	0.999980	0.131256	
341	0.999957	-0.000005	0.091797	0.000005	0.999957	0.052704	
342	0.999997	-0.000002	0.067200	0.000002	0.999997	0.091980	
343	1.000019	0.000007	-0.027039	-0.000007	1.000019	0.079407	
344	1.000023	-0.000020	0.056885	0.000020	1.000023	-0.022125	
345	1.000003	-0.000000	0.051758	0.000000	1.000003	0.045898	
346	0.999981	-0.000029	0.009216	0.000029	0.999981	0.034119	
347	0.999995	-0.000034	0.120422	0.000034	0.999995	0.012848	
348	0.999973	0.000005	0.047607	-0.000005	0.999973	0.091583	
349	1.000008	-0.000007	0.034241	0.000007	1.000008	0.107788	
350	1.000005	-0.000038	0.042053	0.000038	1.000005	0.010651	
351	1.000018	-0.000050	0.034973	0.000050	1.000018	-0.031281	
352	0.999960	-0.000064	0.155151	0.000064	0.999960	0.074707	
353	0.999984	-0.000070	0.078247	0.000070	0.999984	-0.057709	
354	0.999967	0.000001	0.084106	-0.000001	0.999967	0.130493	
355	1.000012	-0.000017	0.037109	0.000017	1.000012	0.045776	
356	0.999960	-0.000048	0.174805	0.000048	0.999960	0.078247	
357	0.999985	-0.000002	0.080139	0.000002	0.999985	0.044861	
358	1.000004	-0.000008	0.062866	0.000008	1.000004	0.014374	
359	0.999924	-0.000050	0.162842	0.000050	0.999924	0.042877	
360	0.999983	-0.000063	0.118774	0.000063	0.999983	0.054169	
361	1.000020	0.000028	-0.043396	-0.000028	1.000020	0.073700	
362	0.999965	0.000047	0.041504	-0.000047	0.999965	0.146881	
363	0.999905	-0.000095	0.177795	0.000095	0.999905	0.100922	
364	1.000004	0.000030	0.023926	-0.000030	1.000004	0.089447	
365	1.000018	0.000011	0.035889	-0.000011	1.000018	0.098358	
366	1.000025	0.000023	-0.038330	-0.000023	1.000025	0.058807	
367	1.000040	-0.000014	0.070801	0.000014	1.000040	0.136444	
368	1.000020	-0.000077	0.100891	0.000077	1.000020	-0.004395	
369	0.999974	0.000018	0.029846	-0.000018	0.999974	0.068848	
370	1.000015	-0.000042	0.023193	0.000042	1.000015	0.068329	
371	1.000097	0.000049	-0.149963	-0.000049	1.000097	0.143311	
372	1.000059	-0.000034	-0.014648	0.000034	1.000059	0.075928	
373	1.000024	0.000061	-0.022827	-0.000061	1.000024	0.202942	
374	1.000013	-0.000009	0.027100	0.000009	1.000013	0.060272	
375	0.999970	-0.000077	0.128906	0.000077	0.999970	0.038940	
376	0.999962	-0.000004	0.096497	0.000004	0.999962	0.040771	
377	0.999953	0.000024	0.090332	-0.000024	0.999953	0.148773	
378	1.000095	-0.000068	0.005615	0.000068	1.000095	0.071960	
379	1.000006	-0.000006	0.055054	0.000006	1.000006	0.006805	
380	0.999907	-0.000031	0.222107	0.000031	0.999907	0.128815	
381	0.999943	0.000007	0.106201	-0.000007	0.999943	0.116516	
382	0.999992	-0.000037	0.077087	0.000037	0.999992	0.061523	
383	0.999955	-0.000085	0.184082	0.000085	0.999955	0.020264	
384	1.000012	0.000010	0.004028	-0.000010	1.000012	0.104340	
385	1.000012	0.000006	-0.001587	-0.000006	1.000012	0.083130	
386	0.999968	-0.000072	0.161804	0.000072	0.999968	-0.048798	
387	0.999981	-0.000058	0.028259	0.000058	0.999981	-0.081390	
388	0.999984	-0.000041	0.051514	0.000041	0.999984	0.007294	
389	0.999977	0.000042	0.029419	-0.000042	0.999977	0.141174	
390	0.999979	-0.000099	0.150330	0.000099	0.999979	-0.039459	
391	0.999947	-0.000035	0.130432	0.000035	0.999947	0.065125	
392	0.999949	0.000026	0.127014	-0.000026	0.999949	0.141449	
393	0.999932	0.000029	0.085327	-0.000029	0.999932	0.155945	
394	0.999984	-0.000011	0.087402	0.000011	0.999984	0.072906	
395	0.999981	-0.000023	0.095215	0.000023	0.999981	0.092621	
396	0.999955	-0.000016	0.028809	0.000016	0.999955	0.054443	
397	0.999948	-0.000036	0.180908	0.000036	0.999948	0.117462	
398	0.999966	0.000024	0.033020	-0.000024	0.999966	0.118134	
399	0.999964	0.000045	0.061340	-0.000045	0.999964	0.155975	
400	0.999975	0.000020	0.078674	-0.000020	0.999975	0.107025	
401	0.999939	0.000033	0.085510	-0.000033	0.999939	0.197693	
402	0.999957	0.000016	0.103638	-0.000016	0.999957	0.149658	
403	0.999978	-0.000024	0.025452	0.000024	0.999978	0.005981	
404	0.999957	0.000037	0.063538	-0.000037	0.999957	0.162842	
405	0.999999	-0.000014	0.065613	0.000014	0.999999	0.061096	
406	0.999962	-0.000013	0.103821	0.000013	0.999962	0.081512	
407	1.000004	0.000005	-0.015564	-0.000005	1.000004	0.078827	
408	1.000024	0.000031	-0.014954	-0.000031	1.000024	0.069336	
409	1.000005	0.000026	-0.034363	-0.000026	1.000005	0.170685	
410	1.000002	0.000028	0.071960	-0.000028	1.000002	0.121552	
411	0.999979	-0.000020	0.037537	0.000020	0.999979	0.116394	
412	0.999989	-0.000016	0.047485	0.000016	0.999989	0.083099	
413	1.000010	-0.000005	-0.009338	0.000005	1.000010	0.049561	
414	1.000005	0.000012	-0.000366	-0.000012	1.000005	0.051422	
415	0.999961	-0.000001	0.044922	0.000001	0.999961	0.113739	
416	0.999963	0.000032	0.078186	-0.000032	0.999963	0.094757	
417	0.999983	0.000052	0.018860	-0.000052	0.999983	0.182434	
418	0.999978	0.000001	0.048096	-0.000001	0.999978	0.043915	
419	0.999981	0.000056	0.007629	-0.000056	0.999981	0.112762	
420	0.999966	-0.000006	0.067627	0.000006	0.999966	0.042603	
421	1.000025	-0.000026	0.057739	0.000026	1.000025	0.039673	
422	1.000024	-0.000017	-0.034058	0.000017	1.000024	0.076691	
423	1.000008	0.000024	0.032349	-0.000024	1.000008	0.144592	
424	1.000100	0.000035	-0.180481	-0.000035	1.000100	0.103180	
425	1.000029	-0.000025	0.023499	0.000025	1.000029	0.078918	
426	0.999994	-0.000013	0.012085	0.000013	0.999994	0.082245	
427	0.999986	-0.000027	0.034973	0.000027	0.999986	0.111389	
428	1.000026	-0.000020	-0.009827	0.000020	1.000026	0.102753	
429	1.000002	0.000002	-0.030457	-0.000002	1.000002	0.046021	
430	0.999956	-0.000066	0.116455	0.000066	0.999956	0.052429	
431	1.000010	0.000060	-0.020569	-0.000060	1.000010	0.148987	
432	1.000006	-0.000018	0.008606	0.000018	1.000006	0.002991	
433	1.000013	0.000003	0.026245	-0.000003	1.000013	0.063477	
434	0.999986	-0.000016	0.025024	0.000016	0.999986	0.015045	
435	1.000017	-0.000030	0.002197	0.000030	1.000017	0.012177	
436	1.000013	-0.000018	0.036682	0.000018	1.000013	0.099854	
437	1.000031	0.000033	-0.050415	-0.000033	1.000031	0.097687	
438	1.000057	0.000053	-0.085876	-0.000053	1.000057	0.103455	
439	1.000029	0.000080	-0.038269	-0.000080	1.000029	0.186432	
440	1.000036	0.000038	-0.068054	-0.000038	1.000036	0.108063	
441	1.000013	0.000014	-0.041382	-0.000014	1.000013	0.064758	
442	0.999985	0.000020	0.017944	-0.000020	0.999985	0.125519	
443	1.000034	-0.000019	-0.037415	0.000019	1.000034	0.044861	
444	1.000065	0.000067	-0.119751	-0.000067	1.000065	0.176697	
445	1.000029	0.000022	-0.044250	-0.000022	1.000029	0.069611	
446	1.000024	-0.000006	-0.023560	0.000006	1.000024	0.063660	
447	0.999997	-0.000055	0.091003	0.000055	0.999997	-0.023254	
448	1.000001	0.000009	-0.048218	-0.000009	1.000001	0.031311	
449	1.000009	-0.000008	0.019592	0.000008	1.000009	0.040955	
450	1.000005	0.000016	-0.002869	-0.000016	1.000005	0.077667	
451	0.999974	0.000052	0.049561	-0.000052	0.999974	0.166534	
452	1.000021	0.000005	-0.047607	-0.000005	1.000021	0.054230	
453	0.999997	0.000007	0.012878	-0.000007	0.999997	0.003845	
454	0.999987	0.000054	-0.004211	-0.000054	0.999987	0.117615	
455	1.000028	0.000003	-0.035156	-0.000003	1.000028	0.108002	
456	0.999995	-0.000042	0.074036	0.000042	0.999995	0.222961	
457	0.999996	0.000011	0.031128	-0.000011	0.999996	0.145172	
458	1.000033	0.000000	-0.086365	-0.000000	1.000033	0.087463	
459	1.000009	0.000040	-0.013733	-0.000040	1.000009	0.299561	
460	0.999955	0.000078	-0.010803	-0.000078	0.999955	0.212952	
461	1.000015	0.000045	-0.030823	-0.000045	1.000015	0.128693	
462	1.000024	0.000009	-0.020630	-0.000009	1.000024	0.063934	
463	1.000048	0.000044	-0.112122	-0.000044	1.000048	0.112457	
464	0.999983	0.000017	0.007996	-0.000017	0.999983	0.111908	
465	0.999964	0.000054	0.088684	-0.000054	0.999964	0.199097	
466	1.000003	0.000013	-0.021362	-0.000013	1.000003	0.028595	
467	1.000004	0.000049	-0.014648	-0.000049	1.000004	0.103699	
468	1.000002	-0.000003	-0.004700	0.000003	1.000002	0.032990	
469	1.000006	0.000022	-0.023193	-0.000022	1.000006	0.102997	
470	0.999996	0.000088	-0.002441	-0.000088	0.999996	0.190735	
471	0.999984	0.000026	0.009033	-0.000026	0.999984	0.080505	
472	0.999996	0.000016	-0.006897	-0.000016	0.999996	0.108002	
473	1.000017	0.000022	-0.011841	-0.000022	1.000017	0.057709	
474	1.000035	0.000075	-0.042847	-0.000075	1.000035	0.138062	
475	1.000019	-0.000040	0.019592	0.000040	1.000019	0.060852	
476	0.999986	-0.000020	0.104919	0.000020	0.999986	0.099213	
477	0.999984	0.000062	0.025574	-0.000062	0.999984	0.118958	
478	1.000004	0.000035	-0.049255	-0.000035	1.000004	0.080383	
479	0.999996	-0.000005	0.031372	0.000005	0.999996	0.049133	
480	1.000025	0.000069	-0.024475	-0.000069	1.000025	0.102264	
481	0.999979	0.000004	-0.001221	-0.000004	0.999979	0.041138	
482	1.000004	0.000016	0.051086	-0.000016	1.000004	0.047150	
483	1.000007	-0.000008	-0.018982	0.000008	1.000007	0.043793	
484	1.000002	-0.000001	0.076721	0.000001	1.000002	0.075989	
485	1.000015	-0.000019	-0.007874	0.000019	1.000015	0.070160	
486	1.000028	0.000008	-0.011047	-0.000008	1.000028	0.030426	
487	1.000043	0.000002	-0.020630	-0.000002	1.000043	0.061829	
488	1.000037	0.000039	-0.036682	-0.000039	1.000037	0.104767	
489	1.000034	0.000031	-0.031311	-0.000031	1.000034	0.099915	
490	1.000036	0.000121	-0.083862	-0.000121	1.000036	0.195251	
491	0.999985	-0.000007	0.032776	0.000007	0.999985	0.084991	
492	0.999983	0.000057	0.032593	-0.000057	0.999983	0.113617	
493	0.999995	0.000003	0.035217	-0.000003	0.999995	0.049866	
494	0.999990	0.000025	0.053406	-0.000025	0.999990	0.096252	
495	1.000008	0.000020	-0.005371	-0.000020	1.000008	0.108917	
496	1.000001	0.000012	0.001465	-0.000012	1.000001	0.056000	
497	1.000060	-0.000044	0.051086	0.000044	1.000060	0.085968	
498	0.999998	0.000034	0.016296	-0.000034	0.999998	0.132935	
499	1.000086	0.000012	-0.012085	-0.000012	1.000086	0.107971	
500	1.000032	-0.000004	0.017883	0.000004	1.000032	0.055176	
501	0.999986	0.000009	0.017029	-0.000009	0.999986	0.064819	
502	1.000039	0.000018	-0.028748	-0.000018	1.000039	0.025055	
503	0.999980	0.000005	0.007324	-0.000005	0.999980	0.126678	
504	1.000009	0.000024	0.028748	-0.000024	1.000009	0.110870	
505	1.000044	-0.000001	0.059448	0.000001	1.000044	0.108368	
506	0.999996	0.000011	0.012695	-0.000011	0.999996	0.087067	
507	0.999973	0.000028	0.053528	-0.000028	0.999973	0.125732	
508	0.999995	-0.000010	0.048889	0.000010	0.999995	0.015106	
509	0.999986	0.000005	0.019470	-0.000005	0.999986	0.118958	
510	0.999983	0.000011	0.104309	-0.000011	0.999983	0.062927	
511	1.000005	-0.000011	0.076599	0.000011	1.000005	0.065094	
512	0.999999	-0.000000	0.061157	0.000000	0.999999	0.084320	
513	1.000023	0.000028	-0.000671	-0.000028	1.000023	0.106964	
514	1.000033	-0.000033	0.063660	0.000033	1.000033	0.014709	
515	1.000005	0.000000	0.062195	-0.000000	1.000005	0.113007	
516	1.000012	0.000015	0.005737	-0.000015	1.000012	0.108917	
517	1.000016	0.000009	0.000122	-0.000009	1.000016	0.038849	
518	1.000037	-0.000015	0.015930	0.000015	1.000037	0.062836	
519	1.000030	-0.000018	-0.008362	0.000018	1.000030	0.078125	
520	0.999999	-0.000006	0.056641	0.000006	0.999999	0.096039	
521	1.000010	-0.000023	0.026855	0.000023	1.000010	-0.000977	
522	0.999936	0.000027	0.063538	-0.000027	0.999936	0.119049	
523	1.000014	-0.000058	0.000977	0.000058	1.000014	-0.010956	
524	0.999935	0.000013	0.034485	-0.000013	0.999935	0.129028	
525	0.999986	-0.000037	0.084656	0.000037	0.999986	0.033783	
526	0.999990	-0.000028	0.067993	0.000028	0.999990	0.088409	
527	0.999968	0.000017	-0.029785	-0.000017	0.999968	0.140778	
528	0.999976	-0.000043	0.126587	0.000043	0.999976	0.059967	
529	0.999954	0.000034	0.008667	-0.000034	0.999954	0.113129	
530	1.000012	-0.000029	-0.004944	0.000029	1.000012	0.121643	
531	0.999978	-0.000021	0.064331	0.000021	0.999978	0.086487	
532	0.999947	0.000002	0.102173	-0.000002	0.999947	0.159637	
533	0.999979	0.000046	-0.014282	-0.000046	0.999979	0.200958	
534	1.000009	-0.000046	0.005615	0.000046	1.000009	0.006836	
535	0.999972	0.000040	0.002319	-0.000040	0.999972	0.199127	
536	1.000009	0.000018	-0.035217	-0.000018	1.000009	0.039886	
537	1.000020	-0.000039	0.031067	0.000039	1.000020	0.161652	
538	0.999962	-0.000024	0.072693	0.000024	0.999962	0.042480	
539	0.999988	-0.000014	-0.006226	0.000014	0.999988	0.092072	
540	0.999924	-0.000011	0.138306	0.000011	0.999924	0.118835	
541	1.000024	0.000033	-0.039124	-0.000033	1.000024	0.129913	
542	0.999988	-0.000005	0.041321	0.000005	0.999988	0.038086	
543	0.999973	-0.000012	0.028076	0.000012	0.999973	0.079559	
544	0.999964	-0.000008	0.116821	0.000008	0.999964	0.075043	
545	1.000014	-0.000025	-0.017700	0.000025	1.000014	0.031982	
546	0.999980	0.000004	0.060669	-0.000004	0.999980	0.101501	
547	1.000070	-0.000009	-0.022461	0.000009	1.000070	0.046753	
548	1.000019	0.000008	-0.028198	-0.000008	1.000019	0.119568	
549	0.999991	0.000033	0.072937	-0.000033	0.999991	0.191406	
550	0.999995	0.000030	-0.007385	-0.000030	0.999995	0.133179	
551	1.000002	0.000009	0.023132	-0.000009	1.000002	0.039581	
552	0.999976	0.000038	0.063477	-0.000038	0.999976	0.172943	
553	0.999982	-0.000001	-0.001831	0.000001	0.999982	0.125275	
554	1.000000	-0.000002	0.017456	0.000002	1.000000	0.074829	
555	0.999984	-0.000026	0.025757	0.000026	0.999984	0.132874	
556	0.999939	0.000027	0.045837	-0.000027	0.999939	0.152344	
557	0.999993	-0.000009	0.003845	0.000009	0.999993	0.073547	
558	0.999959	0.000015	0.157349	-0.000015	0.999959	0.101227	
559	0.999956	0.000020	0.093384	-0.000020	0.999956	0.083221	
560	0.999969	-0.000020	0.084778	0.000020	0.999969	0.030579	
561	1.000006	-0.000001	0.027039	0.000001	1.000006	0.108704	
562	1.000042	0.000009	-0.045105	-0.000009	1.000042	0.075470	
563	1.000069	0.000036	-0.044067	-0.000036	1.000069	0.068756	
564	0.999963	0.000017	0.065552	-0.000017	0.999963	0.081787	
565	0.999997	0.000018	0.025940	-0.000018	0.999997	0.098389	
566	0.999987	0.000059	-0.012817	-0.000059	0.999987	0.134613	
567	0.999990	0.000004	0.086060	-0.000004	0.999990	0.103668	
568	0.999979	0.000032	0.028137	-0.000032	0.999979	0.134216	
569	0.999992	0.000017	0.033997	-0.000017	0.999992	0.118164	
570	0.999956	-0.000002	0.130066	0.000002	0.999956	0.094818	
571	0.999992	0.000015	0.008240	-0.000015	0.999992	0.101624	
572	1.000009	0.000054	-0.000549	-0.000054	1.000009	0.132965	
573	1.000009	0.000042	-0.021912	-0.000042	1.000009	0.080658	
574	0.999966	0.000038	0.057678	-0.000038	0.999966	0.136292	
575	0.999993	0.000027	0.027344	-0.000027	0.999993	0.114075	
576	1.000005	0.000037	0.034912	-0.000037	1.000005	0.121490	
577	0.999996	0.000043	0.016846	-0.000043	0.999996	0.129333	
578	0.999998	0.000044	0.008606	-0.000044	0.999998	0.135223	
579	0.999972	0.000048	0.079163	-0.000048	0.999972	0.192291	
580	1.000018	0.000020	0.018250	-0.000020	1.000018	0.074341	
581	1.000011	0.000007	0.017029	-0.000007	1.000011	0.097046	
582	1.000008	0.000000	0.003052	-0.000000	1.000008	0.023712	
583	1.000019	0.000015	-0.003052	-0.000015	1.000019	0.123871	
584	1.000022	-0.000007	-0.033691	0.000007	1.000022	0.039581	
585	0.999998	-0.000002	0.083679	0.000002	0.999998	0.086151	
586	0.999994	0.000000	0.001282	-0.000000	0.999994	0.044220	
587	1.000031	-0.000049	-0.039795	0.000049	1.000031	0.071381	
588	0.999969	-0.000026	0.085449	0.000026	0.999969	0.055664	
589	0.999979	-0.000029	0.108826	0.000029	0.999979	0.070007	
590	1.000003	-0.000069	0.064758	0.000069	1.000003	0.089600	
591	1.000002	-0.000006	-0.002563	0.000006	1.000002	0.020477	
592	0.999955	0.000057	0.000000	-0.000057	0.999955	0.223022	
593	0.999990	-0.000015	0.035950	0.000015	0.999990	0.081635	
594	0.999978	-0.000007	0.122375	0.000007	0.999978	0.148590	
595	1.000091	-0.000006	-0.013184	0.000006	1.000091	0.049591	
596	1.000007	-0.000013	0.003174	0.000013	1.000007	0.071716	
597	0.999982	0.000001	0.044373	-0.000001	0.999982	0.074799	
598	0.999969	-0.000002	0.020508	0.000002	0.999969	0.063904	
599	0.999982	-0.000037	0.073853	0.000037	0.999982	0.012512	
600	1.000035	-0.000059	0.027100	0.000059	1.000035	0.065979	
601	0.999983	0.000010	-0.003967	-0.000010	0.999983	0.118561	
602	0.999974	0.000014	0.024841	-0.000014	0.999974	0.061859	
603	0.999977	0.000054	-0.024841	-0.000054	0.999977	0.115356	
604	0.999998	0.000026	0.029907	-0.000026	0.999998	0.088989	
605	0.999979	0.000034	0.001770	-0.000034	0.999979	0.136963	
606	1.000020	0.000027	-0.027954	-0.000027	1.000020	0.102844	
607	1.000012	0.000074	0.014771	-0.000074	1.000012	0.250000	
608	1.000053	-0.000032	0.006775	0.000032	1.000053	0.122162	
609	0.999988	0.000043	0.003540	-0.000043	0.999988	0.090759	
610	0.999972	0.000049	0.026611	-0.000049	0.999972	0.167450	
611	1.000030	0.000034	0.014771	-0.000034	1.000030	0.123169	
612	0.999997	0.000083	0.028687	-0.000083	0.999997	0.171295	
613	1.000006	0.000027	0.025208	-0.000027	1.000006	0.076263	
614	0.999994	0.000101	0.051575	-0.000101	0.999994	0.228546	
615	0.999997	-0.000020	0.058838	0.000020	0.999997	0.092957	
616	1.000004	-0.000005	0.074463	0.000005	1.000004	0.127472	
617	0.999983	0.000040	0.073425	-0.000040	0.999983	0.204865	
618	0.999977	0.000024	0.019836	-0.000024	0.999977	0.068237	
619	0.999975	0.000023	0.006165	-0.000023	0.999975	0.110748	
620	1.000000	-0.000002	0.014648	0.000002	1.000000	0.117554	
621	0.999949	0.000097	0.029236	-0.000097	0.999949	0.273193	
622	0.999957	0.000035	0.059143	-0.000035	0.999957	0.145996	
623	0.999941	0.000093	0.038391	-0.000093	0.999941	0.260529	
624	0.999899	0.000103	0.152527	-0.000103	0.999899	0.274780	
625	0.999944	0.000030	0.048706	-0.000030	0.999944	0.149872	
626	0.999959	0.000078	0.026855	-0.000078	0.999959	0.215027	
627	0.999975	0.000066	-0.008667	-0.000066	0.999975	0.178375	
628	1.000012	0.000037	-0.004150	-0.000037	1.000012	0.124054	
629	0.999965	0.000066	0.042847	-0.000066	0.999965	0.172394	
630	0.999945	0.000037	0.031677	-0.000037	0.999945	0.121063	
631	0.999972	0.000119	-0.030884	-0.000119	0.999972	0.258575	
632	0.999979	0.000052	0.008118	-0.000052	0.999979	0.108307	
633	0.999959	0.000023	0.052551	-0.000023	0.999959	0.109711	
634	0.999991	0.000052	-0.012695	-0.000052	0.999991	0.153351	
635	0.999991	0.000031	0.048828	-0.000031	0.999991	0.064240	
636	0.999978	0.000060	0.015259	-0.000060	0.999978	0.210358	
637	1.000019	-0.000000	-0.011475	0.000000	1.000019	0.128906	
638	0.999999	0.000165	-0.026062	-0.000165	0.999999	0.332764	
639	1.000007	0.000032	-0.018799	-0.000032	1.000007	0.127533	
640	0.999979	0.000105	0.006042	-0.000105	0.999979	0.231415	
641	1.000029	0.000045	-0.039551	-0.000045	1.000029	0.156128	
642	1.000044	0.000026	0.020630	-0.000026	1.000044	0.111389	
643	0.999968	0.000042	0.009521	-0.000042	0.999968	0.141571	
644	1.000005	0.000031	-0.015137	-0.000031	1.000005	0.112396	
645	1.000042	0.000033	-0.011597	-0.000033	1.000042	0.115387	
646	0.999995	0.000019	-0.017029	-0.000019	0.999995	0.096893	
647	0.999959	0.000031	0.057007	-0.000031	0.999959	0.145935	
648	0.999978	0.000063	-0.023254	-0.000063	0.999978	0.113892	
649	0.999996	0.000075	-0.011047	-0.000075	0.999996	0.231171	
650	0.999994	0.000020	-0.054443	-0.000020	0.999994	0.071350	
651	1.000004	0.000048	-0.048767	-0.000048	1.000004	0.134735	
652	1.000002	0.000057	-0.056274	-0.000057	1.000002	0.141083	
653	1.000010	-0.000004	0.009949	0.000004	1.000010	0.029144	
654	1.000001	0.000024	-0.058899	-0.000024	1.000001	0.096130	
655	1.000078	-0.000016	-0.009705	0.000016	1.000078	0.145203	
656	1.000058	0.000010	0.039429	-0.000010	1.000058	0.086426	
657	1.000015	0.000046	-0.081604	-0.000046	1.000015	0.119324	
658	0.999987	0.000067	-0.007141	-0.000067	0.999987	0.208221	
659	1.000000	0.000063	-0.043579	-0.000063	1.000000	0.122803	
660	0.999998	0.000052	-0.085571	-0.000052	0.999998	0.146759	
661	1.000016	0.000058	0.051758	-0.000058	1.000016	0.189636	
662	1.000142	-0.000044	-0.056946	0.000044	1.000142	0.123016	
663	0.999984	0.000024	0.028198	-0.000024	0.999984	0.083496	
664	0.999973	0.000041	-0.006287	-0.000041	0.999973	0.153992	
665	0.999993	0.000053	0.017090	-0.000053	0.999993	0.140167	
666	0.999958	0.000106	-0.006653	-0.000106	0.999958	0.248627	
667	1.000084	0.000066	-0.053345	-0.000066	1.000084	0.098969	
668	0.999970	0.000055	-0.039612	-0.000055	0.999970	0.178894	
669	0.999999	0.000092	-0.042175	-0.000092	0.999999	0.212280	
670	1.000069	0.000043	-0.038269	-0.000043	1.000069	0.149719	
671	1.000037	0.000077	-0.150330	-0.000077	1.000037	0.230286	
672	0.999981	0.000057	0.029419	-0.000057	0.999981	0.056793	
673	1.000027	0.000061	-0.014343	-0.000061	1.000027	0.162384	
674	1.000017	0.000054	-0.041199	-0.000054	1.000017	0.153107	
675	1.000044	0.000056	0.004944	-0.000056	1.000044	0.171448	
676	0.999980	0.000039	0.033691	-0.000039	0.999980	0.097382	
677	1.000024	0.000057	0.013428	-0.000057	1.000024	0.158112	
678	1.000019	0.000074	-0.047180	-0.000074	1.000019	0.136353	
679	1.000026	0.000032	-0.029846	-0.000032	1.000026	0.099579	
680	1.000005	0.000029	-0.006287	-0.000029	1.000005	0.084930	
681	0.999973	0.000029	0.069214	-0.000029	0.999973	0.128632	
682	1.000056	0.000014	-0.049927	-0.000014	1.000056	0.135590	
683	1.000063	0.000018	-0.027344	-0.000018	1.000063	0.113129	
684	1.000020	0.000027	0.001831	-0.000027	1.000020	0.081757	
685	1.000063	-0.000045	0.025024	0.000045	1.000063	0.054199	
686	1.000048	0.000035	-0.087891	-0.000035	1.000048	0.114838	
687	1.000032	0.000047	-0.020569	-0.000047	1.000032	0.148438	
688	1.000025	0.000041	0.006470	-0.000041	1.000025	0.111053	
689	1.000021	0.000044	-0.045959	-0.000044	1.000021	0.110016	
690	1.000007	0.000027	-0.039062	-0.000027	1.000007	0.078796	
691	1.000063	0.000009	-0.044006	-0.000009	1.000063	0.088867	
692	1.000000	0.000006	0.019409	-0.000006	1.000000	0.079285	
693	0.999996	0.000044	0.042114	-0.000044	0.999996	0.136292	
694	1.000025	0.000027	-0.026001	-0.000027	1.000025	0.089020	
695	1.000005	0.000032	0.057129	-0.000032	1.000005	0.123932	
696	1.000101	-0.000007	-0.046875	0.000007	1.000101	0.080688	
697	1.000046	-0.000012	0.032532	0.000012	1.000046	0.072052	
698	1.000010	0.000007	-0.010498	-0.000007	1.000010	0.013702	
699	1.000042	0.000006	0.044983	-0.000006	1.000042	0.102264	
700	1.000025	0.000030	-0.042786	-0.000030	1.000025	0.122040	
701	1.000026	-0.000008	0.012024	0.000008	1.000026	0.094238	
702	1.000116	0.000142	-0.153931	-0.000142	1.000116	0.210846	
703	1.000056	-0.000004	0.005676	0.000004	1.000056	0.027618	
704	1.000046	-0.000008	-0.017273	0.000008	1.000046	0.022369	
705	1.000031	-0.000005	0.015747	0.000005	1.000031	0.029175	
706	1.000054	-0.000006	-0.010986	0.000006	1.000054	0.045532	
707	1.000088	0.000003	0.006592	-0.000003	1.000088	0.200226	
708	1.000028	-0.000015	-0.004700	0.000015	1.000028	0.088989	
709	0.999999	0.000052	0.017944	-0.000052	0.999999	0.072968	
710	0.999965	0.000011	0.081238	-0.000011	0.999965	0.165100	
711	0.999976	0.000003	0.021851	-0.000003	0.999976	0.134308	
712	0.999994	0.000011	0.047180	-0.000011	0.999994	0.066101	
713	1.000001	-0.000015	0.017700	0.000015	1.000001	0.082336	
714	0.999991	0.000051	-0.000488	-0.000051	0.999991	0.197296	
715	1.000141	-0.000017	-0.079285	0.000017	1.000141	0.017609	
716	1.000069	0.000036	-0.068115	-0.000036	1.000069	0.114471	
717	1.000010	0.000043	0.004028	-0.000043	1.000010	0.166351	
718	1.000013	0.000031	0.010925	-0.000031	1.000013	0.121490	
719	1.000043	-0.000000	-0.006042	0.000000	1.000043	0.075684	
720	1.000143	0.000102	-0.136963	-0.000102	1.000143	0.264740	
721	1.000015	0.000053	0.062500	-0.000053	1.000015	0.129364	
722	1.000034	0.000000	0.029907	-0.000000	1.000034	0.076996	
723	0.999994	0.000010	-0.010803	-0.000010	0.999994	0.049652	
724	0.999957	0.000032	0.112061	-0.000032	0.999957	0.108093	
725	0.999965	0.000032	-0.021118	-0.000032	0.999965	0.026764	
726	1.000027	-0.000035	0.036194	0.000035	1.000027	0.037323	
727	0.999975	0.000025	0.005554	-0.000025	0.999975	0.125244	
728	1.000054	-0.000044	-0.003418	0.000044	1.000054	0.024811	
729	1.000025	-0.000033	0.034607	0.000033	1.000025	0.019989	
730	0.999979	0.000001	0.023010	-0.000001	0.999979	0.111023	
731	0.999996	0.000005	0.013611	-0.000005	0.999996	0.081482	
732	0.999975	0.000056	0.074280	-0.000056	0.999975	0.180817	
733	0.999972	0.000024	0.125671	-0.000024	0.999972	0.121307	
734	1.000092	0.000108	-0.072449	-0.000108	1.000092	0.295593	
735	1.000011	0.000021	0.020020	-0.000021	1.000011	0.062531	
736	1.000034	-0.000057	0.071594	0.000057	1.000034	0.042938	
737	1.000078	0.000005	-0.051575	-0.000005	1.000078	0.040009	
738	1.000059	-0.000003	0.012024	0.000003	1.000059	0.076202	
739	1.000031	-0.000009	-0.053894	0.000009	1.000031	0.046722	
740	1.000060	-0.000019	-0.005920	0.000019	1.000060	0.079681	
741	1.000048	0.000035	-0.033142	-0.000035	1.000048	0.099854	
742	1.000027	0.000017	-0.009338	-0.000017	1.000027	0.080048	
743	1.000059	0.000012	-0.118958	-0.000012	1.000059	0.021790	
744	1.000012	0.000001	-0.008057	-0.000001	1.000012	0.040192	
745	1.000001	0.000050	-0.060181	-0.000050	1.000001	0.135742	
746	1.000036	0.000020	-0.057251	-0.000020	1.000036	0.104156	
747	1.000014	0.000012	-0.004700	-0.000012	1.000014	0.094635	
748	1.000042	0.000016	-0.061401	-0.000016	1.000042	0.059021	
749	1.000048	0.000053	-0.093933	-0.000053	1.000048	0.147461	
750	1.000042	-0.000002	-0.065491	0.000002	1.000042	0.074921	
751	1.000017	0.000035	-0.044189	-0.000035	1.000017	0.094696	
752	1.000033	0.000014	-0.031006	-0.000014	1.000033	0.067352	
753	1.000043	0.000002	-0.101501	-0.000002	1.000043	0.072723	
754	1.000058	0.000011	-0.057312	-0.000011	1.000058	0.030365	
755	1.000025	0.000033	0.000305	-0.000033	1.000025	0.122131	
756	1.000011	0.000027	-0.027344	-0.000027	1.000011	0.047943	
757	1.000009	0.000036	-0.006104	-0.000036	1.000009	0.086426	
758	1.000034	0.000033	-0.040283	-0.000033	1.000034	0.087372	
759	1.000008	0.000080	0.048828	-0.000080	1.000008	0.180786	
760	1.000045	0.000007	-0.000061	-0.000007	1.000045	0.023926	
761	1.000022	0.000036	0.022949	-0.000036	1.000022	0.073975	
762	1.000043	-0.000024	0.042053	0.000024	1.000043	0.081238	
763	0.999987	0.000009	0.041870	-0.000009	0.999987	0.071106	
764	0.999992	-0.000000	0.056885	0.000000	0.999992	0.089905	
765	0.999979	0.000000	0.093506	-0.000000	0.999979	0.087341	
766	1.000036	0.000018	-0.089722	-0.000018	1.000036	0.113617	
767	1.000000	-0.000005	0.020935	0.000005	1.000000	0.049225	
768	1.000032	0.000015	-0.017395	-0.000015	1.000032	0.011108	
769	1.000032	0.000008	-0.010254	-0.000008	1.000032	0.097809	
770	1.000021	0.000018	-0.060669	-0.000018	1.000021	0.040436	
771	1.000051	0.000016	0.033936	-0.000016	1.000051	0.065155	
772	1.000069	-0.000025	-0.030518	0.000025	1.000069	0.047729	
773	1.000042	-0.000019	0.023193	0.000019	1.000042	0.107239	
774	1.000027	0.000031	-0.058838	-0.000031	1.000027	0.034027	
775	0.999995	0.000029	-0.019470	-0.000029	0.999995	0.072571	
776	1.000022	0.000045	-0.043030	-0.000045	1.000022	0.052826	
777	1.000067	0.000024	-0.048096	-0.000024	1.000067	0.099518	
778	1.000079	-0.000011	-0.005493	0.000011	1.000079	0.055023	
779	1.000039	0.000036	-0.052002	-0.000036	1.000039	0.139679	
780	1.000040	0.000045	-0.067566	-0.000045	1.000040	0.057190	
781	1.000004	0.000018	0.035950	-0.000018	1.000004	0.153381	
782	1.000018	0.000031	-0.039490	-0.000031	1.000018	0.063110	
783	1.000005	0.000036	-0.030884	-0.000036	1.000005	0.115814	
784	1.000021	0.000027	-0.042358	-0.000027	1.000021	0.066040	
785	1.000020	0.000024	-0.049500	-0.000024	1.000020	0.076508	
786	1.000037	0.000029	-0.001953	-0.000029	1.000037	0.122894	
787	1.000015	0.000006	-0.012573	-0.000006	1.000015	0.143311	
788	1.000038	0.000036	-0.036255	-0.000036	1.000038	0.121277	
789	1.000000	0.000051	-0.008484	-0.000051	1.000000	0.117371	
790	1.000020	0.000033	-0.019470	-0.000033	1.000020	0.054077	
791	1.000006	0.000039	-0.003113	-0.000039	1.000006	0.121826	
792	1.000028	0.000075	-0.000122	-0.000075	1.000028	0.181580	
793	1.000002	0.000021	-0.031738	-0.000021	1.000002	0.057281	
794	1.000024	0.000098	-0.031250	-0.000098	1.000024	0.192078	
795	0.999983	-0.000004	0.075439	0.000004	0.999983	0.036469	
796	1.000035	-0.000006	0.031006	0.000006	1.000035	0.049683	
797	0.999990	0.000014	0.004395	-0.000014	0.999990	0.068512	
798	0.999992	0.000043	0.010132	-0.000043	0.999992	0.113220	
799	1.000166	0.000128	-0.131409	-0.000128	1.000166	0.269623	
800	1.000068	0.000011	-0.019043	-0.000011	1.000068	0.171844	
801	1.000018	0.000062	0.014038	-0.000062	1.000018	0.128693	
802	1.000018	0.000027	-0.012268	-0.000027	1.000018	0.086487	
803	1.000028	0.000034	-0.028381	-0.000034	1.000028	0.072632	
804	1.000009	0.000053	-0.034363	-0.000053	1.000009	0.080017	
805	1.000026	0.000023	-0.014221	-0.000023	1.000026	0.069397	
806	1.000039	0.000011	-0.059265	-0.000011	1.000039	0.043243	
807	1.000001	0.000076	-0.087585	-0.000076	1.000001	0.151276	
808	1.000022	0.000037	-0.019226	-0.000037	1.000022	0.081024	
809	1.000030	0.000045	-0.048828	-0.000045	1.000030	0.075653	
810	1.000029	0.000038	0.014160	-0.000038	1.000029	0.075653	
811	1.000015	0.000049	0.039185	-0.000049	1.000015	0.175232	
812	0.999999	0.000027	-0.005005	-0.000027	0.999999	0.049408	
813	1.000042	0.000073	-0.080566	-0.000073	1.000042	0.147644	
814	1.000007	0.000034	0.011780	-0.000034	1.000007	0.148804	
815	1.000051	0.000036	-0.099731	-0.000036	1.000051	0.066467	
816	1.000043	0.000028	-0.010559	-0.000028	1.000043	0.162598	
817	1.000023	0.000172	-0.092468	-0.000172	1.000023	0.274933	
818	1.000072	0.000025	-0.066589	-0.000025	1.000072	0.110809	
819	1.000027	0.000143	-0.047791	-0.000143	1.000027	0.230804	
820	1.000042	0.000078	-0.114380	-0.000078	1.000042	0.129547	
821	1.000024	0.000047	-0.091858	-0.000047	1.000024	0.171082	
822	1.000026	0.000058	-0.065430	-0.000058	1.000026	0.087311	
823	1.000031	0.000079	-0.078613	-0.000079	1.000031	0.165527	
824	1.000038	0.000068	-0.129089	-0.000068	1.000038	0.121063	
825	1.000045	0.000044	-0.102478	-0.000044	1.000045	0.039948	
826	1.000044	0.000080	-0.140320	-0.000080	1.000044	0.178436	
827	1.000037	0.000055	-0.083862	-0.000055	1.000037	0.146729	
828	1.000077	0.000073	-0.155518	-0.000073	1.000077	0.148071	
829	1.000050	0.000036	-0.045288	-0.000036	1.000050	0.111694	
830	1.000101	-0.000023	-0.093567	0.000023	1.000101	0.120117	
831	1.000039	0.000061	-0.031555	-0.000061	1.000039	0.121155	
832	1.000045	0.000092	-0.093384	-0.000092	1.000045	0.196350	
833	1.000067	0.000107	-0.134949	-0.000107	1.000067	0.135529	
834	1.000073	0.000060	-0.114197	-0.000060	1.000073	0.165375	
835	1.000044	0.000091	-0.050293	-0.000091	1.000044	0.162689	
836	1.000020	0.000050	-0.033508	-0.000050	1.000020	0.110229	
837	1.000016	0.000094	-0.008179	-0.000094	1.000016	0.217468	
838	1.000043	0.000129	-0.110718	-0.000129	1.000043	0.243073	
839	1.000036	0.000085	-0.044983	-0.000085	1.000036	0.115082	
840	1.000034	0.000059	-0.096436	-0.000059	1.000034	0.128021	
841	1.000020	0.000029	-0.023743	-0.000029	1.000020	0.097626	
842	1.000091	0.000101	-0.188049	-0.000101	1.000091	0.145813	
843	1.000028	0.000036	-0.054932	-0.000036	1.000028	0.084076	
844	1.000073	0.000088	-0.114197	-0.000088	1.000073	0.156189	
845	1.000124	0.000078	-0.142761	-0.000078	1.000124	0.187622	
846	1.000077	0.000075	-0.106628	-0.000075	1.000077	0.132324	
847	1.000016	0.000064	-0.070435	-0.000064	1.000016	0.064087	
848	1.000006	0.000033	-0.028931	-0.000033	1.000006	0.158997	
849	1.000115	0.000108	-0.224121	-0.000108	1.000115	0.201660	
850	1.000054	0.000077	-0.060242	-0.000077	1.000054	0.146576	
851	1.000100	0.000125	-0.196594	-0.000125	1.000100	0.206879	
852	1.000137	0.000138	-0.266785	-0.000138	1.000137	0.232269	
853	1.000148	0.000166	-0.240601	-0.000166	1.000148	0.319031	
854	1.000046	0.000113	-0.061584	-0.000113	1.000046	0.234375	
855	1.000089	0.000100	-0.170410	-0.000100	1.000089	0.175537	
856	1.000006	0.000057	0.020142	-0.000057	1.000006	0.199951	
857	1.000045	-0.000003	-0.067078	0.000003	1.000045	0.027252	
858	0.999993	0.000007	0.051941	-0.000007	0.999993	0.050629	
859	0.999985	0.000002	0.042786	-0.000002	0.999985	0.018860	
860	1.000001	-0.000004	0.000305	0.000004	1.000001	0.036774	
861	1.000019	0.000012	0.003662	-0.000012	1.000019	0.023407	
862	1.000018	0.000048	-0.032654	-0.000048	1.000018	0.142242	
863	0.999995	0.000059	-0.048401	-0.000059	0.999995	0.150391	
864	0.999999	0.000061	0.004211	-0.000061	0.999999	0.139648	
865	0.999993	0.000019	-0.025513	-0.000019	0.999993	0.038605	
866	1.000001	-0.000023	0.011658	0.000023	1.000001	0.071198	
867	1.000004	0.000022	-0.026001	-0.000022	1.000004	0.075165	
868	0.999997	0.000045	0.013916	-0.000045	0.999997	0.120941	
869	1.000037	0.000057	-0.025391	-0.000057	1.000037	0.125305	
870	0.999993	0.000061	0.077454	-0.000061	0.999993	0.156433	
871	1.000004	0.000057	-0.034180	-0.000057	1.000004	0.117584	
872	0.999993	0.000062	-0.031250	-0.000062	0.999993	0.164948	
873	1.000036	0.000102	-0.126465	-0.000102	1.000036	0.189087	
874	0.999963	0.000057	0.062988	-0.000057	0.999963	0.092682	
875	0.999968	0.000106	-0.051880	-0.000106	0.999968	0.103333	
876	1.000023	0.000069	-0.055359	-0.000069	1.000023	0.184357	
877	0.999969	0.000033	-0.035583	-0.000033	0.999969	0.114105	
878	1.000053	0.000082	-0.130859	-0.000082	1.000053	0.107208	
879	1.000015	0.000048	-0.003967	-0.000048	1.000015	0.164520	
880	1.000033	0.000015	0.016357	-0.000015	1.000033	0.117462	
881	1.000003	0.000027	0.022522	-0.000027	1.000003	0.138733	
882	1.000034	0.000049	-0.069885	-0.000049	1.000034	0.087189	
883	1.000003	0.000037	-0.011108	-0.000037	1.000003	0.123810	
884	1.000032	0.000024	-0.060242	-0.000024	1.000032	0.098328	
885	0.999931	0.000045	0.081726	-0.000045	0.999931	0.115540	
886	1.000013	0.000009	0.016235	-0.000009	1.000013	0.035461	
887	0.999996	0.000034	0.026001	-0.000034	0.999996	0.130280	
888	0.999936	0.000032	0.055176	-0.000032	0.999936	0.140015	
889	0.999962	0.000055	0.000122	-0.000055	0.999962	0.179993	
890	1.000012	0.000018	0.008484	-0.000018	1.000012	0.085724	
891	0.999951	0.000023	0.073364	-0.000023	0.999951	0.095215	
892	0.999952	0.000029	0.025208	-0.000029	0.999952	0.069214	
893	0.999964	0.000066	-0.011230	-0.000066	0.999964	0.145355	
894	0.999961	0.000041	0.042114	-0.000041	0.999961	0.118683	
895	0.999979	0.000050	-0.029297	-0.000050	0.999979	0.099823	
896	1.000000	0.000074	0.000977	-0.000074	1.000000	0.171234	
897	0.999984	0.000033	0.029358	-0.000033	0.999984	0.095764	
898	0.999991	0.000022	0.030640	-0.000022	0.999991	0.005035	
899	0.999987	0.000023	-0.019775	-0.000023	0.999987	0.097137	
900	1.000000	0.000027	0.011475	-0.000027	1.000000	0.151733	
901	0.999999	0.000011	0.009460	-0.000011	0.999999	0.065521	
902	0.999995	0.000041	-0.010193	-0.000041	0.999995	0.121185	
903	1.000009	0.000065	-0.038574	-0.000065	1.000009	0.133423	
904	0.999995	0.000017	-0.003418	-0.000017	0.999995	0.039062	
905	1.000007	0.000065	-0.056213	-0.000065	1.000007	0.134003	
906	0.999975	0.000112	0.023926	-0.000112	0.999975	0.259583	
907	1.000030	0.000060	-0.116455	-0.000060	1.000030	0.112976	
908	1.000079	0.000047	-0.102722	-0.000047	1.000079	0.068237	
909	1.000064	0.000046	-0.174072	-0.000046	1.000064	0.030182	
910	1.000063	0.000058	-0.138306	-0.000058	1.000063	0.073090	
911	0.999995	0.000030	-0.030273	-0.000030	0.999995	0.075470	
912	1.000098	0.000043	-0.084351	-0.000043	1.000098	0.118103	
913	1.000062	0.000080	-0.052246	-0.000080	1.000062	0.158905	
914	1.000007	0.000048	-0.071289	-0.000048	1.000007	0.097137	
915	1.000022	0.000116	-0.092651	-0.000116	1.000022	0.205017	
916	1.000005	0.000026	-0.043701	-0.000026	1.000005	0.097565	
917	1.000013	0.000040	-0.013794	-0.000040	1.000013	0.062897	
918	1.000061	0.000023	-0.046692	-0.000023	1.000061	0.084045	
919	1.000028	0.000025	-0.060974	-0.000025	1.000028	0.064636	
920	1.000049	0.000145	-0.101807	-0.000145	1.000049	0.251740	
921	1.000056	0.000093	-0.106140	-0.000093	1.000056	0.169373	
922	1.000018	0.000068	-0.048401	-0.000068	1.000018	0.150360	
923	1.000031	0.000054	-0.070618	-0.000054	1.000031	0.108032	
924	1.000028	0.000084	-0.128052	-0.000084	1.000028	0.131134	
925	1.000005	0.000114	-0.107849	-0.000114	1.000005	0.170258	
926	1.000012	0.000044	-0.056641	-0.000044	1.000012	0.094421	
927	1.000019	0.000075	-0.095947	-0.000075	1.000019	0.117279	
928	1.000014	0.000102	-0.023132	-0.000102	1.000014	0.193573	
929	1.000002	0.000038	0.005127	-0.000038	1.000002	0.124054	
930	1.000005	0.000007	-0.002686	-0.000007	1.000005	0.029388	
931	1.000028	0.000034	-0.060669	-0.000034	1.000028	0.116425	
932	1.000035	0.000016	0.009094	-0.000016	1.000035	0.050323	
933	1.000003	0.000065	-0.018799	-0.000065	1.000003	0.196960	
934	1.000016	0.000024	-0.035400	-0.000024	1.000016	0.078613	
935	0.999983	0.000039	0.042664	-0.000039	0.999983	0.112762	
936	0.999992	0.000055	0.007568	-0.000055	0.999992	0.130920	
937	0.999981	0.000037	0.014404	-0.000037	0.999981	0.098877	
938	1.000029	0.000086	-0.036072	-0.000086	1.000029	0.185913	
939	0.999997	0.000091	-0.029724	-0.000091	0.999997	0.104767	
940	0.999976	0.000112	0.023560	-0.000112	0.999976	0.261597	
941	0.999977	0.000059	0.045654	-0.000059	0.999977	0.104034	
942	0.999993	0.000049	0.081665	-0.000049	0.999993	0.186554	
943	1.000011	0.000081	-0.069885	-0.000081	1.000011	0.130432	
944	0.999962	0.000027	0.052490	-0.000027	0.999962	0.087738	
945	1.000008	0.000093	0.008972	-0.000093	1.000008	0.201202	
946	1.000012	0.000068	-0.050476	-0.000068	1.000012	0.103760	
947	1.000023	0.000026	0.010010	-0.000026	1.000023	0.099060	
948	0.999991	0.000024	0.010193	-0.000024	0.999991	0.069031	
949	0.999983	0.000035	0.014038	-0.000035	0.999983	0.092438	
950	1.000006	0.000020	0.012451	-0.000020	1.000006	0.063812	
951	0.999999	0.000035	0.051941	-0.000035	0.999999	0.126495	
952	0.999999	0.000023	-0.004578	-0.000023	0.999999	0.076569	
953	0.999998	0.000042	0.010681	-0.000042	0.999998	0.077240	
954	0.999996	0.000027	-0.015381	-0.000027	0.999996	0.058624	
955	1.000039	0.000063	-0.095886	-0.000063	1.000039	0.192932	
956	0.999981	0.000036	0.004883	-0.000036	0.999981	0.087463	
957	1.000023	0.000104	-0.146912	-0.000104	1.000023	0.162292	
958	0.999971	0.000061	0.016602	-0.000061	0.999971	0.124969	
959	0.999952	0.000081	-0.008362	-0.000081	0.999952	0.122650	
960	0.999943	0.000065	-0.005249	-0.000065	0.999943	0.064758	
961	1.000018	0.000067	-0.094604	-0.000067	1.000018	0.134094	
962	1.000041	0.000038	-0.007935	-0.000038	1.000041	0.130493	
963	1.000007	0.000024	-0.053650	-0.000024	1.000007	0.037476	
964	0.999993	0.000016	-0.018066	-0.000016	0.999993	0.050690	
965	1.000010	-0.000003	0.041870	0.000003	1.000010	0.016571	
966	0.999975	0.000047	-0.026062	-0.000047	0.999975	0.126587	
967	1.000000	-0.000009	0.026245	0.000009	1.000000	0.018250	
968	0.999987	0.000050	-0.041382	-0.000050	0.999987	0.078674	
969	1.000013	0.000069	-0.000366	-0.000069	1.000013	0.162933	
970	0.999963	0.000005	0.009033	-0.000005	0.999963	0.061707	
971	1.000004	0.000118	-0.034912	-0.000118	1.000004	0.266418	
972	0.999977	0.000067	0.004028	-0.000067	0.999977	0.091797	
973	0.999947	0.000043	0.019653	-0.000043	0.999947	0.096588	
974	0.999837	0.000048	0.246582	-0.000048	0.999837	0.069824	
975	0.999935	0.000122	-0.021484	-0.000122	0.999935	0.236877	
976	0.999963	0.000042	0.008972	-0.000042	0.999963	-0.001038	
977	0.999974	0.000030	0.085083	-0.000030	0.999974	0.109406	
978	0.999945	0.000083	0.012573	-0.000083	0.999945	0.208679	
979	0.999971	0.000124	-0.011230	-0.000124	0.999971	0.248199	
980	0.999997	0.000040	0.011719	-0.000040	0.999997	0.146912	
981	0.999983	0.000045	-0.021790	-0.000045	0.999983	0.100006	
982	0.999992	0.000025	0.021729	-0.000025	0.999992	0.058197	
983	1.000002	0.000039	-0.023438	-0.000039	1.000002	0.114838	
984	0.999995	0.000049	-0.036682	-0.000049	0.999995	0.107269	
985	0.999938	0.000048	0.055176	-0.000048	0.999938	0.122345	
986	0.999966	0.000028	-0.013672	-0.000028	0.999966	0.170746	
987	0.999968	0.000031	0.003784	-0.000031	0.999968	0.107239	
988	0.999964	0.000037	0.020691	-0.000037	0.999964	0.098236	
989	0.999958	0.000030	0.033386	-0.000030	0.999958	0.119904	
990	0.999972	0.000074	0.071411	-0.000074	0.999972	0.171326	
991	0.999990	0.000032	0.008728	-0.000032	0.999990	0.147186	
992	1.000003	0.000025	-0.045898	-0.000025	1.000003	0.112213	
993	1.000006	0.000006	0.050415	-0.000006	1.000006	0.047913	
994	0.999967	0.000030	-0.051697	-0.000030	0.999967	0.126740	
995	0.999999	0.000031	-0.014771	-0.000031	0.999999	0.058990	
996	0.999970	0.000044	0.068420	-0.000044	0.999970	0.106018	
997	1.000002	0.000039	-0.048889	-0.000039	1.000002	0.057159	
998	0.999966	0.000051	-0.010559	-0.000051	0.999966	0.145905	
999	1.000091	0.000096	-0.217529	-0.000096	1.000091	0.188385	
1000	1.000025	0.000046	-0.047241	-0.000046	1.000025	0.044891	
1001	0.999970	-0.000003	0.012207	0.000003	0.999970	0.071625	
1002	1.000029	0.000038	-0.049927	-0.000038	1.000029	0.095337	
1003	1.000006	0.000020	-0.002441	-0.000020	1.000006	0.118591	
1004	1.000000	0.000028	0.053528	-0.000028	1.000000	0.090515	
1005	1.000022	0.000137	-0.093994	-0.000137	1.000022	0.215302	
1006	0.999923	0.000067	0.129456	-0.000067	0.999923	0.153412	
1007	0.999974	0.000040	0.045288	-0.000040	0.999974	0.119812	
1008	0.999983	0.000050	-0.012329	-0.000050	0.999983	0.144104	
1009	0.999990	0.000029	-0.015320	-0.000029	0.999990	0.099731	
1010	0.999996	0.000038	-0.011902	-0.000038	0.999996	0.146362	
1011	1.000080	0.000075	-0.108093	-0.000075	1.000080	0.169159	
1012	1.000071	0.000097	-0.101868	-0.000097	1.000071	0.182007	
1013	1.000009	0.000102	-0.041565	-0.000102	1.000009	0.215057	
1014	0.999972	0.000083	0.030396	-0.000083	0.999972	0.193817	
1015	0.999973	0.000070	-0.004639	-0.000070	0.999973	0.182648	
1016	0.999979	0.000086	-0.007385	-0.000086	0.999979	0.202209	
1017	0.999978	0.000089	0.024597	-0.000089	0.999978	0.179352	
1018	0.999973	0.000091	0.007507	-0.000091	0.999973	0.122406	
1019	1.000029	0.000153	-0.102478	-0.000153	1.000029	0.302826	
1020	1.000034	0.000133	-0.082947	-0.000133	1.000034	0.307404	
1021	1.000008	0.000075	-0.052917	-0.000075	1.000008	0.155548	
1022	1.000004	0.000062	-0.034119	-0.000062	1.000004	0.132355	
1023	0.999975	0.000065	0.010437	-0.000065	0.999975	0.096985	
1024	0.999988	0.000041	0.016907	-0.000041	0.999988	0.049774	
1025	0.999938	0.000055	0.082275	-0.000055	0.999938	0.166595	
1026	0.999969	0.000004	0.072021	-0.000004	0.999969	0.066620	
1027	0.999931	-0.000021	0.103882	0.000021	0.999931	0.040833	
1028	0.999957	0.000031	0.048035	-0.000031	0.999957	0.062408	
1029	0.999984	0.000018	-0.003845	-0.000018	0.999984	0.076996	
1030	0.999994	0.000012	0.061157	-0.000012	0.999994	0.099854	
1031	1.000002	0.000047	-0.032471	-0.000047	1.000002	0.171051	
1032	1.000008	0.000017	-0.012207	-0.000017	1.000008	0.069550	
1033	1.000008	0.000075	-0.015198	-0.000075	1.000008	0.227142	
1034	0.999989	0.000004	0.037476	-0.000004	0.999989	0.033264	
1035	1.000050	-0.000015	0.032349	0.000015	1.000050	0.014771	
1036	0.999985	0.000019	-0.026001	-0.000019	0.999985	0.047272	
1037	0.999996	0.000042	-0.025696	-0.000042	0.999996	0.120575	
1038	1.000008	0.000077	-0.060730	-0.000077	1.000008	0.130463	
1039	1.000008	0.000109	-0.006653	-0.000109	1.000008	0.220062	
1040	1.000028	0.000046	-0.084839	-0.000046	1.000028	0.140533	
1041	0.999999	0.000030	-0.009766	-0.000030	0.999999	0.125885	
1042	0.999983	0.000058	-0.014954	-0.000058	0.999983	0.129211	
1043	0.999926	0.000023	0.112976	-0.000023	0.999926	0.112183	
1044	0.999972	0.000042	0.021118	-0.000042	0.999972	0.120270	
1045	0.999912	0.000014	0.103516	-0.000014	0.999912	0.099976	
1046	0.999983	0.000063	0.000916	-0.000063	0.999983	0.144623	
1047	0.999965	0.000102	0.089600	-0.000102	0.999965	0.218597	
1048	0.999967	0.000059	0.030334	-0.000059	0.999967	0.175476	
1049	1.000016	0.000180	-0.027954	-0.000180	1.000016	0.284393	
1050	0.999952	0.000040	0.037903	-0.000040	0.999952	0.093018	
1051	1.000015	0.000019	0.029358	-0.000019	1.000015	0.051239	
1052	1.000002	0.000111	0.014648	-0.000111	1.000002	0.251404	
1053	0.999978	0.000032	0.000183	-0.000032	0.999978	0.094086	
1054	0.999997	0.000032	0.016785	-0.000032	0.999997	0.071259	
1055	0.999999	0.000045	0.043640	-0.000045	0.999999	0.124054	
1056	1.000013	0.000070	-0.008667	-0.000070	1.000013	0.146790	
1057	0.999973	0.000054	0.027466	-0.000054	0.999973	0.077301	
1058	0.999988	0.000041	-0.016296	-0.000041	0.999988	0.141296	
1059	1.000011	0.000023	0.050903	-0.000023	1.000011	0.081207	
1060	1.000038	-0.000009	-0.021606	0.000009	1.000038	0.059906	
1061	1.000005	0.000035	0.049377	-0.000035	1.000005	0.071686	
1062	0.999991	0.000096	0.006409	-0.000096	0.999991	0.192017	
1063	1.000038	0.000071	-0.087891	-0.000071	1.000038	0.123749	
1064	0.999981	0.000043	0.008179	-0.000043	0.999981	0.135101	
1065	0.999997	0.000011	0.001282	-0.000011	0.999997	0.059906	
1066	0.999982	0.000033	-0.033508	-0.000033	0.999982	0.120667	
1067	1.000031	0.000073	-0.148438	-0.000073	1.000031	0.152740	
1068	1.000028	0.000027	-0.049744	-0.000027	1.000028	0.072968	
1069	1.000043	0.000017	-0.045654	-0.000017	1.000043	0.060211	
1070	1.000058	0.000015	-0.083801	-0.000015	1.000058	0.029419	
1071	1.000107	0.000119	-0.152466	-0.000119	1.000107	0.237000	
1072	1.000079	0.000066	-0.110291	-0.000066	1.000079	0.072388	
1073	1.000046	0.000049	-0.078430	-0.000049	1.000046	0.132141	
1074	1.000051	0.000033	-0.058044	-0.000033	1.000051	0.072998	
1075	1.000072	0.000022	-0.091980	-0.000022	1.000072	0.093140	
1076	1.000118	0.000068	-0.138062	-0.000068	1.000118	0.122803	
1077	1.000008	0.000061	-0.020874	-0.000061	1.000008	0.113892	
1078	0.999961	0.000155	-0.007141	-0.000155	0.999961	0.302399	
1079	1.000084	0.000011	-0.082764	-0.000011	1.000084	0.145660	
1080	1.000037	0.000072	-0.095093	-0.000072	1.000037	0.095367	
1081	0.999975	0.000124	-0.052490	-0.000124	0.999975	0.260193	
1082	1.000008	0.000100	-0.081299	-0.000100	1.000008	0.197815	
1083	0.999971	0.000056	-0.042297	-0.000056	0.999971	0.097931	
1084	0.999970	0.000056	-0.022888	-0.000056	0.999970	0.106079	
1085	1.000118	0.000129	-0.200012	-0.000129	1.000118	0.285034	
1086	1.000060	0.000078	-0.161377	-0.000078	1.000060	0.130524	
1087	0.999995	0.000067	-0.028381	-0.000067	0.999995	0.091034	
1088	1.000035	0.000066	-0.025757	-0.000066	1.000035	0.136292	
1089	1.000037	0.000054	-0.079956	-0.000054	1.000037	0.080505	
1090	1.000079	0.000081	-0.153320	-0.000081	1.000079	0.173370	
1091	1.000089	0.000096	-0.129578	-0.000096	1.000089	0.186432	
1092	1.000043	0.000028	-0.077026	-0.000028	1.000043	0.046234	
1093	1.000048	0.000133	-0.109436	-0.000133	1.000048	0.250763	
1094	1.000023	0.000026	-0.041321	-0.000026	1.000023	0.042389	
1095	1.000046	0.000144	-0.077026	-0.000144	1.000046	0.313416	
1096	0.999986	0.000038	-0.004700	-0.000038	0.999986	0.118378	
1097	0.999986	0.000022	0.048584	-0.000022	0.999986	0.107544	
1098	0.999996	0.000038	-0.017090	-0.000038	0.999996	0.039154	
1099	1.000008	0.000057	-0.053101	-0.000057	1.000008	0.156219	
1100	0.999964	0.000042	0.006165	-0.000042	0.999964	0.068237	
1101	1.000006	0.000031	-0.046631	-0.000031	1.000006	0.113525	
1102	0.999975	0.000048	-0.027405	-0.000048	0.999975	0.066284	
1103	0.999981	0.000056	-0.030579	-0.000056	0.999981	0.135376	
1104	0.999995	0.000064	-0.041016	-0.000064	0.999995	0.109985	
1105	0.999964	0.000052	-0.011963	-0.000052	0.999964	0.148987	
1106	0.999997	0.000105	-0.036316	-0.000105	0.999997	0.185211	
1107	0.999958	0.000089	-0.001709	-0.000089	0.999958	0.199554	
1108	0.999976	0.000050	0.015686	-0.000050	0.999976	0.119934	
1109	0.999967	0.000054	-0.030518	-0.000054	0.999967	0.097260	
1110	0.999997	0.000066	0.004700	-0.000066	0.999997	0.096222	
1111	0.999994	0.000105	-0.010803	-0.000105	0.999994	0.181427	
1112	0.999993	0.000028	0.008667	-0.000028	0.999993	0.145264	
1113	0.999990	0.000051	-0.005615	-0.000051	0.999990	0.123108	
1114	0.999994	0.000161	-0.104858	-0.000161	0.999994	0.310944	
1115	0.999970	0.000042	0.074829	-0.000042	0.999970	0.166077	
1116	1.000061	0.000010	-0.060730	-0.000010	1.000061	0.091003	
1117	0.999969	0.000088	-0.007080	-0.000088	0.999969	0.186035	
1118	0.999974	0.000042	-0.006348	-0.000042	0.999974	0.073059	
1119	1.000000	0.000047	-0.053833	-0.000047	1.000000	0.067871	
1120	1.000043	0.000033	-0.032593	-0.000033	1.000043	0.060059	
1121	1.000009	0.000047	-0.030273	-0.000047	1.000009	0.088684	
1122	1.000073	0.000000	-0.049561	-0.000000	1.000073	0.092102	
1123	0.999957	0.000070	0.035034	-0.000070	0.999957	0.135681	
1124	0.999926	0.000130	0.031799	-0.000130	0.999926	0.236145	
1125	0.999972	0.000056	0.056458	-0.000056	0.999972	0.168274	
1126	0.999960	0.000110	-0.000061	-0.000110	0.999960	0.196075	
1127	0.999974	0.000133	-0.001404	-0.000133	0.999974	0.264771	
1128	0.999941	0.000151	0.081116	-0.000151	0.999941	0.265778	
1129	0.999963	0.000111	0.020325	-0.000111	0.999963	0.191895	
1130	0.999978	0.000077	0.036926	-0.000077	0.999978	0.183746	
1131	0.999954	0.000027	0.063477	-0.000027	0.999954	0.101807	
1132	0.999985	0.000054	0.067322	-0.000054	0.999985	0.108704	
1133	0.999978	0.000100	-0.013245	-0.000100	0.999978	0.201538	
1134	0.999986	0.000069	0.022461	-0.000069	0.999986	0.129333	
1135	0.999999	0.000050	-0.046326	-0.000050	0.999999	0.056427	
1136	0.999986	0.000070	-0.008301	-0.000070	0.999986	0.108582	
1137	1.000006	0.000045	-0.036499	-0.000045	1.000006	0.107239	
1138	0.999969	0.000068	0.081177	-0.000068	0.999969	0.187622	
1139	1.000005	0.000157	-0.084167	-0.000157	1.000005	0.275909	
1140	0.999964	0.000109	0.047852	-0.000109	0.999964	0.278564	
1141	1.000035	0.000078	-0.143677	-0.000078	1.000035	0.160919	
1142	1.000051	0.000063	-0.117676	-0.000063	1.000051	0.071960	
1143	1.000100	0.000113	-0.177856	-0.000113	1.000100	0.137177	
1144	1.000043	0.000002	-0.071411	-0.000002	1.000043	0.040863	
1145	1.000038	0.000067	-0.064148	-0.000067	1.000038	0.117249	
1146	1.000038	0.000098	-0.095642	-0.000098	1.000038	0.212799	
1147	1.000015	0.000004	-0.037048	-0.000004	1.000015	0.013550	
1148	1.000032	0.000059	-0.073364	-0.000059	1.000032	0.101074	
1149	1.000035	0.000032	-0.061157	-0.000032	1.000035	0.061035	
1150	1.000021	0.000103	-0.103577	-0.000103	1.000021	0.150848	
1151	1.000029	0.000027	-0.046570	-0.000027	1.000029	0.095398	
1152	1.000130	0.000058	-0.154907	-0.000058	1.000130	0.102051	
1153	1.000026	0.000035	-0.018677	-0.000035	1.000026	0.075836	
1154	1.000077	0.000032	-0.147095	-0.000032	1.000077	0.056854	
1155	1.000037	0.000069	-0.096985	-0.000069	1.000037	0.122925	
1156	1.000035	0.000048	-0.099670	-0.000048	1.000035	0.114746	
1157	1.000039	0.000080	-0.057617	-0.000080	1.000039	0.184723	
1158	1.000043	0.000038	-0.033508	-0.000038	1.000043	0.075897	
1159	1.000036	0.000026	-0.049805	-0.000026	1.000036	0.055145	
1160	1.000002	0.000024	-0.007080	-0.000024	1.000002	0.087311	
1161	0.999994	0.000052	-0.006042	-0.000052	0.999994	0.111877	
1162	1.000043	0.000034	-0.098877	-0.000034	1.000043	0.087402	
1163	0.999990	0.000140	0.006958	-0.000140	0.999990	0.268005	
1164	1.000051	0.000159	-0.135620	-0.000159	1.000051	0.308929	
1165	1.000024	0.000053	-0.062012	-0.000053	1.000024	0.108276	
1166	1.000029	0.000045	-0.030212	-0.000045	1.000029	0.093994	
1167	1.000016	0.000119	-0.030151	-0.000119	1.000016	0.218781	
1168	1.000013	0.000055	-0.027954	-0.000055	1.000013	0.119080	
1169	1.000028	0.000030	-0.053711	-0.000030	1.000028	0.073242	
1170	1.000003	0.000115	0.004333	-0.000115	1.000003	0.219666	
1171	1.000047	0.000000	-0.087341	-0.000000	1.000047	0.038879	
1172	0.999985	0.000044	0.032349	-0.000044	0.999985	0.124695	
1173	0.999977	0.000047	0.038330	-0.000047	0.999977	0.079681	
1174	1.000008	0.000014	0.016174	-0.000014	1.000008	0.048737	
1175	0.999988	0.000027	-0.013184	-0.000027	0.999988	0.066254	
1176	0.999991	0.000001	0.020874	-0.000001	0.999991	0.021454	
1177	0.999980	0.000031	0.007629	-0.000031	0.999980	0.089203	
1178	0.999970	0.000038	0.003662	-0.000038	0.999970	0.062317	
1179	0.999976	0.000027	0.001404	-0.000027	0.999976	0.093903	
1180	0.999955	0.000110	0.034119	-0.000110	0.999955	0.216614	
1181	0.999965	0.000122	0.071838	-0.000122	0.999965	0.311615	
1182	1.000006	0.000061	0.021729	-0.000061	1.000006	0.120178	
1183	0.999968	0.000089	0.035706	-0.000089	0.999968	0.156830	
1184	1.000090	0.000060	-0.066833	-0.000060	1.000090	0.128113	
1185	1.000013	0.000038	-0.024048	-0.000038	1.000013	0.076080	
1186	1.000009	0.000072	-0.019470	-0.000072	1.000009	0.161163	
1187	1.000024	0.000040	0.031677	-0.000040	1.000024	0.072693	
1188	1.000002	0.000050	-0.011719	-0.000050	1.000002	0.138794	
1189	1.000043	0.000005	-0.050781	-0.000005	1.000043	0.023865	
1190	1.000019	0.000051	-0.011047	-0.000051	1.000019	0.145111	
1191	0.999998	0.000049	-0.018860	-0.000049	0.999998	0.118774	
1192	1.000044	0.000010	-0.021973	-0.000010	1.000044	0.052704	
1193	1.000040	0.000026	-0.051392	-0.000026	1.000040	0.033081	
1194	1.000024	0.000049	-0.027405	-0.000049	1.000024	0.112549	
1195	1.000013	0.000028	-0.065552	-0.000028	1.000013	0.035522	
1196	1.000021	0.000024	-0.030151	-0.000024	1.000021	0.049072	
1197	1.000057	0.000054	-0.068909	-0.000054	1.000057	0.107300	
1198	1.000035	0.000001	0.021729	-0.000001	1.000035	0.036621	
1199	1.000000	0.000041	0.002136	-0.000041	1.000000	0.098297	
1200	0.999958	0.000097	0.127808	-0.000097	0.999958	0.241425	
1201	0.999997	0.000034	-0.071289	-0.000034	0.999997	0.089264	
1202	1.000001	0.000051	0.005859	-0.000051	1.000001	0.115326	
1203	1.000036	0.000077	0.005737	-0.000077	1.000036	0.173676	
1204	1.000024	0.000039	-0.048401	-0.000039	1.000024	0.109222	
1205	1.000001	0.000071	-0.040588	-0.000071	1.000001	0.190613	
1206	1.000057	0.000036	-0.086792	-0.000036	1.000057	0.016083	
1207	1.000046	0.000084	-0.110779	-0.000084	1.000046	0.168030	
1208	1.000028	0.000072	-0.069092	-0.000072	1.000028	0.147949	
1209	1.000038	0.000073	-0.070129	-0.000073	1.000038	0.123962	
1210	1.000021	0.000019	-0.020935	-0.000019	1.000021	0.060211	
1211	1.000021	0.000063	-0.098145	-0.000063	1.000021	0.096100	
1212	1.000004	0.000056	-0.003174	-0.000056	1.000004	0.123322	
1213	1.000001	0.000063	-0.055481	-0.000063	1.000001	0.113190	
1214	1.000008	0.000110	-0.083679	-0.000110	1.000008	0.207458	
1215	1.000012	-0.000004	-0.019836	0.000004	1.000012	0.055176	
1216	0.999995	0.000116	-0.015869	-0.000116	0.999995	0.262543	
1217	1.000031	0.000064	-0.120117	-0.000064	1.000031	0.108978	
1218	1.000065	-0.000002	-0.048767	0.000002	1.000065	-0.002716	
1219	1.000053	0.000029	-0.040771	-0.000029	1.000053	0.067749	
1220	1.000083	0.000013	-0.033386	-0.000013	1.000083	0.052032	
1221	1.000055	0.000003	-0.114075	-0.000003	1.000055	0.031097	
1222	1.000068	0.000004	-0.044434	-0.000004	1.000068	0.057526	
1223	1.000086	0.000073	-0.165894	-0.000073	1.000086	0.111359	
1224	1.000014	-0.000001	-0.017944	0.000001	1.000014	0.082001	
1225	1.000052	0.000033	-0.100708	-0.000033	1.000052	0.122894	
1226	1.000063	0.000043	-0.145264	-0.000043	1.000063	0.141815	
1227	0.999982	0.000019	-0.008118	-0.000019	0.999982	0.090363	
1228	1.000000	0.000015	-0.031433	-0.000015	1.000000	0.066437	
1229	0.999983	0.000015	-0.021240	-0.000015	0.999983	0.084656	
1230	1.000028	0.000014	0.030640	-0.000014	1.000028	0.064331	
1231	1.000015	0.000055	-0.005859	-0.000055	1.000015	0.128754	
1232	0.999991	0.000075	-0.057861	-0.000075	0.999991	0.170654	
1233	1.000053	0.000063	-0.083557	-0.000063	1.000053	0.109680	
1234	0.999991	0.000057	-0.035095	-0.000057	0.999991	0.096191	
1235	1.000015	0.000044	-0.035767	-0.000044	1.000015	0.044220	
1236	1.000009	0.000044	-0.006653	-0.000044	1.000009	0.121399	
1237	1.000010	0.000043	-0.057861	-0.000043	1.000010	0.089294	
1238	1.000015	0.000033	-0.054321	-0.000033	1.000015	0.062988	
1239	1.000027	0.000012	-0.054688	-0.000012	1.000027	0.017853	
1240	1.000036	0.000022	-0.038452	-0.000022	1.000036	-0.004364	
1241	1.000035	0.000018	-0.091125	-0.000018	1.000035	0.056030	
1242	0.999989	0.000025	0.009766	-0.000025	0.999989	0.079254	
1243	0.999998	0.000101	-0.038330	-0.000101	0.999998	0.235199	
1244	1.000007	0.000045	-0.063049	-0.000045	1.000007	0.059143	
1245	1.000023	0.000037	-0.039917	-0.000037	1.000023	0.058929	
1246	1.000069	0.000099	-0.130615	-0.000099	1.000069	0.138641	
1247	1.000037	0.000072	-0.034180	-0.000072	1.000037	0.086395	
1248	1.000090	0.000079	-0.214844	-0.000079	1.000090	0.200500	
1249	1.000038	0.000026	-0.030212	-0.000026	1.000038	0.037811	
1250	1.000096	0.000048	-0.151306	-0.000048	1.000096	0.088409	
1251	1.000027	0.000045	-0.099426	-0.000045	1.000027	0.028381	
1252	1.000020	0.000067	-0.058289	-0.000067	1.000020	0.137970	
1253	1.000023	0.000151	-0.113770	-0.000151	1.000023	0.253326	
1254	1.000057	0.000043	-0.116455	-0.000043	1.000057	0.006714	
1255	1.000064	0.000035	-0.146484	-0.000035	1.000064	0.069763	
1256	1.000074	0.000026	-0.159729	-0.000026	1.000074	0.074921	
1257	1.000103	0.000039	-0.143616	-0.000039	1.000103	0.128784	
1258	1.000009	0.000032	-0.070312	-0.000032	1.000009	0.035736	
1259	1.000072	0.000026	-0.120728	-0.000026	1.000072	0.104797	
1260	1.000048	0.000039	-0.067017	-0.000039	1.000048	0.020264	
1261	1.000057	0.000011	-0.143738	-0.000011	1.000057	0.043945	
1262	1.000033	0.000041	-0.058472	-0.000041	1.000033	0.098602	
1263	1.000014	0.000049	-0.042358	-0.000049	1.000014	0.183411	
1264	1.000165	0.000045	-0.283752	-0.000045	1.000165	0.055450	
1265	1.000058	0.000089	-0.059448	-0.000089	1.000058	0.335571	
1266	1.000117	0.000050	-0.201233	-0.000050	1.000117	0.153076	
1267	1.000080	0.000034	-0.177124	-0.000034	1.000080	0.041229	
1268	1.000085	0.000019	-0.194946	-0.000019	1.000085	0.056732	
1269	1.000044	0.000060	-0.094543	-0.000060	1.000044	0.207489	
1270	1.000073	0.000110	-0.188721	-0.000110	1.000073	0.103912	
1271	1.000054	0.000002	-0.090881	-0.000002	1.000054	0.037659	
1272	1.000082	0.000048	-0.093933	-0.000048	1.000082	0.029663	
1273	1.000023	0.000004	-0.067688	-0.000004	1.000023	0.006042	
1274	1.000016	0.000039	-0.042480	-0.000039	1.000016	0.012146	
1275	1.000025	0.000079	-0.029602	-0.000079	1.000025	0.159821	
1276	1.000050	0.000022	-0.051575	-0.000022	1.000050	0.022186	
1277	1.000031	0.000028	-0.115540	-0.000028	1.000031	0.053589	
1278	1.000057	0.000012	-0.094238	-0.000012	1.000057	-0.023712	
1279	1.000049	0.000122	-0.119690	-0.000122	1.000049	0.165833	
1280	1.000048	0.000055	-0.137695	-0.000055	1.000048	0.066833	
1281	1.000139	0.000063	-0.237122	-0.000063	1.000139	0.001465	
1282	1.000097	0.000051	-0.176025	-0.000051	1.000097	0.110382	
1283	1.000027	0.000110	-0.133118	-0.000110	1.000027	0.140350	
1284	1.000038	0.000078	-0.078430	-0.000078	1.000038	0.125031	
1285	1.000031	0.000102	-0.090820	-0.000102	1.000031	0.165680	
1286	1.000060	0.000129	-0.145081	-0.000129	1.000060	0.141083	
1287	1.000002	0.000071	-0.057007	-0.000071	1.000002	0.121979	
1288	1.000054	0.000115	-0.125366	-0.000115	1.000054	0.180481	
1289	1.000011	0.000032	-0.042847	-0.000032	1.000011	0.008301	
1290	1.000049	0.000174	-0.109253	-0.000174	1.000049	0.280731	
1291	0.999997	0.000046	-0.053223	-0.000046	0.999997	0.076569	
1292	1.000034	0.000137	-0.069763	-0.000137	1.000034	0.244049	
1293	1.000032	0.000203	-0.118164	-0.000203	1.000032	0.340729	
1294	1.000021	0.000105	-0.032593	-0.000105	1.000021	0.123810	
1295	1.000011	0.000063	-0.029175	-0.000063	1.000011	0.103760	
1296	1.000000	0.000085	-0.041199	-0.000085	1.000000	0.137207	
1297	1.000007	0.000066	-0.021912	-0.000066	1.000007	0.086823	
1298	1.000027	0.000075	-0.032898	-0.000075	1.000027	0.165131	
1299	0.999997	0.000040	-0.002380	-0.000040	0.999997	0.064056	
1300	1.000031	0.000087	-0.101379	-0.000087	1.000031	0.151184	
1301	1.000084	0.000145	-0.189148	-0.000145	1.000084	0.266632	
1302	1.000020	0.000086	-0.074768	-0.000086	1.000020	0.119812	
1303	1.000044	0.000049	-0.109924	-0.000049	1.000044	0.049377	
1304	1.000100	0.000119	-0.191406	-0.000119	1.000100	0.171082	
1305	1.000062	0.000021	-0.072876	-0.000021	1.000062	-0.018433	
1306	1.000039	0.000066	-0.091431	-0.000066	1.000039	0.081329	
1307	1.000148	0.000180	-0.291199	-0.000180	1.000148	0.289124	
1308	1.000086	0.000080	-0.160461	-0.000080	1.000086	0.104034	
1309	1.000081	0.000065	-0.135864	-0.000065	1.000081	0.055542	
1310	1.000105	0.000105	-0.201904	-0.000105	1.000105	0.119507	
1311	1.000050	0.000072	-0.076477	-0.000072	1.000050	0.066284	
1312	1.000058	0.000090	-0.125061	-0.000090	1.000058	0.131836	
1313	1.000044	0.000045	-0.072815	-0.000045	1.000044	0.049438	
1314	1.000007	0.000050	-0.075439	-0.000050	1.000007	0.053223	
1315	1.000004	0.000038	-0.007141	-0.000038	1.000004	0.053589	
1316	1.000018	0.000050	-0.082703	-0.000050	1.000018	0.078522	
1317	1.000021	0.000089	-0.087341	-0.000089	1.000021	0.099243	
1318	1.000056	0.000073	-0.132507	-0.000073	1.000056	0.148865	
1319	1.000067	0.000154	-0.162354	-0.000154	1.000067	0.219116	
1320	1.000054	0.000105	-0.114868	-0.000105	1.000054	0.111115	
1321	1.000050	0.000103	-0.148132	-0.000103	1.000050	0.173065	
1322	1.000065	0.000096	-0.057739	-0.000096	1.000065	0.152985	
1323	0.999978	0.000161	-0.023926	-0.000161	0.999978	0.273743	
1324	1.000037	0.000044	-0.078491	-0.000044	1.000037	0.032104	
1325	0.999957	0.000156	-0.009521	-0.000156	0.999957	0.255920	
1326	1.000027	0.000090	-0.105408	-0.000090	1.000027	0.164062	
1327	1.000030	0.000069	-0.081909	-0.000069	1.000030	0.128265	
1328	1.000092	0.000062	-0.183411	-0.000062	1.000092	0.038513	
1329	1.000015	0.000104	-0.036621	-0.000104	1.000015	0.124023	
1330	1.000018	0.000066	-0.073303	-0.000066	1.000018	0.084564	
1331	1.000017	0.000090	-0.112305	-0.000090	1.000017	0.112305	
1332	1.000115	0.000244	-0.240662	-0.000244	1.000115	0.361725	
1333	1.000087	0.000241	-0.154907	-0.000241	1.000087	0.397797	
1334	1.000021	0.000060	-0.074646	-0.000060	1.000021	0.044952	
1335	1.000060	0.000203	-0.177429	-0.000203	1.000060	0.331421	
1336	0.999996	0.000161	0.003052	-0.000161	0.999996	0.266907	
1337	1.000035	0.000094	-0.106140	-0.000094	1.000035	0.199860	
1338	1.000037	0.000115	-0.095520	-0.000115	1.000037	0.172150	
1339	1.000118	0.000074	-0.171326	-0.000074	1.000118	0.091644	
1340	1.000058	0.000082	-0.075500	-0.000082	1.000058	0.106049	
1341	1.000055	0.000122	-0.153137	-0.000122	1.000055	0.174164	
1342	1.000090	0.000141	-0.209045	-0.000141	1.000090	0.182770	
1343	1.000084	0.000103	-0.202393	-0.000103	1.000084	0.130066	
1344	1.000090	0.000074	-0.196716	-0.000074	1.000090	0.011688	
1345	1.000072	0.000113	-0.144958	-0.000113	1.000072	0.134705	
1346	1.000092	0.000181	-0.213318	-0.000181	1.000092	0.250427	
1347	1.000075	0.000071	-0.187622	-0.000071	1.000075	0.059418	
1348	1.000075	0.000161	-0.174561	-0.000161	1.000075	0.204987	
1349	1.000048	0.000044	-0.093872	-0.000044	1.000048	0.064270	
1350	0.999986	0.000109	0.022583	-0.000109	0.999986	0.170929	
1351	1.000009	0.000046	-0.045654	-0.000046	1.000009	0.122864	
1352	1.000066	0.000069	-0.117798	-0.000069	1.000066	0.083435	
1353	1.000079	0.000134	-0.140198	-0.000134	1.000079	0.130859	
1354	1.000045	0.000075	-0.074097	-0.000075	1.000045	0.115173	
1355	1.000073	0.000080	-0.137207	-0.000080	1.000073	0.070892	
1356	1.000057	0.000130	-0.065430	-0.000130	1.000057	0.160034	
1357	1.000007	0.000106	-0.096252	-0.000106	1.000007	0.187927	
1358	1.000037	0.000071	-0.056030	-0.000071	1.000037	0.099335	
1359	1.000025	0.000077	-0.037598	-0.000077	1.000025	0.095032	
1360	1.000020	0.000061	-0.114075	-0.000061	1.000020	0.033722	
1361	1.000060	0.000058	-0.135742	-0.000058	1.000060	0.035461	
1362	1.000012	0.000043	-0.043884	-0.000043	1.000012	0.039978	
1363	1.000037	0.000112	-0.067383	-0.000112	1.000037	0.121246	
1364	1.000015	0.000085	-0.080078	-0.000085	1.000015	0.061676	
1365	1.000036	0.000102	-0.031982	-0.000102	1.000036	0.131226	
1366	1.000001	0.000060	-0.048584	-0.000060	1.000001	0.093048	
1367	1.000025	0.000063	-0.020630	-0.000063	1.000025	0.103363	
1368	1.000019	0.000056	-0.040710	-0.000056	1.000019	0.112061	
1369	1.000022	0.000081	-0.071167	-0.000081	1.000022	0.082733	
1370	1.000027	0.000070	-0.057434	-0.000070	1.000027	0.077271	
1371	1.000042	0.000094	-0.081970	-0.000094	1.000042	0.119110	
1372	1.000082	0.000038	-0.063416	-0.000038	1.000082	0.063812	
1373	1.000042	0.000017	-0.036560	-0.000017	1.000042	0.030182	
1374	1.000046	0.000075	-0.083435	-0.000075	1.000046	0.106445	
1375	1.000023	0.000089	-0.041443	-0.000089	1.000023	0.089478	
1376	1.000031	0.000076	-0.063843	-0.000076	1.000031	0.071686	
1377	1.000016	0.000067	-0.061279	-0.000067	1.000016	0.100189	
1378	1.000031	0.000153	-0.085815	-0.000153	1.000031	0.232361	
1379	1.000009	0.000189	-0.099915	-0.000189	1.000009	0.280182	
1380	1.000006	0.000057	-0.016602	-0.000057	1.000006	0.160553	
1381	1.000051	0.000189	-0.075378	-0.000189	1.000051	0.266052	
1382	1.000007	0.000056	-0.037109	-0.000056	1.000007	0.071686	
1383	1.000054	0.000075	-0.049194	-0.000075	1.000054	0.113068	
1384	1.000062	0.000052	-0.064087	-0.000052	1.000062	0.031647	
1385	1.000052	0.000058	-0.095703	-0.000058	1.000052	0.052429	
1386	1.000034	0.000040	-0.059692	-0.000040	1.000034	0.046448	
1387	1.000075	0.000142	-0.088867	-0.000142	1.000075	0.194580	
1388	1.000055	0.000053	-0.034302	-0.000053	1.000055	0.043396	
1389	1.000051	0.000078	-0.128723	-0.000078	1.000051	0.083221	
1390	1.000049	0.000070	-0.140198	-0.000070	1.000049	0.069702	
1391	1.000063	0.000012	-0.109863	-0.000012	1.000063	-0.023224	
1392	1.000047	0.000085	-0.101257	-0.000085	1.000047	0.082581	
1393	1.000033	0.000072	-0.044128	-0.000072	1.000033	0.082733	
1394	1.000026	0.000099	-0.048645	-0.000099	1.000026	0.184021	
1395	1.000073	0.000076	-0.158813	-0.000076	1.000073	0.079468	
1396	1.000040	0.000065	-0.117737	-0.000065	1.000040	0.080322	
1397	1.000064	0.000123	-0.123108	-0.000123	1.000064	0.193390	
1398	1.000059	0.000070	-0.070190	-0.000070	1.000059	0.098816	
1399	1.000087	0.000089	-0.084473	-0.000089	1.000087	0.088867	
1400	1.000042	0.000050	-0.106812	-0.000050	1.000042	0.061462	
1401	1.000014	0.000052	-0.017517	-0.000052	1.000014	-0.006775	
1402	0.999990	0.000036	-0.012939	-0.000036	0.999990	0.101349	
1403	1.000027	0.000071	-0.063232	-0.000071	1.000027	0.097382	
1404	1.000047	0.000201	-0.112610	-0.000201	1.000047	0.286926	
1405	1.000085	0.000136	-0.118835	-0.000136	1.000085	0.215240	
1406	1.000046	0.000119	-0.116882	-0.000119	1.000046	0.182465	
1407	1.000048	0.000121	-0.108704	-0.000121	1.000048	0.161499	
1408	1.000050	0.000084	-0.117432	-0.000084	1.000050	0.116364	
1409	1.000069	0.000088	-0.128052	-0.000088	1.000069	0.139984	
1410	1.000070	0.000064	-0.111389	-0.000064	1.000070	0.092712	
1411	1.000126	0.000207	-0.189209	-0.000207	1.000126	0.204132	
1412	1.000069	0.000093	-0.110535	-0.000093	1.000069	0.104187	
1413	1.000072	0.000052	-0.126404	-0.000052	1.000072	0.087311	
1414	1.000163	0.000094	-0.148376	-0.000094	1.000163	0.144196	
1415	1.000185	0.000139	-0.310852	-0.000139	1.000185	0.161957	
1416	1.000178	0.000183	-0.283386	-0.000183	1.000178	0.233459	
1417	1.000055	0.000028	-0.103882	-0.000028	1.000055	0.018036	
1418	1.000054	0.000071	-0.155762	-0.000071	1.000054	0.087372	
1419	1.000065	0.000065	-0.151672	-0.000065	1.000065	0.018433	
1420	1.000135	0.000163	-0.237122	-0.000163	1.000135	0.173584	
1421	1.000070	0.000075	-0.105896	-0.000075	1.000070	0.069275	
1422	1.000080	0.000109	-0.153687	-0.000109	1.000080	0.133179	
1423	1.000056	0.000056	-0.125916	-0.000056	1.000056	0.037567	
1424	1.000079	0.000141	-0.154541	-0.000141	1.000079	0.199799	
1425	1.000099	0.000217	-0.215698	-0.000217	1.000099	0.302795	
1426	1.000043	0.000066	-0.132385	-0.000066	1.000043	0.000824	
1427	1.000084	0.000201	-0.172363	-0.000201	1.000084	0.330811	
1428	1.000103	0.000090	-0.238708	-0.000090	1.000103	0.103760	
1429	1.000119	0.000174	-0.225220	-0.000174	1.000119	0.231110	
1430	1.000102	0.000124	-0.203247	-0.000124	1.000102	0.184875	
1431	1.000057	0.000088	-0.083740	-0.000088	1.000057	0.096161	
1432	1.000103	0.000200	-0.180786	-0.000200	1.000103	0.262634	
1433	1.000119	0.000087	-0.194763	-0.000087	1.000119	0.133484	
1434	1.000040	0.000062	-0.057007	-0.000062	1.000040	0.133362	
1435	1.000019	0.000136	-0.090088	-0.000136	1.000019	0.239594	
1436	1.000030	0.000141	-0.050171	-0.000141	1.000030	0.167511	
1437	1.000012	0.000094	-0.032043	-0.000094	1.000012	0.156799	
1438	1.000011	0.000143	-0.059265	-0.000143	1.000011	0.226837	
1439	1.000089	0.000183	-0.160156	-0.000183	1.000089	0.106171	
1440	1.000025	0.000029	-0.038330	-0.000029	1.000025	-0.217377	
1441	1.000018	0.000012	-0.053955	-0.000012	1.000018	-0.050842	
1442	1.000058	0.000050	-0.117615	-0.000050	1.000058	-0.076752	
1443	1.000081	0.000044	-0.141602	-0.000044	1.000081	-0.124329	
1444	1.000033	0.000057	-0.035156	-0.000057	1.000033	-0.203033	
1445	1.000017	0.000057	-0.050720	-0.000057	1.000017	-0.371704	
1446	1.000098	0.000056	-0.064087	-0.000056	1.000098	-0.739563	
1447	1.000068	0.000077	-0.089905	-0.000077	1.000068	-0.109985	
1448	1.000049	0.000016	-0.083679	-0.000016	1.000049	-0.131989	
1449	1.000095	0.000078	-0.071533	-0.000078	1.000095	-0.013763	
1450	1.000056	0.000026	-0.078247	-0.000026	1.000056	-0.076202	
1451	1.000099	0.000117	-0.185852	-0.000117	1.000099	0.092407	
1452	1.000115	0.000079	-0.184143	-0.000079	1.000115	-0.040314	
1453	1.000117	0.000081	-0.154602	-0.000081	1.000117	-0.003662	
1454	1.000033	0.000049	-0.105774	-0.000049	1.000033	-0.006104	
1455	1.000045	0.000035	-0.065796	-0.000035	1.000045	-0.119385	
1456	1.000147	0.000076	-0.222839	-0.000076	1.000147	0.018646	
1457	1.000128	0.000102	-0.179993	-0.000102	1.000128	0.166077	
1458	1.000035	0.000027	-0.105225	-0.000027	1.000035	-0.012238	
1459	1.000058	0.000045	-0.094971	-0.000045	1.000058	-0.011292	
1460	1.000186	0.000108	-0.286926	-0.000108	1.000186	0.088135	
1461	1.000078	0.000026	-0.093018	-0.000026	1.000078	-0.003601	
1462	1.000108	0.000114	-0.184265	-0.000114	1.000108	0.044739	
1463	1.000125	0.000062	-0.237000	-0.000062	1.000125	0.109711	
1464	1.000136	0.000096	-0.168335	-0.000096	1.000136	0.076050	
1465	1.000108	0.000169	-0.187378	-0.000169	1.000108	0.225067	
1466	1.000100	0.000112	-0.151245	-0.000112	1.000100	0.147156	
1467	1.000078	0.000049	-0.131104	-0.000049	1.000078	0.041412	
1468	1.000196	0.000110	-0.290894	-0.000110	1.000196	0.084869	
1469	1.000057	0.000051	-0.092163	-0.000051	1.000057	0.043518	
1470	1.000039	0.000049	-0.115540	-0.000049	1.000039	0.028381	
1471	1.000143	0.000219	-0.243835	-0.000219	1.000143	0.294220	
1472	1.000077	0.000097	-0.105957	-0.000097	1.000077	0.125916	
1473	1.000118	0.000071	-0.188110	-0.000071	1.000118	0.072021	
1474	1.000062	0.000028	-0.108582	-0.000028	1.000062	-0.005981	
1475	1.000061	0.000028	-0.110840	-0.000028	1.000061	0.022766	
1476	1.000057	0.000038	-0.064819	-0.000038	1.000057	0.044098	
1477	1.000079	-0.000007	-0.122681	0.000007	1.000079	-0.046204	
1478	1.000047	0.000052	-0.076721	-0.000052	1.000047	0.053864	
1479	1.000060	0.000070	-0.184570	-0.000070	1.000060	0.098694	
1480	1.000033	0.000095	-0.055786	-0.000095	1.000033	0.081085	
1481	1.000125	0.000099	-0.248169	-0.000099	1.000125	0.167358	
1482	1.000112	0.000182	-0.190369	-0.000182	1.000112	0.333466	
1483	1.000165	0.000133	-0.275024	-0.000133	1.000165	0.221436	
1484	1.000049	0.000061	-0.079468	-0.000061	1.000049	0.075317	
1485	1.000041	0.000033	-0.025818	-0.000033	1.000041	0.034912	
1486	1.000113	0.000258	-0.190918	-0.000258	1.000113	0.267151	
1487	1.000077	0.000066	-0.154724	-0.000066	1.000077	-0.012390	
1488	1.000052	0.000064	-0.115234	-0.000064	1.000052	0.120819	
1489	1.000058	0.000037	-0.110046	-0.000037	1.000058	0.032867	
1490	1.000064	0.000058	-0.110535	-0.000058	1.000064	0.019073	
1491	1.000042	0.000033	-0.039185	-0.000033	1.000042	0.020782	
1492	1.000040	0.000047	-0.039856	-0.000047	1.000040	0.065735	
1493	1.000023	0.000026	-0.024414	-0.000026	1.000023	0.011505	
1494	1.000042	0.000031	-0.081238	-0.000031	1.000042	0.030884	
1495	1.000054	0.000034	-0.096802	-0.000034	1.000054	0.069427	
1496	1.000102	0.000097	-0.173706	-0.000097	1.000102	0.122437	
1497	1.000031	0.000056	-0.056702	-0.000056	1.000031	0.040314	
1498	1.000104	0.000096	-0.183838	-0.000096	1.000104	0.113159	
1499	1.000067	0.000060	-0.073853	-0.000060	1.000067	0.081665	
