0	1.000000	0.000000	0.000000	0.000000	1.000000	0.000000	
1	1.002077	-0.001504	-7.757202	0.001504	1.002077	-3.126373	
2	1.001315	-0.000757	-7.648560	0.000757	1.001315	-1.035187	
3	1.001432	-0.000882	-6.574890	0.000882	1.001432	-0.525177	
4	1.001576	-0.001228	-10.317993	0.001228	1.001576	1.652222	
5	1.002143	-0.001812	-3.002136	0.001812	1.002143	-1.279114	
6	1.006940	0.001666	-10.174622	-0.001666	1.006940	0.671661	
7	1.001575	0.000158	-5.747864	-0.000158	1.001575	2.515747	
8	1.000927	-0.000802	-0.451050	0.000802	1.000927	-1.385193	
9	1.003646	-0.000512	-4.761963	0.000512	1.003646	-2.219574	
10	1.001730	0.000227	-3.589111	-0.000227	1.001730	0.363708	
11	1.001896	-0.000700	-2.247192	0.000700	1.001896	-2.550262	
12	1.001848	0.000452	-3.119080	-0.000452	1.001848	0.142670	
13	1.001712	-0.000202	-4.068359	0.000202	1.001712	-1.308655	
14	1.002071	-0.000613	-8.330322	0.000613	1.002071	-3.832031	
15	1.002150	0.000804	-7.445374	-0.000804	1.002150	0.259369	
16	1.001994	0.000093	-7.237549	-0.000093	1.001994	0.383575	
17	1.001503	-0.000492	-6.467773	0.000492	1.001503	-0.032562	
18	1.001634	0.000580	-7.411743	-0.000580	1.001634	2.105560	
19	1.001201	0.000366	-13.972961	-0.000366	1.001201	5.790039	
20	1.001453	-0.000792	-8.153870	0.000792	1.001453	-0.435211	
21	1.000935	0.000140	-8.313171	-0.000140	1.000935	2.399872	
22	1.002478	0.000452	-11.664368	-0.000452	1.002478	0.455109	
23	1.001813	-0.000372	-12.028381	0.000372	1.001813	1.699615	
24	0.999240	-0.001374	-22.470215	0.001374	0.999240	-0.118774	
25	1.000304	-0.000932	-13.342041	0.000932	1.000304	-1.233856	
26	1.003107	-0.002642	-26.004272	0.002642	1.003107	-5.074768	
27	1.004662	0.000066	-17.069702	-0.000066	1.004662	-2.076660	
28	1.001616	-0.001242	-11.225159	0.001242	1.001616	-2.568542	
29	1.001480	-0.000951	-22.669189	0.000951	1.001480	-0.764862	
30	1.001378	0.000099	-12.216675	-0.000099	1.001378	2.282715	
31	1.001505	-0.001088	-11.041870	0.001088	1.001505	-0.060425	
32	1.001338	0.000104	-12.238220	-0.000104	1.001338	2.356781	
33	1.005899	-0.000827	-12.654907	0.000827	1.005899	-1.108368	
34	1.003012	0.000944	-17.906921	-0.000944	1.003012	3.886658	
35	1.002105	0.000080	-6.481445	-0.000080	1.002105	-0.904144	
36	1.001588	0.001434	-7.303223	-0.001434	1.001588	0.497101	
37	1.001576	0.001270	-5.899780	-0.001270	1.001576	0.708130	
38	1.002762	-0.000303	-6.065979	0.000303	1.002762	-3.844788	
39	1.004583	0.002701	-14.730164	-0.002701	1.004583	-2.873016	
40	1.002080	0.001075	-6.775818	-0.001075	1.002080	-3.229065	
41	1.002485	0.001725	-7.339966	-0.001725	1.002485	-1.534912	
42	1.002002	0.001955	-6.941467	-0.001955	1.002002	-1.104462	
43	1.002709	0.002018	-7.988953	-0.002018	1.002709	0.120422	
44	1.005407	0.003108	-12.861816	-0.003108	1.005407	-0.914246	
45	1.002393	0.001196	-6.589539	-0.001196	1.002393	0.503937	
46	1.002608	-0.001065	-4.389038	0.001065	1.002608	-3.753174	
47	1.002528	0.001644	-8.107910	-0.001644	1.002528	1.023071	
48	1.002318	-0.001313	-5.092468	0.001313	1.002318	-1.687012	
49	1.003282	-0.001790	-8.501221	0.001790	1.003282	-4.515808	
50	1.001928	-0.001268	-5.520020	0.001268	1.001928	-0.470673	
51	1.002336	-0.001531	-5.049622	0.001531	1.002336	-4.839874	
52	1.001576	-0.000523	-4.507080	0.000523	1.001576	-3.207001	
53	1.002055	0.000658	-7.122375	-0.000658	1.002055	-2.309235	
54	1.005305	0.001390	-13.387939	-0.001390	1.005305	-6.382996	
55	1.002190	0.001135	-7.700134	-0.001135	1.002190	-0.324249	
56	1.001453	0.000731	-6.759949	-0.000731	1.001453	-0.885925	
57	1.002377	0.000548	-6.354980	-0.000548	1.002377	-1.611267	
58	1.001914	0.000906	-5.153503	-0.000906	1.001914	0.076965	
59	1.002305	0.001529	-9.298584	-0.001529	1.002305	2.578552	
60	1.002275	0.001028	-2.500366	-0.001028	1.002275	-0.750336	
61	1.002154	0.001183	-5.597839	-0.001183	1.002154	2.421265	
62	1.000854	-0.000958	0.491699	0.000958	1.000854	-1.448608	
63	1.000859	-0.000021	0.191345	0.000021	1.000859	-1.406921	
64	1.001615	0.000291	-3.629272	-0.000291	1.001615	-0.383636	
65	1.002533	-0.000604	-0.776917	0.000604	1.002533	-3.669556	
66	1.001486	-0.000170	-3.014160	0.000170	1.001486	-2.129150	
67	1.000771	-0.000443	-2.664001	0.000443	1.000771	-2.751862	
68	1.001133	0.000129	-0.706116	-0.000129	1.001133	-4.412170	
69	1.002533	0.001692	-4.446350	-0.001692	1.002533	-1.199158	
70	1.001069	-0.000262	-1.883789	0.000262	1.001069	-1.823883	
71	1.001258	0.000595	-1.491882	-0.000595	1.001258	-0.202545	
72	1.001487	0.000208	-0.991821	-0.000208	1.001487	-0.025482	
73	1.000847	-0.001224	-0.597900	0.001224	1.000847	-1.236603	
74	1.002323	-0.001443	-4.315979	0.001443	1.002323	1.652527	
75	1.001332	-0.002588	-0.212097	0.002588	1.001332	-2.852142	
76	1.000884	-0.002276	0.035950	0.002276	1.000884	-1.117371	
77	1.001556	-0.002138	-2.170593	0.002138	1.001556	-2.395721	
78	1.001485	-0.001728	-2.507568	0.001728	1.001485	-0.971069	
79	1.001867	-0.003799	-1.644043	0.003799	1.001867	-5.927338	
80	1.002351	-0.000967	-3.093872	0.000967	1.002351	-3.332123	
81	1.001472	-0.001061	-2.114380	0.001061	1.001472	-3.458344	
82	1.001281	-0.000569	-2.239929	0.000569	1.001281	-3.015808	
83	1.001634	-0.000409	-2.945251	0.000409	1.001634	-2.342285	
84	1.002112	0.001309	-4.641907	-0.001309	1.002112	-0.764984	
85	1.000674	0.000466	0.043335	-0.000466	1.000674	-0.776031	
86	1.002142	0.001220	-2.686401	-0.001220	1.002142	-0.569183	
87	1.000476	-0.000396	-0.752808	0.000396	1.000476	-0.213226	
88	1.002834	-0.000016	-1.868958	0.000016	1.002834	-2.490540	
89	1.001509	-0.000812	-0.093994	0.000812	1.001509	0.708435	
90	1.003602	0.000408	-0.897888	-0.000408	1.003602	-2.524384	
91	1.001290	-0.000061	0.653259	0.000061	1.001290	-0.423248	
92	1.002012	0.000617	-0.798706	-0.000617	1.002012	-1.112305	
93	1.000516	0.000260	2.717163	-0.000260	1.000516	-2.976257	
94	1.002390	0.000431	-0.301575	-0.000431	1.002390	-6.190887	
95	1.001459	0.000046	-0.851013	-0.000046	1.001459	-3.791443	
96	1.001198	0.000093	0.389771	-0.000093	1.001198	-3.954773	
97	1.001304	0.000625	-0.772034	-0.000625	1.001304	-1.332001	
98	1.001297	0.000013	-1.401367	-0.000013	1.001297	-1.722778	
99	1.001053	0.001445	0.159180	-0.001445	1.001053	-1.776733	
100	1.001398	0.000735	-1.896057	-0.000735	1.001398	-0.473602	
101	1.001366	-0.000291	-2.249512	0.000291	1.001366	-1.081848	
102	1.001046	-0.000482	-1.283447	0.000482	1.001046	-3.258057	
103	1.001792	0.000572	-3.763733	-0.000572	1.001792	1.046753	
104	1.001478	-0.001291	0.447266	0.001291	1.001478	-2.676941	
105	1.001603	0.000260	-2.809326	-0.000260	1.001603	0.273438	
106	1.001249	-0.000915	-1.065308	0.000915	1.001249	-1.375702	
107	1.001387	-0.001105	-0.718323	0.001105	1.001387	-2.704926	
108	1.001102	0.000150	-1.729431	-0.000150	1.001102	-0.362946	
109	1.002042	0.001468	-3.021057	-0.001468	1.002042	-0.387573	
110	1.000877	0.000716	-0.923096	-0.000716	1.000877	-0.525391	
111	1.001012	0.001007	-1.192322	-0.001007	1.001012	-0.104950	
112	1.001495	0.002194	-1.470642	-0.002194	1.001495	1.468536	
113	1.000487	0.000903	2.225952	-0.000903	1.000487	0.268158	
114	1.001146	0.003372	3.244080	-0.003372	1.001146	4.807861	
115	0.999963	-0.000130	3.467102	0.000130	0.999963	0.295563	
116	1.004426	0.002386	1.149170	-0.002386	1.004426	0.425842	
117	0.999727	-0.000035	4.676331	0.000035	0.999727	2.987854	
118	0.995453	-0.000458	11.257904	0.000458	0.995453	0.461792	
119	1.004111	0.002561	6.828064	-0.002561	1.004111	-0.002289	
120	1.000415	0.002006	23.818115	-0.002006	1.000415	0.879669	
121	1.003174	-0.000104	6.699402	0.000104	1.003174	-3.355743	
122	1.000171	-0.000625	7.858887	0.000625	1.000171	-2.848724	
123	1.000354	0.000027	5.915833	-0.000027	1.000354	-2.365662	
124	1.001470	-0.000714	6.306824	0.000714	1.001470	-4.212921	
125	0.997340	0.001660	15.997192	-0.001660	0.997340	-1.188995	
126	0.999272	0.000013	7.145264	-0.000013	0.999272	-0.722595	
127	0.998816	0.000361	8.833618	-0.000361	0.998816	-0.643799	
128	1.000274	0.000773	7.602234	-0.000773	1.000274	0.256500	
129	1.003397	-0.000490	3.919861	0.000490	1.003397	-3.094666	
130	1.001608	-0.002317	15.394653	0.002317	1.001608	-4.728577	
131	1.000283	-0.000043	6.433289	0.000043	1.000283	0.602753	
132	1.000123	-0.000596	7.342834	0.000596	1.000123	-1.920898	
133	1.000215	-0.000474	7.779907	0.000474	1.000215	-3.264099	
134	1.001871	-0.000650	5.768799	0.000650	1.001871	-3.900391	
135	0.999810	-0.001894	11.012939	0.001894	0.999810	-7.280090	
136	1.000570	-0.001060	4.513245	0.001060	1.000570	-4.512115	
137	1.003984	-0.000063	1.384766	0.000063	1.003984	-4.079895	
138	1.003466	0.000355	0.145996	-0.000355	1.003466	-2.737213	
139	1.002333	0.000067	1.154175	-0.000067	1.002333	-1.896454	
140	1.000978	0.002347	5.007874	-0.002347	1.000978	-0.291534	
141	1.002005	0.000512	2.592590	-0.000512	1.002005	-0.872925	
142	1.002569	0.001200	0.727173	-0.001200	1.002569	1.493866	
143	1.001753	0.001170	2.597107	-0.001170	1.001753	0.626953	
144	1.000736	0.001028	3.601074	-0.001028	1.000736	1.945679	
145	0.999392	0.001337	7.894775	-0.001337	0.999392	4.791626	
146	0.999206	0.000011	5.772705	-0.000011	0.999206	0.794678	
147	1.002192	0.000959	3.669373	-0.000959	1.002192	-0.502411	
148	1.002412	0.000159	2.801575	-0.000159	1.002412	-0.584808	
149	1.001292	0.000267	4.148743	-0.000267	1.001292	-1.920685	
150	1.001594	0.000967	8.666382	-0.000967	1.001594	-2.814392	
151	1.001735	-0.000304	0.277710	0.000304	1.001735	-2.929077	
152	1.000971	0.000038	1.643799	-0.000038	1.000971	-3.584564	
153	1.001577	0.000120	1.998962	-0.000120	1.001577	-2.977783	
154	1.002169	0.000433	-0.259460	-0.000433	1.002169	-1.407684	
155	1.002766	-0.000566	1.351440	0.000566	1.002766	-3.449982	
156	1.002050	0.000622	-0.946960	-0.000622	1.002050	-0.626678	
157	1.001153	-0.000107	-1.365601	0.000107	1.001153	0.216675	
158	1.000649	-0.000520	-1.107971	0.000520	1.000649	0.494598	
159	1.001311	-0.000848	-1.804443	0.000848	1.001311	-0.743958	
160	1.002356	0.000264	-8.979370	-0.000264	1.002356	3.068939	
161	1.001495	-0.000733	-3.014832	0.000733	1.001495	-2.282440	
162	1.001927	-0.000152	-5.691833	0.000152	1.001927	-0.721527	
163	1.000761	-0.000465	-4.945740	0.000465	1.000761	-0.608124	
164	1.002019	-0.000557	-6.933838	0.000557	1.002019	-1.555695	
165	1.002046	0.000043	-12.868530	-0.000043	1.002046	-1.287994	
166	1.000683	0.000261	-6.071716	-0.000261	1.000683	-0.385345	
167	1.001613	-0.000262	-7.192505	0.000262	1.001613	-1.846985	
168	1.001241	0.000291	-8.983276	-0.000291	1.001241	-0.859497	
169	1.000685	0.001157	-9.116577	-0.001157	1.000685	0.387634	
170	1.000889	0.001352	-16.190430	-0.001352	1.000889	1.074280	
171	1.001217	0.001586	-9.301636	-0.001586	1.001217	2.185852	
172	1.001795	0.000242	-8.285461	-0.000242	1.001795	-0.065460	
173	1.001908	0.000957	-7.312561	-0.000957	1.001908	0.062836	
174	1.006053	0.000725	-9.495758	-0.000725	1.006053	0.901794	
175	0.996927	-0.002830	1.569153	0.002830	0.996927	-0.563293	
176	1.000597	-0.000415	-0.254761	0.000415	1.000597	0.244812	
177	1.001696	-0.000289	-2.604797	0.000289	1.001696	-2.700775	
178	1.001258	-0.000806	-0.692749	0.000806	1.001258	-3.520874	
179	1.001263	-0.001339	0.392883	0.001339	1.001263	-5.566467	
180	1.001608	-0.002233	-1.155762	0.002233	1.001608	-9.518616	
181	1.001502	-0.001456	-0.756531	0.001456	1.001502	-6.190704	
182	1.001011	-0.000611	-0.664856	0.000611	1.001011	-2.970184	
183	1.000919	-0.001124	-0.632996	0.001124	1.000919	-2.765289	
184	1.000621	-0.001694	0.249817	0.001694	1.000621	-3.005463	
185	1.001656	-0.002378	1.010925	0.002378	1.001656	-3.274872	
186	1.001789	-0.001309	-0.433350	0.001309	1.001789	-0.063202	
187	1.000218	-0.001990	1.467651	0.001990	1.000218	-1.530121	
188	1.001494	-0.002024	-0.901733	0.002024	1.001494	0.882202	
189	1.000966	-0.002537	1.534973	0.002537	1.000966	-1.206421	
190	1.000992	-0.005812	2.796570	0.005812	1.000992	-3.289429	
191	1.000609	-0.002702	1.390442	0.002702	1.000609	-0.570374	
192	1.000867	-0.003024	1.843018	0.003024	1.000867	-3.427032	
193	1.000978	-0.002356	-0.233765	0.002356	1.000978	-2.423096	
194	1.000535	-0.000519	0.497314	0.000519	1.000535	-0.129669	
195	1.000351	-0.001408	5.453003	0.001408	1.000351	-2.238312	
196	1.000605	0.000407	0.589172	-0.000407	1.000605	1.996796	
197	0.999469	-0.000245	3.364624	0.000245	0.999469	1.669922	
198	1.000122	0.000707	3.801453	-0.000707	1.000122	1.912170	
199	0.998817	0.001574	2.386658	-0.001574	0.998817	5.518860	
200	0.999336	0.000047	9.245178	-0.000047	0.999336	6.830200	
201	0.996716	-0.000233	6.401550	0.000233	0.996716	5.628937	
202	0.996716	-0.000233	6.401550	0.000233	0.996716	5.628937	
203	0.997428	-0.001004	15.251831	0.001004	0.997428	2.321899	
204	1.005551	0.000996	3.236572	-0.000996	1.005551	1.308472	
205	0.998127	-0.001354	18.590515	0.001354	0.998127	1.807983	
206	1.000563	-0.000353	8.756470	0.000353	1.000563	-0.119781	
207	0.999534	-0.000110	7.815735	0.000110	0.999534	0.510254	
208	0.999438	0.000397	6.168030	-0.000397	0.999438	0.305389	
209	0.999168	0.000536	7.264099	-0.000536	0.999168	-0.665588	
210	0.999514	0.002909	11.634033	-0.002909	0.999514	1.300903	
211	0.999570	0.000552	5.379822	-0.000552	0.999570	0.677460	
212	1.000369	0.000385	4.865051	-0.000385	1.000369	-0.736664	
213	1.000116	0.001613	4.065857	-0.001613	1.000116	2.058563	
214	0.998685	-0.000643	6.682434	0.000643	0.998685	-0.409393	
215	0.999914	0.001494	10.575134	-0.001494	0.999914	1.974274	
216	0.999627	-0.001836	3.622559	0.001836	0.999627	0.942841	
217	1.001102	-0.002099	4.977783	0.002099	1.001102	-2.549774	
218	1.000957	-0.001660	2.780334	0.001660	1.000957	-2.567078	
219	1.001047	-0.001362	3.215698	0.001362	1.001047	-0.438110	
220	1.002306	-0.004239	4.016418	0.004239	1.002306	-5.282166	
221	1.000389	-0.000997	0.706726	0.000997	1.000389	-0.983307	
222	1.001851	-0.000816	0.255615	0.000816	1.001851	-2.265717	
223	1.000705	-0.001557	3.111084	0.001557	1.000705	-3.891632	
224	1.001722	0.000817	0.289795	-0.000817	1.001722	-0.848938	
225	1.000988	-0.000342	2.324829	0.000342	1.000988	-1.592072	
226	1.000529	0.000059	3.326111	-0.000059	1.000529	-1.425201	
227	1.000383	0.000289	2.724792	-0.000289	1.000383	1.525513	
228	1.000537	-0.000800	3.586243	0.000800	1.000537	-1.029419	
229	1.000331	-0.001173	4.386719	0.001173	1.000331	-2.391724	
230	1.001959	-0.000921	5.122009	0.000921	1.001959	0.387207	
231	1.001176	-0.000759	5.121338	0.000759	1.001176	-4.734894	
232	1.001209	-0.000001	2.496643	0.000001	1.001209	-2.370544	
233	1.000051	0.000965	5.225586	-0.000965	1.000051	-1.640472	
234	1.001594	0.000978	3.661865	-0.000978	1.001594	-3.368591	
235	1.002123	0.001249	3.921692	-0.001249	1.002123	-5.009399	
236	1.001148	0.000230	1.327759	-0.000230	1.001148	-3.112701	
237	1.001674	0.000265	0.941284	-0.000265	1.001674	-3.209106	
238	1.001131	0.000759	1.015320	-0.000759	1.001131	-0.641754	
239	1.001580	-0.000298	0.631287	0.000298	1.001580	-1.736908	
240	1.001776	-0.000482	4.515076	0.000482	1.001776	-2.674133	
241	1.000414	-0.000098	2.409973	0.000098	1.000414	-0.283447	
242	1.001137	-0.000751	2.328918	0.000751	1.001137	-1.371765	
243	1.002352	0.000225	0.067200	-0.000225	1.002352	-2.295105	
244	1.001064	-0.000804	0.623535	0.000804	1.001064	0.680054	
245	1.001977	-0.003713	7.138245	0.003713	1.001977	-5.789307	
246	1.001620	-0.001669	-1.133118	0.001669	1.001620	-2.225311	
247	1.002033	-0.001392	-0.293579	0.001392	1.002033	-2.348633	
248	1.001399	-0.001219	0.702881	0.001219	1.001399	-3.397247	
249	1.001638	0.000167	0.964478	-0.000167	1.001638	-2.930267	
250	1.002224	0.002188	1.061768	-0.002188	1.002224	-1.606628	
251	1.001346	0.001356	-0.394958	-0.001356	1.001346	-1.069611	
252	1.001449	0.002512	-0.833313	-0.002512	1.001449	1.500641	
253	1.001399	0.001743	-0.138550	-0.001743	1.001399	0.610046	
254	1.000664	0.001423	0.914185	-0.001423	1.000664	0.186005	
255	1.001678	0.003960	1.615784	-0.003960	1.001678	3.426086	
256	1.000842	0.001349	2.825684	-0.001349	1.000842	0.946747	
257	1.001262	0.001018	1.377991	-0.001018	1.001262	-0.593719	
258	1.001579	0.001347	0.753906	-0.001347	1.001579	2.099762	
259	0.999911	-0.000681	5.211304	0.000681	0.999911	-2.348724	
260	1.001908	0.000437	5.667664	-0.000437	1.001908	-5.370728	
261	1.001283	0.000170	1.371765	-0.000170	1.001283	-1.752960	
262	1.001813	-0.000621	3.225159	0.000621	1.001813	-5.430695	
263	1.002493	-0.000424	0.325439	0.000424	1.002493	-3.937408	
264	1.001819	-0.000428	-0.005554	0.000428	1.001819	-2.705627	
265	1.003435	0.000554	0.697388	-0.000554	1.003435	-4.520905	
266	1.001566	0.000147	-0.026917	-0.000147	1.001566	-1.132538	
267	1.001343	0.000042	0.057556	-0.000042	1.001343	-1.243439	
268	1.001475	0.000074	-1.283691	-0.000074	1.001475	-0.291046	
269	1.000923	0.000177	0.377991	-0.000177	1.000923	0.107422	
270	1.003484	0.000504	-5.534424	-0.000504	1.003484	1.995331	
271	1.002773	0.000058	-4.448669	-0.000058	1.002773	2.589294	
272	1.001306	0.000503	-4.658936	-0.000503	1.001306	-0.452820	
273	1.001346	0.000980	-3.493469	-0.000980	1.001346	1.210327	
274	1.002527	0.000782	-4.451050	-0.000782	1.002527	-1.471558	
275	1.003796	0.000977	-11.680298	-0.000977	1.003796	0.140228	
276	1.002716	0.000321	-8.376648	-0.000321	1.002716	-0.937408	
277	1.003968	0.000132	-12.126282	-0.000132	1.003968	-1.321472	
278	1.002684	-0.000343	-11.687256	0.000343	1.002684	-2.538971	
279	1.003248	0.000167	-10.376282	-0.000167	1.003248	-3.277588	
280	1.004359	0.002659	-20.721863	-0.002659	1.004359	-0.298126	
281	1.002507	0.001283	-10.632385	-0.001283	1.002507	-0.548248	
282	1.003005	0.000961	-9.234497	-0.000961	1.003005	-0.882874	
283	1.003287	0.002342	-10.124573	-0.002342	1.003287	0.923126	
284	1.002655	0.001031	-7.888611	-0.001031	1.002655	0.584167	
285	1.003647	0.000784	-8.138794	-0.000784	1.003647	-2.245209	
286	1.004111	0.004201	-12.437866	-0.004201	1.004111	4.358734	
287	1.002640	0.000006	-0.976379	-0.000006	1.002640	-3.909241	
288	1.003654	0.001422	-4.051147	-0.001422	1.003654	-2.563354	
289	1.002339	0.001783	-6.686768	-0.001783	1.002339	0.291809	
290	1.001206	0.000200	0.140076	-0.000200	1.001206	-4.105499	
291	1.005320	0.000822	-3.496033	-0.000822	1.005320	-7.935883	
292	1.001371	0.000249	-2.287231	-0.000249	1.001371	-3.782135	
293	1.002348	-0.000082	-0.409485	0.000082	1.002348	-5.240448	
294	1.001536	0.000407	-0.363770	-0.000407	1.001536	-2.087357	
295	1.001675	0.000106	-1.869812	-0.000106	1.001675	-1.532516	
296	1.001825	-0.000611	1.490601	0.000611	1.001825	-4.132141	
297	1.001987	-0.000111	-1.566284	0.000111	1.001987	-0.711334	
298	1.001049	-0.001075	-1.572205	0.001075	1.001049	0.709274	
299	1.002525	-0.001921	-2.117310	0.001921	1.002525	-4.330902	
300	1.002350	-0.000737	-4.305054	0.000737	1.002350	1.770935	
301	1.002452	-0.004116	-2.889832	0.004116	1.002452	-5.310257	
302	1.002900	-0.002560	-4.512146	0.002560	1.002900	-3.379532	
303	1.001889	-0.002183	-2.084961	0.002183	1.001889	-2.057922	
304	1.002844	-0.002468	-4.053101	0.002468	1.002844	-3.499985	
305	1.003379	-0.001878	-6.173828	0.001878	1.003379	-2.865952	
306	1.003226	-0.001552	-10.619019	0.001552	1.003226	-4.000626	
307	1.004549	-0.000252	-7.141113	0.000252	1.004549	-1.516251	
308	1.002996	0.000205	-6.622437	-0.000205	1.002996	0.713745	
309	1.001616	0.000590	-4.533875	-0.000590	1.001616	1.975906	
310	1.001889	0.001775	-4.431519	-0.001775	1.001889	3.152130	
311	1.002498	0.002834	-4.352722	-0.002834	1.002498	7.566559	
312	1.001053	0.001163	-2.164001	-0.001163	1.001053	3.152359	
313	1.001499	0.001318	-3.271606	-0.001318	1.001499	4.502869	
314	0.999623	0.001895	0.951172	-0.001895	0.999623	4.786072	
315	1.000918	0.001281	3.665344	-0.001281	1.000918	0.683243	
316	1.005351	0.003520	-0.707275	-0.003520	1.005351	1.664062	
317	1.000600	0.001512	3.409302	-0.001512	1.000600	-0.506470	
318	1.001987	0.000627	2.520264	-0.000627	1.001987	-2.202545	
319	1.001286	0.001098	1.236938	-0.001098	1.001286	-1.227966	
320	1.001372	0.001337	0.124146	-0.001337	1.001372	-1.465973	
321	1.002147	0.002368	3.728333	-0.002368	1.002147	-3.224792	
322	1.001596	0.000901	-0.091064	-0.000901	1.001596	0.140488	
323	1.000894	-0.000024	1.483582	0.000024	1.000894	-1.390839	
324	1.001231	0.000225	1.497375	-0.000225	1.001231	-0.736694	
325	1.001116	0.000767	0.995117	-0.000767	1.001116	2.485840	
326	1.002181	-0.001383	2.861694	0.001383	1.002181	0.339233	
327	1.001370	-0.000140	0.239380	0.000140	1.001370	3.109528	
328	1.001788	-0.001202	-0.499512	0.001202	1.001788	-1.060822	
329	1.001113	-0.000694	1.724426	0.000694	1.001113	0.438934	
330	1.001559	0.000103	-0.068604	-0.000103	1.001559	-1.378082	
331	1.002699	-0.002958	0.446106	0.002958	1.002699	-3.066605	
332	1.001668	-0.000684	-1.495789	0.000684	1.001668	-0.935028	
333	1.002125	-0.001336	-1.935364	0.001336	1.002125	-1.627747	
334	1.002299	-0.001454	-2.933533	0.001454	1.002299	-2.695190	
335	1.002702	-0.001716	-4.296936	0.001716	1.002702	-3.038025	
336	1.002821	-0.002187	-5.639709	0.002187	1.002821	0.500198	
337	1.003239	-0.001523	-5.329224	0.001523	1.003239	-0.970490	
338	1.001977	-0.000177	-4.513062	0.000177	1.001977	3.589508	
339	1.001923	-0.001043	-3.820862	0.001043	1.001923	0.966461	
340	1.001898	-0.000302	-3.305725	0.000302	1.001898	2.898178	
341	1.004853	-0.001106	-6.549744	0.001106	1.004853	5.591217	
342	1.000112	0.000755	-2.260132	-0.000755	1.000112	5.012146	
343	1.000888	-0.001651	1.920776	0.001651	1.000888	0.857544	
344	1.001126	-0.000390	0.330017	0.000390	1.001126	0.887390	
345	1.001624	-0.000505	-3.121460	0.000505	1.001624	1.523010	
346	1.002609	-0.000414	0.014526	0.000414	1.002609	-0.136887	
347	1.001718	-0.000506	-2.878296	0.000506	1.001718	1.034119	
348	1.001384	-0.000423	-2.526672	0.000423	1.001384	-1.201538	
349	1.001680	-0.000177	-1.941406	0.000177	1.001680	-1.227356	
350	1.002131	-0.000355	-2.075500	0.000355	1.002131	-2.335419	
351	1.003375	-0.001444	-4.431458	0.001444	1.003375	-0.435654	
352	1.001688	-0.000524	-2.644348	0.000524	1.001688	0.482422	
353	1.001230	-0.000069	-1.951599	0.000069	1.001230	2.434692	
354	1.001690	-0.001660	-1.310364	0.001660	1.001690	0.944031	
355	1.001698	-0.001470	-3.893738	0.001470	1.001698	0.188141	
356	1.003056	-0.002214	-3.018250	0.002214	1.003056	3.230377	
357	1.001885	-0.001730	-1.413391	0.001730	1.001885	-1.168945	
358	1.002494	-0.001628	-5.050903	0.001628	1.002494	0.215546	
359	1.001585	-0.001699	-2.879639	0.001699	1.001585	-0.360352	
360	1.001742	-0.001538	-1.682007	0.001538	1.001742	-2.244690	
361	1.003678	-0.000586	-5.861084	0.000586	1.003678	-1.332794	
362	1.001621	0.000009	-1.963318	-0.000009	1.001621	-2.103149	
363	1.002645	0.000920	-4.070923	-0.000920	1.002645	-0.396942	
364	1.001682	0.000991	-4.436157	-0.000991	1.001682	0.461426	
365	1.001356	0.001256	-1.577087	-0.001256	1.001356	0.005066	
366	1.001948	0.002853	-0.879700	-0.002853	1.001948	2.499573	
367	1.001434	0.001692	-0.586243	-0.001692	1.001434	0.767609	
368	1.003321	0.001979	-1.887512	-0.001979	1.003321	1.182648	
369	0.999064	-0.002832	1.492188	0.002832	0.999064	-0.732239	
370	1.000473	0.002398	6.343323	-0.002398	1.000473	2.069183	
371	0.999707	0.001950	9.892456	-0.001950	0.999707	-2.286835	
372	1.000084	0.000589	3.635803	-0.000589	1.000084	-1.153748	
373	1.001194	0.000607	4.661560	-0.000607	1.001194	-3.493805	
374	1.001502	0.000265	2.722961	-0.000265	1.001502	-2.175323	
375	1.001125	0.000240	0.913025	-0.000240	1.001125	-2.945190	
376	1.002205	0.001896	3.736572	-0.001896	1.002205	-7.344147	
377	1.001692	0.000991	0.863586	-0.000991	1.001692	-0.905365	
378	1.000927	0.000450	0.807434	-0.000450	1.000927	-0.149384	
379	1.000736	0.001327	1.632446	-0.001327	1.000736	-0.155304	
380	1.000899	0.001177	1.803955	-0.001177	1.000899	1.612274	
381	1.001571	-0.000213	1.985535	0.000213	1.001571	1.246704	
382	1.000916	0.000840	0.085754	-0.000840	1.000916	2.287506	
383	1.001482	0.000502	-1.682190	-0.000502	1.001482	3.277847	
384	1.000726	-0.001616	3.787476	0.001616	1.000726	-1.393463	
385	1.002679	-0.000636	-2.888672	0.000636	1.002679	-1.534882	
386	1.002324	-0.003086	-0.237427	0.003086	1.002324	-1.043152	
387	1.002319	-0.001311	-2.131409	0.001311	1.002319	-2.498047	
388	1.002042	-0.000705	-3.343567	0.000705	1.002042	-0.910004	
389	1.002041	-0.000821	-2.505188	0.000821	1.002041	-3.469391	
390	1.002196	-0.000267	-2.576233	0.000267	1.002196	-2.333099	
391	1.003193	0.000367	-3.963135	-0.000367	1.003193	-1.461624	
392	1.001124	0.000053	-0.759094	-0.000053	1.001124	-1.680664	
393	1.002062	0.000685	-1.986938	-0.000685	1.002062	-0.489471	
394	1.001566	0.000630	-1.210449	-0.000630	1.001566	1.357941	
395	1.002000	-0.000480	-0.898010	0.000480	1.002000	-2.250854	
396	1.003549	0.000678	-2.091797	-0.000678	1.003549	-0.550827	
397	1.001633	-0.000504	2.691711	0.000504	1.001633	-0.759003	
398	1.002331	-0.000312	1.498901	0.000312	1.002331	-2.545715	
399	1.002578	0.000032	-2.472595	-0.000032	1.002578	-1.923004	
400	1.001844	-0.001119	1.817139	0.001119	1.001844	-3.067139	
401	1.005977	-0.001732	-0.334961	0.001732	1.005977	-8.942154	
402	1.001607	-0.000546	-1.291382	0.000546	1.001607	-3.757523	
403	1.002000	-0.000442	-0.430359	0.000442	1.002000	-4.732758	
404	1.002282	0.000146	-1.546631	-0.000146	1.002282	-2.394272	
405	1.001794	0.000517	-2.258057	-0.000517	1.001794	-0.992188	
406	1.003097	-0.000350	0.155273	0.000350	1.003097	-2.914825	
407	1.001438	0.000666	-1.133545	-0.000666	1.001438	1.531296	
408	1.001452	-0.000395	-1.165771	0.000395	1.001452	0.578217	
409	1.001077	-0.000285	0.260071	0.000285	1.001077	0.241531	
410	1.001384	0.000346	-0.669434	-0.000346	1.001384	2.307785	
411	1.002547	-0.001572	-0.677979	0.001572	1.002547	3.447601	
412	1.001363	0.000073	0.147156	-0.000073	1.001363	0.689789	
413	1.001290	0.000324	-0.580627	-0.000324	1.001290	3.772781	
414	1.001166	-0.000359	0.043701	0.000359	1.001166	0.635040	
415	1.001583	0.000453	-1.165833	-0.000453	1.001583	0.970032	
416	1.002643	0.002395	-2.802795	-0.002395	1.002643	2.837219	
417	1.001599	0.001694	-2.204834	-0.001694	1.001599	0.868835	
418	1.001824	0.002172	-2.410889	-0.002172	1.001824	2.147827	
419	1.001767	0.001125	-2.700317	-0.001125	1.001767	0.433197	
420	1.001796	0.002735	-3.520630	-0.002735	1.001796	2.881073	
421	1.002588	0.004927	-4.278442	-0.004927	1.002588	6.373047	
422	1.001370	0.001863	-1.485413	-0.001863	1.001370	3.436829	
423	1.001671	0.001346	-2.410950	-0.001346	1.001671	2.247864	
424	1.002870	0.002892	-3.063965	-0.002892	1.002870	5.106903	
425	1.001136	0.000781	-1.521484	-0.000781	1.001136	0.974670	
426	1.001298	0.002282	2.053406	-0.002282	1.001298	3.073853	
427	1.001472	0.001190	-0.750183	-0.001190	1.001472	-0.421722	
428	1.001068	0.001441	1.681030	-0.001441	1.001068	0.604996	
429	1.002015	0.000125	0.583740	-0.000125	1.002015	-2.826965	
430	1.001633	-0.000051	-0.930115	0.000051	1.001633	-2.466782	
431	1.003258	-0.000421	-4.221924	0.000421	1.003258	-5.908722	
432	1.001998	0.000045	-2.638733	-0.000045	1.001998	-2.061371	
433	1.002007	-0.000159	-4.115540	0.000159	1.002007	-0.905396	
434	1.001388	-0.000826	-3.244629	0.000826	1.001388	-1.808014	
435	1.002135	-0.000383	-3.230591	0.000383	1.002135	-2.232361	
436	1.003076	-0.000747	-7.269836	0.000747	1.003076	0.723358	
437	1.001881	-0.001145	-4.167175	0.001145	1.001881	-0.681091	
438	1.001789	0.000006	-3.028625	-0.000006	1.001789	2.323822	
439	1.001868	-0.000846	-4.600586	0.000846	1.001868	1.493286	
440	1.001696	-0.001888	-1.018066	0.001888	1.001696	-0.155762	
441	1.003187	-0.001170	-7.968872	0.001170	1.003187	2.863190	
442	1.002053	-0.000975	-4.061340	0.000975	1.002053	-1.649445	
443	1.002154	-0.000898	-4.362915	0.000898	1.002154	-0.210632	
444	1.001621	0.000215	-4.929626	-0.000215	1.001621	-0.027222	
445	1.001922	0.000905	-4.325195	-0.000905	1.001922	0.284363	
446	1.002850	0.000690	-10.009338	-0.000690	1.002850	-0.511261	
447	1.001898	0.001114	-4.424622	-0.001114	1.001898	1.116089	
448	1.001645	0.000860	-2.357361	-0.000860	1.001645	-0.386749	
449	1.001478	0.000859	-1.872620	-0.000859	1.001478	0.864441	
450	1.002434	0.001550	-5.087769	-0.001550	1.002434	1.898071	
451	1.000993	0.000360	-1.079651	-0.000360	1.000993	1.176041	
452	1.002470	-0.000122	-2.064880	0.000122	1.002470	3.153076	
453	0.999540	0.001253	3.744385	-0.001253	0.999540	2.545654	
454	1.000705	-0.000704	1.722229	0.000704	1.000705	-2.285065	
455	1.001072	0.000498	1.396057	-0.000498	1.001072	1.922485	
456	1.001222	0.000881	2.192566	-0.000881	1.001222	0.744232	
457	1.003329	-0.000160	-0.054749	0.000160	1.003329	-3.321289	
458	1.001733	0.000660	-0.753357	-0.000660	1.001733	-1.673401	
459	1.001976	0.000602	-0.354187	-0.000602	1.001976	-2.367645	
460	1.002032	0.000216	-1.719177	-0.000216	1.002032	-2.237640	
461	1.001540	0.000716	-1.393799	-0.000716	1.001540	0.002167	
462	1.002905	0.000268	-1.775208	-0.000268	1.002905	-2.012726	
463	1.001571	-0.000242	-0.772583	0.000242	1.001571	-0.719208	
464	1.001468	-0.000319	-0.624268	0.000319	1.001468	-0.121979	
465	1.001862	0.000552	-0.477295	-0.000552	1.001862	-0.296051	
466	1.001797	-0.000555	-3.083923	0.000555	1.001797	-1.278412	
467	1.002019	-0.001421	1.854248	0.001421	1.002019	-0.946960	
468	1.001468	-0.000577	-2.241333	0.000577	1.001468	2.225037	
469	1.001652	-0.001140	-1.730408	0.001140	1.001652	-0.313965	
470	1.001996	-0.001242	-1.938416	0.001242	1.001996	-2.993958	
471	1.001678	-0.000599	-2.286926	0.000599	1.001678	0.242035	
472	1.002903	-0.002839	-6.120483	0.002839	1.002903	-3.276855	
473	1.001744	-0.000119	-2.878357	0.000119	1.001744	-1.253693	
474	1.001655	-0.000500	-1.884033	0.000500	1.001655	-0.519653	
475	1.001869	-0.000603	-1.825562	0.000603	1.001869	-1.611481	
476	1.002020	0.000153	-2.986572	-0.000153	1.002020	-0.098236	
477	1.002877	0.001141	-3.953125	-0.001141	1.002877	3.255127	
478	1.001155	0.000726	-2.118896	-0.000726	1.001155	1.710480	
479	1.002102	0.000078	-1.483337	-0.000078	1.002102	1.134216	
480	1.000180	0.004606	1.817810	-0.004606	1.000180	3.461121	
481	1.001594	0.001963	1.950317	-0.001963	1.001594	1.612091	
482	1.001421	0.001450	1.774292	-0.001450	1.001421	0.877411	
483	1.002538	0.001549	1.869873	-0.001549	1.002538	-1.457367	
484	1.001733	0.000648	0.889221	-0.000648	1.001733	-1.174194	
485	1.001667	-0.000036	-1.067322	0.000036	1.001667	-1.912994	
486	1.001944	0.000561	-0.663574	-0.000561	1.001944	-3.514435	
487	1.002999	0.001916	-0.065552	-0.001916	1.002999	-1.321411	
488	1.001617	-0.000079	0.299988	0.000079	1.001617	-1.652740	
489	1.001960	0.000825	0.683899	-0.000825	1.001960	-0.094666	
490	1.001802	0.001064	-0.431824	-0.001064	1.001802	0.822968	
491	1.001774	0.000498	0.472534	-0.000498	1.001774	1.162476	
492	1.003151	-0.000112	1.411743	0.000112	1.003151	1.395477	
493	1.002028	-0.000704	-0.277039	0.000704	1.002028	0.225616	
494	1.002721	-0.001357	1.050110	0.001357	1.002721	-0.541107	
495	1.001792	-0.000705	0.506531	0.000705	1.001792	-3.325165	
496	1.001654	0.000112	-1.633057	-0.000112	1.001654	2.164001	
497	1.003286	-0.001510	1.489929	0.001510	1.003286	-4.418884	
498	1.001937	-0.000264	-1.503479	0.000264	1.001937	-1.772949	
499	1.001891	-0.000667	-1.615540	0.000667	1.001891	-2.914886	
500	1.002136	-0.000544	-0.188293	0.000544	1.002136	-4.585541	
501	1.001987	-0.000135	-1.240173	0.000135	1.001987	-2.092651	
502	1.003974	-0.000592	-2.744751	0.000592	1.003974	-3.816528	
503	1.002022	-0.000209	0.399841	0.000209	1.002022	-2.227325	
504	1.001747	0.000951	-3.328430	-0.000951	1.001747	1.325958	
505	1.001766	-0.000626	-0.251343	0.000626	1.001766	-2.346649	
506	1.004134	0.000700	-2.806885	-0.000700	1.004134	-0.871979	
507	1.002180	-0.000512	2.066711	0.000512	1.002180	0.157257	
508	1.002552	0.000580	2.946411	-0.000580	1.002552	-2.888763	
509	1.003812	0.000672	-1.195679	-0.000672	1.003812	-2.096222	
510	1.002559	0.000684	0.340088	-0.000684	1.002559	-0.863434	
511	1.002546	0.000407	1.638916	-0.000407	1.002546	-3.967773	
512	1.004273	0.000065	0.549438	-0.000065	1.004273	-6.298157	
513	1.002765	-0.000474	0.193604	0.000474	1.002765	-5.633606	
514	1.002443	0.000159	-0.735718	-0.000159	1.002443	-3.570648	
515	1.002337	-0.000122	-1.696411	0.000122	1.002337	-2.767975	
516	1.002416	-0.000670	-0.048218	0.000670	1.002416	-3.580322	
517	1.003425	0.000062	-2.186584	-0.000062	1.003425	-1.738068	
518	1.002302	-0.000259	-1.011230	0.000259	1.002302	-1.693085	
519	1.001832	-0.000675	-1.411621	0.000675	1.001832	0.961670	
520	1.001955	0.000233	-2.073853	-0.000233	1.001955	-0.548615	
521	1.001227	-0.000146	-3.931885	0.000146	1.001227	2.231018	
522	1.004933	0.000069	-4.828979	-0.000069	1.004933	-0.109222	
523	1.002753	0.000044	-7.779785	-0.000044	1.002753	1.519623	
524	1.002233	-0.000118	-2.911621	0.000118	1.002233	-2.161041	
525	1.001714	0.000748	-3.268799	-0.000748	1.001714	0.743927	
526	1.002050	-0.000330	-5.058838	0.000330	1.002050	-1.923981	
527	1.003600	-0.000623	-11.027588	0.000623	1.003600	-6.733002	
528	1.001811	0.000029	-6.903015	-0.000029	1.001811	-1.432404	
529	1.002032	-0.000505	-5.437012	0.000505	1.002032	-2.529022	
530	1.001745	-0.000213	-5.638916	0.000213	1.001745	-1.659332	
531	1.002208	0.000214	-5.945312	-0.000214	1.002208	-0.449982	
532	1.003435	0.000530	-8.431519	-0.000530	1.003435	0.100220	
533	1.001478	0.000354	-2.965637	-0.000354	1.001478	-0.809006	
534	1.002478	0.000577	-4.847778	-0.000577	1.002478	1.525879	
535	1.002092	0.000345	-1.856689	-0.000345	1.002092	-0.597931	
536	1.002232	0.001066	-0.763428	-0.001066	1.002232	0.130280	
537	1.003785	0.000874	-6.536072	-0.000874	1.003785	-4.492157	
538	1.002496	0.000397	-0.607178	-0.000397	1.002496	-4.215195	
539	1.002059	0.000007	-0.701294	-0.000007	1.002059	-2.481659	
540	1.002266	0.000006	-2.905945	-0.000006	1.002266	-3.155960	
541	1.002255	0.000427	-2.652649	-0.000427	1.002255	-3.662292	
542	1.004105	0.001625	-4.494690	-0.001625	1.004105	-4.396591	
543	1.002165	0.000651	-2.853088	-0.000651	1.002165	-1.295227	
544	1.002092	0.000998	-1.837158	-0.000998	1.002092	-0.980881	
545	1.002213	0.001656	-1.878845	-0.001656	1.002213	0.929047	
546	1.001837	0.000388	-2.042542	-0.000388	1.001837	1.632416	
547	1.003641	0.001861	-3.927002	-0.001861	1.003641	2.743927	
548	1.001342	0.000062	-2.371765	-0.000062	1.001342	1.101654	
549	1.002251	0.000040	1.664062	-0.000040	1.002251	0.395660	
550	1.002547	0.000863	-3.059387	-0.000863	1.002547	-1.544403	
551	1.001256	0.000288	-0.451050	-0.000288	1.001256	3.282501	
552	1.003989	-0.001080	-6.379883	0.001080	1.003989	-4.998047	
553	1.002164	0.000294	-1.387268	-0.000294	1.002164	-2.180847	
554	1.002464	0.000238	-2.793335	-0.000238	1.002464	-2.791580	
555	1.002204	0.000102	-3.943848	-0.000102	1.002204	-2.038055	
556	1.001948	0.001154	-4.412476	-0.001154	1.001948	0.271744	
557	1.003412	0.001132	-3.552856	-0.001132	1.003412	-1.253769	
558	1.001879	0.000735	-2.674316	-0.000735	1.001879	3.019073	
559	1.001841	0.000329	-2.510620	-0.000329	1.001841	1.046265	
560	1.001680	0.000585	-1.250671	-0.000585	1.001680	2.320526	
561	1.000935	0.000688	-1.948242	-0.000688	1.000935	3.392944	
562	0.999936	0.000125	5.502136	-0.000125	0.999936	4.764709	
563	1.000448	0.001696	5.843262	-0.001696	1.000448	4.524902	
564	1.001998	0.000466	2.101440	-0.000466	1.001998	-0.518616	
565	1.001025	0.000944	1.961975	-0.000944	1.001025	2.055054	
566	1.000981	0.000551	4.647522	-0.000551	1.000981	-0.279175	
567	1.002511	-0.000290	3.546448	0.000290	1.002511	-3.539398	
568	1.000928	0.000399	1.182861	-0.000399	1.000928	-0.998260	
569	1.001944	0.000620	1.183716	-0.000620	1.001944	-3.376404	
570	1.001801	0.000348	0.308411	-0.000348	1.001801	-0.391556	
571	1.002047	-0.000742	0.227722	0.000742	1.002047	-2.006165	
572	1.003173	-0.001548	-0.219238	0.001548	1.003173	-1.725388	
573	1.001944	-0.000999	-0.670044	0.000999	1.001944	-0.109833	
574	1.000742	-0.002097	2.909424	0.002097	1.000742	0.492462	
575	1.001794	-0.001098	-0.829285	0.001098	1.001794	0.245239	
576	1.000105	-0.002227	-0.459900	0.002227	1.000105	1.285706	
577	1.001567	-0.004228	3.245056	0.004228	1.001567	-0.727966	
578	1.002177	-0.001424	-3.572693	0.001424	1.002177	1.494171	
579	1.002393	-0.001884	-1.956238	0.001884	1.002393	-3.164490	
580	1.002215	-0.001497	-2.901550	0.001497	1.002215	-1.865021	
581	1.002607	-0.001307	-6.353027	0.001307	1.002607	-2.127167	
582	1.004324	-0.002622	-6.452393	0.002622	1.004324	-7.294220	
583	1.002330	-0.000634	-4.363098	0.000634	1.002330	-1.998260	
584	1.001639	-0.000959	-2.722046	0.000959	1.001639	-0.867828	
585	1.002276	-0.000768	-2.658325	0.000768	1.002276	-2.809326	
586	1.002070	-0.000106	-2.262939	0.000106	1.002070	1.677429	
587	1.002422	-0.000811	-2.958984	0.000811	1.002422	2.524292	
588	1.000417	0.000313	1.560120	-0.000313	1.000417	2.602539	
589	1.002484	0.000429	-2.385437	-0.000429	1.002484	2.334900	
590	1.002113	0.001020	2.379517	-0.001020	1.002113	1.238464	
591	1.002563	0.001260	-2.458130	-0.001260	1.002563	1.432526	
592	1.002952	0.002131	-2.925903	-0.002131	1.002952	1.945038	
593	1.001265	0.000108	0.018860	-0.000108	1.001265	0.816986	
594	1.001705	0.000091	-2.326843	-0.000091	1.001705	0.300842	
595	1.001306	0.000321	-0.603333	-0.000321	1.001306	0.691162	
596	1.001620	0.000719	-0.941650	-0.000719	1.001620	0.009888	
597	1.002516	0.001278	-2.387695	-0.001278	1.002516	4.220276	
598	1.001484	0.000300	0.855530	-0.000300	1.001484	1.525543	
599	1.000694	0.000622	0.706665	-0.000622	1.000694	3.841248	
600	1.000568	0.000658	1.641968	-0.000658	1.000568	3.897461	
601	1.000329	0.000057	2.219727	-0.000057	1.000329	2.754211	
602	1.001467	0.001374	1.170044	-0.001374	1.001467	9.347321	
603	1.001371	0.000029	2.872314	-0.000029	1.001371	0.843231	
604	1.001565	0.001050	-1.143616	-0.001050	1.001565	2.222229	
605	1.000626	0.000531	-0.498413	-0.000531	1.000626	4.493042	
606	1.002265	-0.000452	0.502747	0.000452	1.002265	-2.488525	
607	1.002618	0.001661	-3.066284	-0.001661	1.002618	2.169037	
608	1.001752	0.000807	-0.503967	-0.000807	1.001752	-1.734161	
609	1.002027	0.000820	-1.371643	-0.000820	1.002027	-1.466675	
610	1.001333	0.001459	-0.878845	-0.001459	1.001333	0.060059	
611	1.001333	0.001247	-0.389771	-0.001247	1.001333	-1.066895	
612	1.002145	0.002082	2.196045	-0.002082	1.002145	0.907440	
613	1.001579	0.000865	0.638062	-0.000865	1.001579	0.212036	
614	1.001332	0.001007	0.339417	-0.001007	1.001332	0.336121	
615	1.001406	0.000061	2.809448	-0.000061	1.001406	0.031738	
616	1.002857	0.000336	-1.012634	-0.000336	1.002857	-0.428162	
617	1.002091	0.001789	8.530884	-0.001789	1.002091	0.461853	
618	1.001343	0.000909	0.648804	-0.000909	1.001343	1.915619	
619	1.001644	0.000848	2.301636	-0.000848	1.001644	-0.234283	
620	1.003410	0.000666	-0.273804	-0.000666	1.003410	-0.937653	
621	1.000604	-0.000154	0.669434	0.000154	1.000604	0.093994	
622	1.001434	0.001009	0.719543	-0.001009	1.001434	-0.993927	
623	1.001862	0.001443	3.497009	-0.001443	1.001862	0.121582	
624	1.001233	0.000369	0.261719	-0.000369	1.001233	0.675049	
625	1.001386	0.000146	1.232788	-0.000146	1.001386	-0.766846	
626	1.001397	-0.000296	0.877197	0.000296	1.001397	0.332245	
627	1.001413	0.000130	-0.258240	-0.000130	1.001413	0.640686	
628	1.002234	-0.001510	1.685120	0.001510	1.002234	0.966980	
629	1.001555	0.000402	-1.157654	-0.000402	1.001555	1.905945	
630	1.001993	-0.000718	0.390381	0.000718	1.001993	0.393341	
631	1.001462	-0.000506	1.149353	0.000506	1.001462	-0.990112	
632	1.001596	0.000267	-1.562683	-0.000267	1.001596	-0.655365	
633	1.003024	-0.000452	-1.286743	0.000452	1.003024	-4.636810	
634	1.003553	-0.000592	-3.514954	0.000592	1.003553	-2.478180	
635	1.003730	0.000555	-7.611633	-0.000555	1.003730	-3.389282	
636	1.001728	-0.000440	-1.378662	0.000440	1.001728	-4.649506	
637	1.002421	0.000009	-2.027405	-0.000009	1.002421	-4.436554	
638	1.003932	-0.001613	-7.619751	0.001613	1.003932	-6.793121	
639	1.001714	-0.000218	-0.997009	0.000218	1.001714	-1.602112	
640	1.001699	-0.000126	-1.267334	0.000126	1.001699	-1.057434	
641	1.001963	0.000493	-2.405457	-0.000493	1.001963	0.262512	
642	1.001427	-0.000368	-0.908081	0.000368	1.001427	0.447296	
643	1.001790	0.000834	0.000488	-0.000834	1.001790	2.647095	
644	1.001212	0.000010	4.091675	-0.000010	1.001212	0.638275	
645	1.002175	0.000554	1.108765	-0.000554	1.002175	-1.193085	
646	1.001865	-0.000344	0.351990	0.000344	1.001865	0.024231	
647	1.001490	0.000572	2.468811	-0.000572	1.001490	0.018036	
648	1.002738	-0.001658	2.770508	0.001658	1.002738	-4.752472	
649	1.001187	-0.000492	2.119202	0.000492	1.001187	-2.019470	
650	1.001455	-0.000702	3.840271	0.000702	1.001455	-3.059692	
651	1.000768	-0.001118	3.025635	0.001118	1.000768	-1.785553	
652	1.001134	-0.001235	2.682800	0.001235	1.001134	-1.692108	
653	1.003639	-0.004711	7.035645	0.004711	1.003639	-6.214844	
