0	1.000000	0.000000	0.000000	0.000000	1.000000	0.000000	
1	1.000018	0.000001	-0.044861	-0.000001	1.000018	-0.097351	
2	1.000009	-0.000000	0.001343	0.000000	1.000009	0.024231	
3	1.000005	0.000026	-0.009155	-0.000026	1.000005	-0.025116	
4	1.000018	0.000034	-0.115417	-0.000034	1.000018	0.025085	
5	0.999989	0.000031	-0.064148	-0.000031	0.999989	-0.000519	
6	0.999992	0.000007	0.025330	-0.000007	0.999992	-0.091980	
7	0.999995	0.000025	-0.061340	-0.000025	0.999995	0.045471	
8	1.000003	0.000018	-0.005310	-0.000018	1.000003	0.010895	
9	1.000018	-0.000001	-0.023376	0.000001	1.000018	0.053711	
10	1.000008	-0.000016	-0.058411	0.000016	1.000008	-0.011414	
11	1.000013	0.000041	-0.064392	-0.000041	1.000013	0.079895	
12	1.000015	0.000014	-0.023499	-0.000014	1.000015	0.003113	
13	1.000023	0.000009	-0.076050	-0.000009	1.000023	-0.034912	
14	1.000041	-0.000041	-0.087219	0.000041	1.000041	-0.080566	
15	1.000023	-0.000010	-0.072205	0.000010	1.000023	-0.012634	
16	1.000043	-0.000023	-0.074463	0.000023	1.000043	-0.041626	
17	1.000036	-0.000021	-0.050720	0.000021	1.000036	-0.047272	
18	1.000033	-0.000023	-0.024841	0.000023	1.000033	-0.090515	
19	1.000022	-0.000001	-0.048401	0.000001	1.000022	-0.023743	
20	1.000059	-0.000037	-0.066772	0.000037	1.000059	-0.112000	
21	1.000034	-0.000020	-0.041992	0.000020	1.000034	-0.023315	
22	1.000038	0.000009	-0.117859	-0.000009	1.000038	-0.046692	
23	1.000005	0.000013	-0.034363	-0.000013	1.000005	0.002899	
24	1.000014	0.000020	-0.061401	-0.000020	1.000014	0.044006	
25	1.000001	0.000009	-0.036133	-0.000009	1.000001	0.075684	
26	1.000009	0.000030	-0.052917	-0.000030	1.000009	0.013916	
27	1.000008	0.000027	-0.026978	-0.000027	1.000008	0.062714	
28	0.999995	0.000081	-0.063477	-0.000081	0.999995	0.160583	
29	1.000006	0.000052	-0.067810	-0.000052	1.000006	0.120697	
30	0.999981	0.000012	0.000610	-0.000012	0.999981	0.034332	
31	1.000000	0.000013	-0.048706	-0.000013	1.000000	0.003693	
32	0.999988	0.000022	-0.024353	-0.000022	0.999988	0.048798	
33	0.999984	0.000030	-0.033020	-0.000030	0.999984	0.033875	
34	0.999986	0.000002	-0.015869	-0.000002	0.999986	0.011627	
35	1.000006	0.000010	-0.032776	-0.000010	1.000006	0.040161	
36	0.999969	-0.000016	0.053833	0.000016	0.999969	0.009613	
37	0.999969	-0.000010	0.056824	0.000010	0.999969	0.044159	
38	0.999981	0.000007	-0.022949	-0.000007	0.999981	0.043610	
39	0.999977	0.000008	-0.010376	-0.000008	0.999977	0.019318	
40	0.999994	0.000016	-0.005127	-0.000016	0.999994	0.032623	
41	0.999972	0.000016	-0.010681	-0.000016	0.999972	0.002716	
42	0.999994	0.000039	-0.022888	-0.000039	0.999994	0.073242	
43	0.999977	0.000023	-0.042053	-0.000023	0.999977	0.041962	
44	0.999960	0.000032	-0.006348	-0.000032	0.999960	0.107849	
45	0.999972	0.000008	0.026123	-0.000008	0.999972	0.015808	
46	0.999988	0.000039	-0.031738	-0.000039	0.999988	0.027344	
47	0.999986	0.000085	-0.058105	-0.000085	0.999986	0.131958	
48	0.999963	0.000021	0.014832	-0.000021	0.999963	0.072601	
49	0.999969	0.000028	-0.009399	-0.000028	0.999969	0.024292	
50	0.999974	0.000010	-0.001770	-0.000010	0.999974	-0.016449	
51	0.999962	0.000008	0.010498	-0.000008	0.999962	0.027649	
52	0.999976	-0.000001	0.003479	0.000001	0.999976	-0.074982	
53	1.000041	-0.000036	-0.088562	0.000036	1.000041	-0.159058	
54	0.999997	-0.000016	-0.012817	0.000016	0.999997	-0.035736	
55	1.000000	-0.000005	-0.031799	0.000005	1.000000	-0.034454	
56	0.999999	0.000009	-0.038025	-0.000009	0.999999	-0.020355	
57	1.000041	-0.000023	-0.090698	0.000023	1.000041	-0.019684	
58	0.999993	0.000013	-0.005676	-0.000013	0.999993	0.018982	
59	1.000032	0.000006	-0.060791	-0.000006	1.000032	0.029724	
60	1.000006	0.000015	-0.086182	-0.000015	1.000006	-0.034515	
61	0.999971	0.000000	-0.003479	-0.000000	0.999971	0.020264	
62	0.999999	0.000006	-0.060242	-0.000006	0.999999	0.015381	
63	1.000037	0.000000	-0.062683	-0.000000	1.000037	-0.038300	
64	0.999996	-0.000001	-0.056213	0.000001	0.999996	0.007996	
65	0.999959	-0.000001	0.021057	0.000001	0.999959	0.000702	
66	0.999974	-0.000008	-0.030579	0.000008	0.999974	0.011475	
67	0.999981	-0.000013	0.016296	0.000013	0.999981	-0.005615	
68	1.000009	-0.000007	-0.054260	0.000007	1.000009	-0.010773	
69	0.999984	-0.000012	-0.002319	0.000012	0.999984	-0.001007	
70	0.999998	0.000021	-0.040222	-0.000021	0.999998	0.016144	
71	0.999994	-0.000006	-0.036072	0.000006	0.999994	0.062012	
72	0.999990	-0.000007	0.046265	0.000007	0.999990	-0.030304	
73	0.999995	-0.000005	-0.088440	0.000005	0.999995	0.051544	
74	0.999991	0.000006	-0.028015	-0.000006	0.999991	0.091034	
75	1.000040	0.000006	-0.083008	-0.000006	1.000040	0.019775	
76	0.999969	0.000011	-0.037292	-0.000011	0.999969	-0.000397	
77	1.000007	-0.000013	-0.037170	0.000013	1.000007	0.079132	
78	0.999917	-0.000033	0.087952	0.000033	0.999917	0.009521	
79	0.999950	-0.000007	0.044678	0.000007	0.999950	0.013885	
80	0.999994	-0.000022	-0.021118	0.000022	0.999994	0.092194	
81	0.999988	-0.000017	-0.047913	0.000017	0.999988	0.021271	
82	0.999980	-0.000008	0.028870	0.000008	0.999980	0.059998	
83	0.999986	0.000000	-0.058655	-0.000000	0.999986	-0.002502	
84	1.000011	-0.000024	0.006775	0.000024	1.000011	-0.002441	
85	1.000010	-0.000013	-0.054749	0.000013	1.000010	-0.036407	
86	1.000005	-0.000017	-0.032593	0.000017	1.000005	0.004486	
87	0.999985	-0.000016	0.021240	0.000016	0.999985	-0.060669	
88	0.999972	-0.000014	0.001221	0.000014	0.999972	-0.019775	
89	0.999978	0.000011	-0.010071	-0.000011	0.999978	0.022034	
90	0.999981	0.000008	-0.004456	-0.000008	0.999981	0.062012	
91	0.999939	-0.000005	0.094299	0.000005	0.999939	0.038574	
92	0.999992	0.000016	-0.008911	-0.000016	0.999992	0.033447	
93	0.999987	-0.000005	-0.013916	0.000005	0.999987	0.026031	
94	0.999985	-0.000002	-0.021790	0.000002	0.999985	0.019104	
95	1.000013	0.000009	-0.085144	-0.000009	1.000013	0.001160	
96	0.999976	-0.000005	0.032410	0.000005	0.999976	0.011230	
97	0.999989	0.000005	-0.052429	-0.000005	0.999989	0.011475	
98	0.999982	-0.000029	-0.000732	0.000029	0.999982	0.025604	
99	0.999994	-0.000001	-0.017151	0.000001	0.999994	0.053986	
100	1.000020	-0.000030	-0.044250	0.000030	1.000020	0.010529	
101	0.999974	-0.000009	0.023560	0.000009	0.999974	0.087250	
102	1.000009	-0.000008	-0.027222	0.000008	1.000009	0.030304	
103	0.999995	-0.000006	-0.043579	0.000006	0.999995	-0.019440	
104	1.000018	0.000026	-0.056641	-0.000026	1.000018	0.066193	
105	1.000019	0.000010	-0.012817	-0.000010	1.000019	-0.001526	
106	0.999971	0.000013	-0.016479	-0.000013	0.999971	0.001953	
107	0.999986	-0.000004	0.033508	0.000004	0.999986	-0.169373	
108	0.999947	0.000004	0.048401	-0.000004	0.999947	-0.003113	
109	0.999977	0.000002	0.025513	-0.000002	0.999977	-0.005554	
110	0.999996	-0.000005	-0.026855	0.000005	0.999996	-0.053497	
111	0.999998	0.000015	-0.020447	-0.000015	0.999998	0.006256	
112	0.999983	-0.000008	0.036926	0.000008	0.999983	0.011719	
113	0.999975	-0.000002	0.039062	0.000002	0.999975	-0.049957	
114	0.999998	-0.000005	-0.018433	0.000005	0.999998	0.019073	
115	0.999988	0.000009	-0.014587	-0.000009	0.999988	0.036224	
116	0.999987	0.000009	-0.009460	-0.000009	0.999987	-0.038605	
117	0.999986	-0.000006	-0.046814	0.000006	0.999986	-0.029602	
118	0.999962	0.000031	0.036743	-0.000031	0.999962	0.063080	
119	0.999973	0.000011	-0.019043	-0.000011	0.999973	0.042084	
120	0.999946	-0.000001	0.068787	0.000001	0.999946	0.056824	
121	0.999963	0.000010	0.018677	-0.000010	0.999963	-0.003723	
122	0.999979	0.000011	0.026978	-0.000011	0.999979	0.007294	
123	0.999966	0.000021	0.014709	-0.000021	0.999966	0.045776	
124	0.999968	0.000015	0.034546	-0.000015	0.999968	0.060455	
125	0.999964	0.000029	0.051086	-0.000029	0.999964	0.087067	
126	0.999942	0.000019	0.082336	-0.000019	0.999942	0.138733	
127	0.999961	0.000025	-0.045410	-0.000025	0.999961	0.030701	
128	1.000001	-0.000002	0.007812	0.000002	1.000001	-0.032715	
129	0.999981	-0.000008	-0.016357	0.000008	0.999981	0.008759	
130	0.999989	0.000006	-0.019165	-0.000006	0.999989	0.037842	
131	0.999966	0.000015	0.027222	-0.000015	0.999966	0.032593	
132	1.000012	0.000033	-0.087952	-0.000033	1.000012	0.048004	
133	0.999980	0.000029	-0.016785	-0.000029	0.999980	0.041107	
134	0.999999	0.000000	-0.001831	-0.000000	0.999999	-0.006042	
135	0.999944	-0.000010	0.014160	0.000010	0.999944	-0.005432	
136	0.999998	-0.000008	0.014832	0.000008	0.999998	-0.012573	
137	0.999999	-0.000005	-0.009949	0.000005	0.999999	-0.009918	
138	0.999997	-0.000013	0.020447	0.000013	0.999997	-0.023346	
139	0.999997	0.000008	-0.036804	-0.000008	0.999997	-0.001190	
140	0.999968	0.000009	0.033386	-0.000009	0.999968	-0.004669	
141	0.999986	0.000003	-0.044434	-0.000003	0.999986	0.050751	
142	1.000019	0.000013	-0.007019	-0.000013	1.000019	-0.034943	
143	1.000018	-0.000021	-0.012756	0.000021	1.000018	-0.067108	
144	0.999994	-0.000000	-0.033203	0.000000	0.999994	-0.001434	
145	1.000014	0.000001	-0.043701	-0.000001	1.000014	-0.116730	
146	1.000019	-0.000004	-0.038025	0.000004	1.000019	-0.110565	
147	1.000009	0.000005	-0.017090	-0.000005	1.000009	-0.008698	
148	1.000028	-0.000004	-0.044861	0.000004	1.000028	-0.059143	
149	0.999992	-0.000013	0.034119	0.000013	0.999992	0.002319	
150	0.999985	0.000015	-0.053162	-0.000015	0.999985	0.002625	
151	1.000006	0.000000	-0.015747	-0.000000	1.000006	0.031647	
152	0.999996	-0.000008	-0.033325	0.000008	0.999996	0.016388	
153	0.999985	-0.000004	0.041138	0.000004	0.999985	0.117767	
154	0.999990	0.000004	-0.036316	-0.000004	0.999990	0.070801	
155	1.000023	-0.000006	-0.060303	0.000006	1.000023	0.036102	
156	1.000021	-0.000002	-0.050171	0.000002	1.000021	0.126617	
157	1.000066	0.000021	-0.088135	-0.000021	1.000066	0.143463	
158	1.000033	0.000009	-0.073853	-0.000009	1.000033	0.271667	
159	1.000016	0.000013	-0.089905	-0.000013	1.000016	0.315338	
160	1.000009	0.000003	-0.013245	-0.000003	1.000009	0.161102	
161	1.000054	0.000026	-0.157043	-0.000026	1.000054	0.158997	
162	1.000009	-0.000007	-0.010254	0.000007	1.000009	0.108490	
163	1.000011	-0.000001	-0.097290	0.000001	1.000011	0.037781	
164	1.000023	-0.000004	-0.001770	0.000004	1.000023	-0.020996	
165	1.000017	0.000031	-0.096924	-0.000031	1.000017	0.105194	
166	0.999988	0.000012	0.024841	-0.000012	0.999988	0.007385	
167	1.000005	-0.000004	-0.029419	0.000004	1.000005	0.018494	
168	0.999994	-0.000008	-0.003296	0.000008	0.999994	0.017059	
169	0.999999	-0.000003	-0.038269	0.000003	0.999999	-0.024933	
170	1.000005	0.000012	-0.059143	-0.000012	1.000005	0.073029	
171	1.000004	0.000036	-0.059875	-0.000036	1.000004	0.047852	
172	1.000026	0.000014	-0.059692	-0.000014	1.000026	0.001160	
173	1.000004	0.000020	-0.034119	-0.000020	1.000004	0.031830	
174	1.000013	0.000003	-0.045593	-0.000003	1.000013	0.049316	
175	1.000022	0.000047	-0.102966	-0.000047	1.000022	0.086365	
176	1.000013	0.000000	-0.017761	-0.000000	1.000013	0.018311	
177	1.000009	0.000002	-0.027039	-0.000002	1.000009	-0.019806	
178	1.000021	0.000042	-0.069458	-0.000042	1.000021	0.081482	
179	1.000041	0.000024	-0.086365	-0.000024	1.000041	-0.025238	
180	0.999984	-0.000011	-0.003601	0.000011	0.999984	0.062927	
181	1.000014	-0.000013	-0.016357	0.000013	1.000014	-0.088379	
182	1.000011	-0.000019	0.021912	0.000019	1.000011	-0.021667	
183	1.000016	-0.000012	0.005249	0.000012	1.000016	-0.034912	
184	0.999993	-0.000006	-0.020935	0.000006	0.999993	0.009186	
185	1.000019	0.000005	-0.072449	-0.000005	1.000019	-0.016144	
186	0.999999	0.000003	0.015564	-0.000003	0.999999	0.038025	
187	1.000003	0.000008	-0.007019	-0.000008	1.000003	-0.022736	
188	0.999986	0.000002	-0.023010	-0.000002	0.999986	0.037476	
189	1.000030	0.000006	-0.066345	-0.000006	1.000030	-0.006897	
190	1.000017	0.000029	-0.045349	-0.000029	1.000017	0.101807	
191	1.000025	0.000022	-0.038208	-0.000022	1.000025	0.028717	
192	1.000002	0.000022	-0.035889	-0.000022	1.000002	0.015076	
193	1.000010	-0.000007	-0.059875	0.000007	1.000010	-0.016052	
194	1.000032	-0.000006	-0.064636	0.000006	1.000032	-0.017059	
195	0.999987	-0.000020	0.001953	0.000020	0.999987	0.000580	
196	1.000005	-0.000015	-0.033813	0.000015	1.000005	-0.046814	
197	1.000002	0.000011	-0.048828	-0.000011	1.000002	0.001221	
198	1.000020	-0.000009	-0.019470	0.000009	1.000020	0.034149	
199	0.999989	-0.000006	-0.027344	0.000006	0.999989	-0.003815	
200	1.000021	-0.000001	-0.058716	0.000001	1.000021	0.037354	
201	1.000020	0.000023	-0.059265	-0.000023	1.000020	0.041229	
202	1.000003	0.000014	-0.019409	-0.000014	1.000003	0.010223	
203	1.000023	-0.000006	0.025696	0.000006	1.000023	0.025970	
204	0.999967	0.000052	0.012939	-0.000052	0.999967	0.080902	
205	0.999988	0.000035	-0.002441	-0.000035	0.999988	0.025299	
206	0.999973	0.000021	0.045532	-0.000021	0.999973	0.071045	
207	0.999994	0.000035	-0.033813	-0.000035	0.999994	0.020691	
208	1.000006	0.000060	-0.025879	-0.000060	1.000006	0.145355	
209	1.000001	0.000029	-0.008850	-0.000029	1.000001	0.032990	
210	0.999995	0.000023	-0.041016	-0.000023	0.999995	-0.013672	
211	1.000005	0.000027	-0.078552	-0.000027	1.000005	0.062042	
212	1.000006	0.000005	-0.012878	-0.000005	1.000006	0.009979	
213	1.000039	0.000027	-0.058533	-0.000027	1.000039	0.015320	
214	1.000010	0.000021	-0.040466	-0.000021	1.000010	0.051117	
215	1.000018	0.000027	-0.024170	-0.000027	1.000018	0.013336	
216	0.999996	0.000027	-0.031494	-0.000027	0.999996	0.004730	
217	1.000010	0.000012	-0.033508	-0.000012	1.000010	0.052582	
218	1.000041	0.000013	-0.096802	-0.000013	1.000041	-0.060760	
219	1.000000	0.000023	-0.000854	-0.000023	1.000000	0.053375	
220	1.000019	0.000018	-0.013184	-0.000018	1.000019	0.048950	
221	0.999995	0.000064	-0.008850	-0.000064	0.999995	0.108673	
222	1.000001	0.000048	-0.042847	-0.000048	1.000001	0.048584	
223	0.999988	0.000029	-0.002747	-0.000029	0.999988	0.009094	
224	0.999996	0.000033	-0.057556	-0.000033	0.999996	0.073578	
225	1.000020	0.000003	-0.000916	-0.000003	1.000020	0.015503	
226	1.000010	0.000015	-0.011841	-0.000015	1.000010	0.005981	
227	0.999994	0.000005	-0.006897	-0.000005	0.999994	0.033569	
228	0.999961	0.000026	0.003052	-0.000026	0.999961	-0.010193	
229	1.000008	0.000052	-0.045532	-0.000052	1.000008	0.083923	
230	0.999977	0.000014	0.011963	-0.000014	0.999977	0.083618	
231	1.000021	0.000015	-0.013611	-0.000015	1.000021	-0.037933	
232	1.000006	0.000006	-0.017395	-0.000006	1.000006	-0.020721	
233	1.000013	0.000035	-0.019836	-0.000035	1.000013	0.008087	
234	0.999982	0.000014	0.022339	-0.000014	0.999982	0.034393	
235	0.999991	0.000027	0.024475	-0.000027	0.999991	0.056396	
236	0.999979	0.000073	0.001465	-0.000073	0.999979	0.153839	
237	0.999968	0.000025	0.032959	-0.000025	0.999968	0.040436	
238	1.000021	0.000024	-0.016907	-0.000024	1.000021	0.002899	
239	0.999994	0.000026	-0.007202	-0.000026	0.999994	0.038239	
240	0.999980	0.000016	0.029663	-0.000016	0.999980	-0.019653	
241	0.999986	0.000007	0.022705	-0.000007	0.999986	-0.012970	
242	0.999981	0.000032	0.051208	-0.000032	0.999981	0.090363	
243	0.999978	0.000019	0.012085	-0.000019	0.999978	0.057983	
244	1.000002	-0.000006	-0.006348	0.000006	1.000002	-0.014435	
245	1.000008	0.000020	-0.024597	-0.000020	1.000008	0.040558	
246	0.999991	0.000013	-0.019531	-0.000013	0.999991	-0.021088	
247	1.000050	0.000013	-0.090027	-0.000013	1.000050	-0.038605	
248	0.999970	0.000018	0.016357	-0.000018	0.999970	0.039124	
249	1.000003	0.000013	0.004028	-0.000013	1.000003	-0.010651	
250	1.000007	0.000042	-0.056396	-0.000042	1.000007	0.080048	
251	1.000001	0.000015	0.008545	-0.000015	1.000001	0.007446	
252	1.000022	0.000039	-0.132202	-0.000039	1.000022	0.003784	
253	1.000010	0.000029	-0.046814	-0.000029	1.000010	0.033783	
254	1.000001	0.000006	-0.037415	-0.000006	1.000001	-0.035339	
255	1.000025	0.000012	-0.032593	-0.000012	1.000025	0.030823	
256	1.000025	0.000024	-0.052002	-0.000024	1.000025	-0.058197	
257	0.999973	0.000025	-0.024963	-0.000025	0.999973	0.038849	
258	1.000008	0.000015	0.018188	-0.000015	1.000008	0.065094	
259	0.999987	0.000047	-0.038635	-0.000047	0.999987	0.107361	
260	1.000011	0.000030	-0.015076	-0.000030	1.000011	0.038147	
261	1.000001	0.000032	-0.016968	-0.000032	1.000001	-0.005798	
262	1.000006	0.000026	-0.043457	-0.000026	1.000006	-0.014313	
263	0.999994	0.000009	-0.018066	-0.000009	0.999994	-0.023834	
264	1.000015	0.000003	-0.006653	-0.000003	1.000015	0.008789	
265	0.999987	0.000013	0.059387	-0.000013	0.999987	0.021301	
266	1.000010	0.000026	-0.032166	-0.000026	1.000010	-0.011688	
267	0.999963	0.000030	0.043884	-0.000030	0.999963	0.071838	
268	0.999995	-0.000018	0.040527	0.000018	0.999995	-0.060760	
269	0.999994	0.000013	0.022888	-0.000013	0.999994	0.055450	
270	1.000033	0.000019	-0.056702	-0.000019	1.000033	0.016479	
271	1.000016	0.000016	-0.013062	-0.000016	1.000016	0.074982	
272	1.000030	0.000047	-0.034790	-0.000047	1.000030	0.043671	
273	1.000025	0.000011	-0.073303	-0.000011	1.000025	0.016144	
274	1.000025	0.000038	-0.034912	-0.000038	1.000025	0.048492	
275	0.999992	0.000014	-0.035706	-0.000014	0.999992	0.034882	
276	1.000016	0.000082	-0.073730	-0.000082	1.000016	0.152222	
277	0.999991	0.000008	0.010620	-0.000008	0.999991	0.091400	
278	1.000007	0.000024	-0.059692	-0.000024	1.000007	0.083435	
279	1.000029	0.000018	-0.045227	-0.000018	1.000029	0.091217	
280	1.000012	0.000006	-0.056091	-0.000006	1.000012	0.083527	
281	1.000012	0.000016	-0.060608	-0.000016	1.000012	0.115997	
282	1.000000	0.000023	-0.041931	-0.000023	1.000000	0.090393	
283	0.999993	0.000013	-0.065918	-0.000013	0.999993	0.031250	
284	1.000001	0.000004	-0.051208	-0.000004	1.000001	0.004822	
285	1.000000	0.000001	-0.015198	-0.000001	1.000000	0.080200	
286	1.000027	0.000018	-0.024048	-0.000018	1.000027	0.034363	
287	1.000033	0.000004	-0.090820	-0.000004	1.000033	-0.007904	
288	1.000028	-0.000002	-0.033691	0.000002	1.000028	0.036194	
289	1.000027	0.000033	-0.063416	-0.000033	1.000027	0.018646	
290	1.000045	0.000038	-0.081543	-0.000038	1.000045	0.031616	
291	1.000024	0.000038	-0.099854	-0.000038	1.000024	0.143799	
292	1.000039	0.000020	-0.059326	-0.000020	1.000039	0.012299	
293	1.000015	0.000075	-0.051819	-0.000075	1.000015	0.146362	
294	1.000017	0.000019	-0.025757	-0.000019	1.000017	0.019318	
295	1.000033	0.000034	-0.109741	-0.000034	1.000033	-0.033691	
296	1.000042	0.000016	-0.082703	-0.000016	1.000042	0.008484	
297	1.000070	-0.000026	-0.085388	0.000026	1.000070	-0.100250	
298	1.000032	-0.000001	-0.067993	0.000001	1.000032	-0.007385	
299	1.000038	0.000004	-0.067627	-0.000004	1.000038	-0.027588	
300	1.000053	0.000036	-0.065308	-0.000036	1.000053	-0.075958	
301	1.000051	0.000048	-0.129639	-0.000048	1.000051	-0.012390	
302	1.000028	0.000020	-0.039917	-0.000020	1.000028	-0.098877	
303	1.000057	0.000002	-0.069702	-0.000002	1.000057	-0.077393	
304	1.000069	0.000021	-0.126953	-0.000021	1.000069	-0.020142	
305	1.000023	0.000010	-0.034607	-0.000010	1.000023	0.006256	
306	1.000047	0.000018	-0.084839	-0.000018	1.000047	-0.069611	
307	1.000020	0.000027	-0.033752	-0.000027	1.000020	0.073486	
308	1.000019	0.000047	-0.060730	-0.000047	1.000019	0.036560	
309	1.000047	0.000030	-0.083984	-0.000030	1.000047	-0.000916	
310	1.000000	0.000016	0.008667	-0.000016	1.000000	0.012238	
311	1.000049	0.000036	-0.075317	-0.000036	1.000049	0.015869	
312	1.000002	-0.000013	-0.048035	0.000013	1.000002	0.000397	
313	1.000005	0.000012	-0.027710	-0.000012	1.000005	0.033936	
314	0.999988	0.000029	-0.022827	-0.000029	0.999988	0.053009	
315	1.000024	0.000014	0.002380	-0.000014	1.000024	0.012238	
316	1.000024	0.000015	-0.052002	-0.000015	1.000024	-0.034210	
317	1.000034	-0.000000	-0.003296	0.000000	1.000034	-0.025085	
318	1.000028	0.000020	-0.030457	-0.000020	1.000028	-0.024719	
319	1.000042	0.000022	-0.110535	-0.000022	1.000042	0.008728	
320	1.000050	-0.000010	-0.013428	0.000010	1.000050	-0.020081	
321	1.000044	0.000050	-0.053650	-0.000050	1.000044	-0.107330	
322	1.000057	0.000024	-0.037537	-0.000024	1.000057	-0.177979	
323	1.000057	0.000018	-0.121521	-0.000018	1.000057	-0.027008	
324	1.000026	0.000002	-0.056152	-0.000002	1.000026	-0.061371	
325	1.000008	0.000003	0.026550	-0.000003	1.000008	0.084503	
326	1.000028	0.000011	-0.042664	-0.000011	1.000028	0.003906	
327	1.000022	-0.000040	-0.031494	0.000040	1.000022	-0.076324	
328	1.000055	-0.000012	-0.012939	0.000012	1.000055	0.010498	
329	1.000032	0.000007	-0.085571	-0.000007	1.000032	0.005310	
330	1.000042	-0.000020	-0.046631	0.000020	1.000042	-0.008331	
331	1.000036	-0.000023	-0.034607	0.000023	1.000036	-0.069000	
332	1.000026	0.000027	-0.048950	-0.000027	1.000026	0.023499	
333	1.000043	0.000041	-0.060181	-0.000041	1.000043	0.014893	
334	1.000023	0.000018	-0.055054	-0.000018	1.000023	-0.022095	
335	1.000045	0.000011	-0.062012	-0.000011	1.000045	-0.021545	
336	1.000043	0.000020	-0.066284	-0.000020	1.000043	-0.061523	
337	1.000033	0.000027	-0.054749	-0.000027	1.000033	0.021973	
338	1.000090	0.000058	-0.147339	-0.000058	1.000090	0.029694	
339	1.000005	0.000058	0.016907	-0.000058	1.000005	0.028320	
340	1.000017	0.000067	-0.042664	-0.000067	1.000017	0.069458	
341	1.000013	0.000038	-0.016113	-0.000038	1.000013	0.034210	
342	1.000021	0.000019	-0.012817	-0.000019	1.000021	-0.156464	
343	1.000046	0.000053	-0.039429	-0.000053	1.000046	-0.012329	
344	1.000045	0.000062	-0.105896	-0.000062	1.000045	-0.083038	
345	0.999998	0.000029	-0.038330	-0.000029	0.999998	-0.086853	
346	1.000069	0.000002	-0.032715	-0.000002	1.000069	-0.082458	
347	0.999992	0.000047	-0.037964	-0.000047	0.999992	-0.025208	
348	1.000010	0.000016	-0.024475	-0.000016	1.000010	-0.048615	
349	1.000011	0.000025	-0.049438	-0.000025	1.000011	-0.010071	
350	1.000012	0.000003	-0.017761	-0.000003	1.000012	-0.060333	
351	1.000007	0.000016	-0.040039	-0.000016	1.000007	-0.009735	
352	1.000003	0.000023	-0.022156	-0.000023	1.000003	0.052643	
353	0.999970	0.000044	-0.085693	-0.000044	0.999970	0.039398	
354	0.999995	0.000031	-0.032532	-0.000031	0.999995	0.000458	
355	1.000015	0.000013	-0.030518	-0.000013	1.000015	0.005310	
356	1.000008	0.000030	-0.065369	-0.000030	1.000008	0.017456	
357	1.000036	-0.000013	-0.001953	0.000013	1.000036	-0.043060	
358	0.999997	-0.000023	0.019531	0.000023	0.999997	-0.005249	
359	0.999998	-0.000012	0.011780	0.000012	0.999998	0.022919	
360	1.000034	0.000005	-0.063782	-0.000005	1.000034	0.101746	
361	1.000075	0.000003	-0.054321	-0.000003	1.000075	0.015045	
362	1.000020	-0.000006	-0.044250	0.000006	1.000020	0.065704	
363	0.999996	0.000001	0.011169	-0.000001	0.999996	0.048828	
364	0.999983	-0.000015	0.037781	0.000015	0.999983	0.045410	
365	0.999999	-0.000005	0.020142	0.000005	0.999999	-0.041077	
366	1.000017	0.000016	-0.060486	-0.000016	1.000017	-0.051636	
367	1.000067	0.000006	-0.051331	-0.000006	1.000067	-0.071960	
368	1.000022	0.000025	-0.066101	-0.000025	1.000022	-0.022491	
369	1.000005	0.000005	0.000244	-0.000005	1.000005	-0.016266	
370	1.000043	0.000018	-0.095581	-0.000018	1.000043	-0.040588	
371	1.000018	0.000011	0.060303	-0.000011	1.000018	-0.036682	
372	0.999991	0.000004	-0.011292	-0.000004	0.999991	-0.148010	
373	1.000021	-0.000008	-0.072815	0.000008	1.000021	-0.138062	
374	0.999979	0.000023	-0.006104	-0.000023	0.999979	-0.051788	
375	1.000032	-0.000062	-0.008057	0.000062	1.000032	-0.110199	
376	0.999994	-0.000005	0.033569	0.000005	0.999994	-0.124176	
377	0.999987	0.000004	-0.020813	-0.000004	0.999987	-0.010773	
378	0.999989	0.000004	0.037476	-0.000004	0.999989	0.011963	
379	0.999994	-0.000016	0.072693	0.000016	0.999994	-0.034607	
380	0.999986	0.000017	-0.002991	-0.000017	0.999986	-0.001190	
381	0.999988	0.000025	-0.033020	-0.000025	0.999988	0.021118	
382	0.999995	-0.000028	0.048218	0.000028	0.999995	-0.038361	
383	0.999967	0.000004	0.032043	-0.000004	0.999967	0.017395	
384	0.999975	0.000024	0.058655	-0.000024	0.999975	0.025024	
385	0.999957	0.000012	0.029114	-0.000012	0.999957	0.001465	
386	0.999965	0.000005	0.057556	-0.000005	0.999965	-0.012482	
387	0.999933	0.000005	0.035706	-0.000005	0.999933	0.044098	
388	0.999972	0.000019	0.070251	-0.000019	0.999972	0.027740	
389	0.999947	-0.000024	0.025085	0.000024	0.999947	0.011200	
390	0.999974	0.000018	0.029663	-0.000018	0.999974	-0.032654	
391	0.999958	0.000018	-0.001648	-0.000018	0.999958	0.064270	
392	0.999986	0.000014	0.017822	-0.000014	0.999986	0.023621	
393	0.999987	0.000027	-0.020569	-0.000027	0.999987	0.001770	
394	0.999982	0.000024	0.018799	-0.000024	0.999982	0.042938	
395	0.999976	0.000032	-0.015442	-0.000032	0.999976	0.003632	
396	0.999994	0.000030	0.023193	-0.000030	0.999994	0.079437	
397	0.999965	0.000029	0.045654	-0.000029	0.999965	0.079742	
398	0.999992	0.000032	0.029602	-0.000032	0.999992	0.037994	
399	0.999997	0.000000	-0.010254	-0.000000	0.999997	-0.043121	
400	0.999980	-0.000015	0.025452	0.000015	0.999980	0.027100	
401	1.000006	-0.000018	0.045166	0.000018	1.000006	-0.021698	
402	0.999988	-0.000031	0.066284	0.000031	0.999988	-0.041016	
403	1.000001	-0.000020	0.016113	0.000020	1.000001	-0.059937	
404	0.999980	-0.000024	-0.005249	0.000024	0.999980	-0.054291	
405	0.999972	0.000003	0.024414	-0.000003	0.999972	0.044739	
406	1.000014	-0.000018	0.044617	0.000018	1.000014	-0.044220	
407	0.999968	-0.000035	0.035767	0.000035	0.999968	-0.023102	
408	0.999966	-0.000020	0.051025	0.000020	0.999966	-0.022095	
409	0.999999	0.000001	0.008606	-0.000001	0.999999	-0.022308	
410	0.999974	0.000008	-0.050659	-0.000008	0.999974	-0.052063	
411	0.999994	-0.000019	0.023376	0.000019	0.999994	0.002228	
412	0.999988	-0.000027	-0.005127	0.000027	0.999988	-0.024902	
413	0.999985	-0.000014	0.058533	0.000014	0.999985	-0.001831	
414	0.999995	-0.000041	0.021301	0.000041	0.999995	-0.008606	
415	0.999964	0.000001	0.038208	-0.000001	0.999964	0.028961	
416	0.999988	-0.000014	-0.005249	0.000014	0.999988	-0.016479	
417	0.999978	0.000003	0.023438	-0.000003	0.999978	0.073730	
418	0.999989	-0.000009	0.022217	0.000009	0.999989	0.044495	
419	0.999986	-0.000023	0.018005	0.000023	0.999986	0.021393	
420	0.999983	-0.000017	-0.002441	0.000017	0.999983	-0.037170	
421	0.999951	-0.000010	0.029053	0.000010	0.999951	-0.030487	
422	0.999928	-0.000026	0.032043	0.000026	0.999928	-0.022766	
423	0.999957	-0.000002	0.087097	0.000002	0.999957	0.034943	
424	0.999983	-0.000001	-0.027832	0.000001	0.999983	0.031738	
425	0.999981	-0.000016	0.025085	0.000016	0.999981	-0.015045	
426	0.999985	-0.000043	-0.026611	0.000043	0.999985	-0.079285	
427	0.999986	-0.000010	-0.006958	0.000010	0.999986	-0.002380	
428	0.999981	-0.000004	0.000366	0.000004	0.999981	0.002197	
429	0.999963	-0.000011	-0.000549	0.000011	0.999963	0.035309	
430	0.999995	-0.000008	0.039551	0.000008	0.999995	0.000366	
431	0.999967	-0.000013	-0.038574	0.000013	0.999967	0.026306	
432	0.999987	0.000015	0.016541	-0.000015	0.999987	-0.002136	
433	0.999976	0.000002	0.031067	-0.000002	0.999976	0.008789	
434	0.999968	0.000010	-0.047241	-0.000010	0.999968	0.050293	
435	0.999973	0.000018	0.043213	-0.000018	0.999973	0.022430	
436	0.999934	0.000030	0.048035	-0.000030	0.999934	-0.022461	
437	0.999966	0.000025	0.047729	-0.000025	0.999966	0.050537	
438	0.999977	0.000024	-0.005798	-0.000024	0.999977	0.046722	
439	0.999980	0.000005	-0.021729	-0.000005	0.999980	-0.020691	
440	1.000007	0.000006	-0.055420	-0.000006	1.000007	0.082825	
441	0.999968	-0.000001	0.001099	0.000001	0.999968	-0.043488	
442	0.999961	-0.000010	0.012878	0.000010	0.999961	0.023010	
443	0.999965	0.000008	-0.012329	-0.000008	0.999965	0.018280	
444	0.999956	-0.000001	0.044434	0.000001	0.999956	-0.062836	
445	0.999972	-0.000004	0.084656	0.000004	0.999972	0.010223	
446	0.999945	0.000013	0.029785	-0.000013	0.999945	-0.003967	
447	1.000000	0.000001	-0.028015	-0.000001	1.000000	-0.055634	
448	0.999926	0.000058	-0.018066	-0.000058	0.999926	0.072540	
449	0.999979	0.000020	-0.007019	-0.000020	0.999979	0.044403	
450	0.999932	0.000035	-0.008728	-0.000035	0.999932	0.079956	
451	0.999887	0.000034	0.083801	-0.000034	0.999887	0.058868	
452	0.999974	0.000013	-0.034363	-0.000013	0.999974	0.010620	
453	0.999933	0.000026	0.098389	-0.000026	0.999933	0.059174	
454	0.999926	0.000003	0.017639	-0.000003	0.999926	0.033356	
455	0.999879	0.000010	0.041382	-0.000010	0.999879	0.029022	
456	0.999941	0.000001	0.062500	-0.000001	0.999941	0.047150	
457	0.999974	0.000023	0.012939	-0.000023	0.999974	0.055176	
458	0.999963	-0.000007	0.051697	0.000007	0.999963	0.057861	
459	0.999982	0.000006	0.039429	-0.000006	0.999982	0.008759	
460	1.000023	0.000018	-0.031006	-0.000018	1.000023	0.022369	
461	0.999998	-0.000023	-0.008240	0.000023	0.999998	-0.054199	
462	0.999956	0.000030	-0.005005	-0.000030	0.999956	0.027069	
463	0.999992	0.000016	-0.017517	-0.000016	0.999992	-0.029755	
464	0.999985	0.000012	0.024536	-0.000012	0.999985	0.013977	
465	1.000006	0.000018	-0.040527	-0.000018	1.000006	0.044159	
466	0.999999	0.000027	0.027832	-0.000027	0.999999	-0.053528	
467	1.000003	0.000027	-0.037048	-0.000027	1.000003	0.017853	
468	0.999990	0.000010	-0.007263	-0.000010	0.999990	0.016541	
469	0.999985	0.000025	-0.031677	-0.000025	0.999985	0.006897	
470	0.999987	-0.000014	0.015869	0.000014	0.999987	0.012146	
471	0.999993	0.000010	0.015686	-0.000010	0.999993	0.062012	
472	0.999969	0.000013	0.042236	-0.000013	0.999969	0.028839	
473	1.000004	0.000039	0.019043	-0.000039	1.000004	0.068939	
474	0.999980	0.000007	-0.011353	-0.000007	0.999980	-0.019623	
475	1.000004	0.000001	-0.025513	-0.000001	1.000004	0.026001	
476	1.000031	0.000012	-0.055847	-0.000012	1.000031	-0.013885	
477	1.000017	-0.000009	-0.015015	0.000009	1.000017	0.097229	
478	1.000014	0.000004	0.013733	-0.000004	1.000014	-0.017639	
479	0.999961	0.000021	-0.018250	-0.000021	0.999961	0.157623	
480	0.999972	0.000032	-0.048218	-0.000032	0.999972	0.040436	
481	1.000015	-0.000013	-0.024048	0.000013	1.000015	0.153748	
482	0.999982	0.000012	0.042358	-0.000012	0.999982	0.080994	
483	1.000035	-0.000004	-0.050659	0.000004	1.000035	0.059357	
484	1.000021	0.000012	-0.073181	-0.000012	1.000021	0.076508	
485	0.999993	0.000019	0.007812	-0.000019	0.999993	0.103333	
486	1.000013	0.000018	0.037292	-0.000018	1.000013	-0.089966	
487	1.000037	0.000029	-0.048035	-0.000029	1.000037	0.129669	
488	1.000016	0.000026	0.012207	-0.000026	1.000016	0.024506	
489	0.999995	0.000022	-0.009766	-0.000022	0.999995	0.035156	
490	0.999958	0.000015	0.052124	-0.000015	0.999958	0.051483	
491	1.000003	0.000048	-0.016357	-0.000048	1.000003	0.059906	
492	0.999990	0.000028	-0.003174	-0.000028	0.999990	0.021484	
493	0.999971	0.000089	0.013123	-0.000089	0.999971	0.156128	
494	0.999976	0.000024	0.025513	-0.000024	0.999976	0.026123	
495	0.999953	0.000005	0.064697	-0.000005	0.999953	-0.003540	
496	0.999967	0.000043	0.022888	-0.000043	0.999967	0.061340	
497	0.999999	0.000036	0.006348	-0.000036	0.999999	0.054413	
498	1.000006	0.000005	-0.048218	-0.000005	1.000006	0.005859	
499	1.000032	0.000013	-0.042725	-0.000013	1.000032	-0.000366	
500	1.000023	0.000008	-0.022217	-0.000008	1.000023	-0.018280	
501	1.000025	0.000030	-0.022278	-0.000030	1.000025	0.092804	
502	1.000016	0.000014	0.045654	-0.000014	1.000016	-0.033356	
503	1.000000	0.000008	0.007935	-0.000008	1.000000	0.044434	
504	1.000014	0.000025	0.005554	-0.000025	1.000014	0.033569	
505	1.000018	0.000033	0.003113	-0.000033	1.000018	0.001434	
506	1.000013	0.000012	-0.014526	-0.000012	1.000013	0.058228	
507	0.999943	0.000041	0.091370	-0.000041	0.999943	0.044586	
508	0.999952	0.000036	0.064331	-0.000036	0.999952	0.048584	
509	0.999948	0.000009	0.060120	-0.000009	0.999948	0.008820	
510	0.999976	0.000018	0.015991	-0.000018	0.999976	0.052612	
511	0.999959	0.000030	0.053528	-0.000030	0.999959	0.026733	
512	0.999903	0.000025	0.106750	-0.000025	0.999903	0.097290	
513	0.999938	0.000011	0.112732	-0.000011	0.999938	0.080231	
514	0.999971	0.000035	0.012634	-0.000035	0.999971	0.026459	
515	0.999983	0.000023	-0.003601	-0.000023	0.999983	0.029327	
516	0.999925	0.000002	0.151489	-0.000002	0.999925	-0.003967	
517	0.999945	0.000008	0.050415	-0.000008	0.999945	0.017303	
518	0.999977	0.000034	0.019531	-0.000034	0.999977	0.063721	
519	1.000000	0.000039	0.022461	-0.000039	1.000000	0.033661	
520	0.999971	0.000015	0.003662	-0.000015	0.999971	0.050232	
521	0.999984	0.000017	0.038330	-0.000017	0.999984	0.012848	
522	0.999976	0.000028	-0.021973	-0.000028	0.999976	0.035675	
523	0.999962	0.000022	0.052429	-0.000022	0.999962	-0.002136	
524	0.999980	0.000021	-0.005798	-0.000021	0.999980	0.003754	
525	0.999967	0.000043	0.039734	-0.000043	0.999967	0.041351	
526	0.999997	0.000035	-0.002686	-0.000035	0.999997	0.026703	
527	0.999981	0.000053	0.002563	-0.000053	0.999981	0.042572	
528	0.999977	0.000042	0.030518	-0.000042	0.999977	-0.063507	
529	0.999995	0.000050	-0.024048	-0.000050	0.999995	-0.083191	
530	1.000003	0.000034	-0.014160	-0.000034	1.000003	-0.019928	
531	0.999989	0.000048	-0.033691	-0.000048	0.999989	0.051819	
532	1.000000	0.000032	-0.012756	-0.000032	1.000000	0.027985	
533	1.000002	0.000002	-0.024170	-0.000002	1.000002	-0.047943	
534	0.999998	-0.000013	0.029968	0.000013	0.999998	0.014374	
535	1.000012	0.000021	-0.016602	-0.000021	1.000012	0.000275	
536	1.000002	-0.000014	0.044250	0.000014	1.000002	0.001678	
537	1.000005	-0.000006	0.053284	0.000006	1.000005	0.012604	
538	0.999999	-0.000012	0.025757	0.000012	0.999999	-0.055664	
539	0.999995	0.000014	-0.021545	-0.000014	0.999995	0.002838	
540	0.999990	0.000028	0.070740	-0.000028	0.999990	0.012085	
541	1.000003	0.000041	-0.006958	-0.000041	1.000003	0.010437	
542	0.999978	0.000015	0.046326	-0.000015	0.999978	0.050568	
543	0.999984	0.000011	0.051453	-0.000011	0.999984	-0.015259	
544	1.000000	0.000045	0.013916	-0.000045	1.000000	0.062775	
545	0.999974	0.000014	0.051453	-0.000014	0.999974	-0.022766	
546	0.999978	0.000009	0.052185	-0.000009	0.999978	0.041138	
547	0.999983	0.000006	0.049255	-0.000006	0.999983	0.042419	
548	0.999997	-0.000000	0.044373	0.000000	0.999997	-0.055542	
549	0.999980	0.000015	-0.003174	-0.000015	0.999980	0.021484	
550	1.000022	0.000016	0.004089	-0.000016	1.000022	-0.019379	
551	1.000027	0.000015	-0.000732	-0.000015	1.000027	0.018158	
552	0.999998	0.000002	0.077148	-0.000002	0.999998	0.016205	
553	0.999985	0.000014	0.036682	-0.000014	0.999985	0.060303	
554	0.999998	0.000029	0.011169	-0.000029	0.999998	0.003326	
555	0.999966	0.000021	0.022705	-0.000021	0.999966	-0.013306	
556	0.999949	0.000020	0.073608	-0.000020	0.999949	0.064392	
557	0.999940	0.000006	0.089905	-0.000006	0.999940	-0.003540	
558	0.999951	0.000034	0.060425	-0.000034	0.999951	0.049774	
559	0.999954	0.000001	0.053284	-0.000001	0.999954	-0.019287	
560	0.999942	0.000042	0.046326	-0.000042	0.999942	0.024780	
561	0.999966	0.000017	0.004333	-0.000017	0.999966	0.026367	
562	0.999956	0.000024	0.082825	-0.000024	0.999956	-0.008423	
563	0.999957	0.000012	0.000488	-0.000012	0.999957	0.052216	
564	0.999976	0.000038	0.038025	-0.000038	0.999976	0.049225	
565	0.999963	0.000014	0.027466	-0.000014	0.999963	0.014343	
566	0.999976	0.000024	-0.007507	-0.000024	0.999976	0.025787	
567	0.999989	0.000007	0.014832	-0.000007	0.999989	0.022858	
568	0.999994	-0.000011	0.040344	0.000011	0.999994	-0.014801	
569	0.999998	-0.000003	-0.041077	0.000003	0.999998	-0.018890	
570	1.000003	0.000017	0.004700	-0.000017	1.000003	0.017609	
571	0.999991	0.000033	-0.070801	-0.000033	0.999991	-0.011017	
572	1.000005	0.000060	-0.056458	-0.000060	1.000005	0.034943	
573	0.999970	0.000033	0.026123	-0.000033	0.999970	0.011017	
574	1.000010	0.000025	0.006836	-0.000025	1.000010	0.037140	
575	0.999966	-0.000026	0.034485	0.000026	0.999966	-0.090454	
576	0.999996	0.000009	-0.023132	-0.000009	0.999996	0.004913	
577	0.999987	-0.000017	-0.019775	0.000017	0.999987	-0.068665	
578	0.999989	-0.000002	0.026672	0.000002	0.999989	0.012817	
579	0.999972	-0.000010	-0.001160	0.000010	0.999972	-0.071350	
580	0.999986	0.000009	0.047668	-0.000009	0.999986	0.003448	
581	0.999978	-0.000005	0.036255	0.000005	0.999978	0.030609	
582	0.999957	-0.000015	0.052185	0.000015	0.999957	-0.022980	
583	0.999966	0.000020	0.066223	-0.000020	0.999966	0.039398	
584	0.999990	0.000008	0.030090	-0.000008	0.999990	0.050812	
585	1.000004	0.000000	-0.029785	-0.000000	1.000004	-0.012024	
586	0.999985	0.000005	0.001709	-0.000005	0.999985	0.037598	
587	0.999992	0.000009	0.003113	-0.000009	0.999992	-0.012451	
588	0.999970	-0.000006	0.011414	0.000006	0.999970	-0.026672	
589	0.999977	0.000027	0.005859	-0.000027	0.999977	-0.004303	
590	0.999946	0.000009	0.055420	-0.000009	0.999946	-0.033234	
591	0.999991	0.000023	0.028625	-0.000023	0.999991	-0.025024	
592	0.999980	-0.000007	0.055176	0.000007	0.999980	-0.004242	
593	0.999978	0.000001	0.022766	-0.000001	0.999978	0.005524	
594	0.999954	-0.000000	0.042908	0.000000	0.999954	0.016663	
595	0.999957	0.000019	0.003113	-0.000019	0.999957	0.046753	
596	0.999944	-0.000034	0.049316	0.000034	0.999944	-0.012268	
597	0.999954	-0.000013	0.094727	0.000013	0.999954	-0.063416	
598	0.999963	-0.000016	0.054443	0.000016	0.999963	-0.024902	
599	0.999953	-0.000027	0.051880	0.000027	0.999953	0.022675	
600	0.999970	-0.000015	0.059021	0.000015	0.999970	-0.022888	
601	0.999955	0.000022	0.070374	-0.000022	0.999955	0.018646	
602	0.999950	0.000008	-0.005127	-0.000008	0.999950	0.060516	
603	0.999994	0.000014	-0.008362	-0.000014	0.999994	-0.013702	
604	0.999993	-0.000010	0.046326	0.000010	0.999993	-0.025604	
605	0.999990	-0.000013	0.008118	0.000013	0.999990	-0.023865	
606	0.999989	0.000006	-0.003540	-0.000006	0.999989	-0.042908	
607	0.999995	-0.000003	0.020996	0.000003	0.999995	0.010590	
608	1.000013	-0.000015	-0.000488	0.000015	1.000013	0.000305	
609	0.999968	-0.000004	-0.016846	0.000004	0.999968	0.020630	
610	0.999998	-0.000020	0.020203	0.000020	0.999998	-0.020386	
611	0.999986	-0.000013	0.006165	0.000013	0.999986	-0.072418	
612	0.999989	0.000002	-0.039246	-0.000002	0.999989	-0.028503	
613	0.999994	0.000005	-0.006470	-0.000005	0.999994	-0.023560	
614	1.000004	-0.000001	-0.060852	0.000001	1.000004	-0.041534	
615	1.000003	-0.000016	-0.020264	0.000016	1.000003	-0.086182	
616	0.999985	0.000001	0.019775	-0.000001	0.999985	0.012146	
617	0.999983	0.000009	0.004456	-0.000009	0.999983	0.005188	
618	0.999951	0.000000	0.034973	-0.000000	0.999951	-0.033508	
619	0.999952	-0.000001	0.088989	0.000001	0.999952	-0.011139	
620	0.999952	0.000015	0.026855	-0.000015	0.999952	-0.008820	
621	0.999963	0.000019	0.035828	-0.000019	0.999963	0.000092	
622	0.999983	0.000015	-0.019714	-0.000015	0.999983	0.003540	
623	0.999975	0.000012	0.006897	-0.000012	0.999975	-0.015137	
624	0.999971	0.000017	0.033813	-0.000017	0.999971	-0.015167	
625	0.999967	0.000018	0.030701	-0.000018	0.999967	-0.014343	
626	0.999962	0.000007	0.026794	-0.000007	0.999962	-0.108551	
627	0.999953	0.000002	0.041504	-0.000002	0.999953	-0.034882	
628	0.999977	0.000025	0.046448	-0.000025	0.999977	0.042816	
629	0.999971	0.000026	-0.019653	-0.000026	0.999971	-0.025635	
630	0.999976	0.000000	-0.013306	-0.000000	0.999976	-0.018158	
631	0.999947	0.000025	0.042175	-0.000025	0.999947	0.026276	
632	0.999983	0.000021	0.016968	-0.000021	0.999983	0.039978	
633	0.999987	0.000042	-0.061035	-0.000042	0.999987	0.033997	
634	0.999983	0.000011	-0.014893	-0.000011	0.999983	0.134857	
635	0.999973	0.000025	-0.007812	-0.000025	0.999973	0.228729	
636	0.999976	0.000018	-0.021606	-0.000018	0.999976	0.277924	
637	0.999973	0.000048	-0.064026	-0.000048	0.999973	0.287811	
638	0.999966	0.000034	-0.026245	-0.000034	0.999966	0.295258	
639	0.999981	0.000037	-0.006653	-0.000037	0.999981	0.117493	
640	0.999958	0.000012	0.028992	-0.000012	0.999958	0.072388	
641	0.999967	-0.000014	0.042542	0.000014	0.999967	0.003754	
642	0.999949	0.000009	0.015381	-0.000009	0.999949	0.021027	
643	0.999985	0.000014	0.039856	-0.000014	0.999985	0.036560	
644	0.999957	0.000004	-0.020020	-0.000004	0.999957	-0.024780	
645	0.999980	0.000008	0.017395	-0.000008	0.999980	-0.008789	
646	0.999957	0.000001	0.015869	-0.000001	0.999957	0.022583	
647	0.999978	0.000004	0.022217	-0.000004	0.999978	-0.009094	
648	0.999964	-0.000004	0.027161	0.000004	0.999964	0.015564	
649	0.999991	0.000005	0.011108	-0.000005	0.999991	0.026215	
650	0.999968	0.000011	-0.021667	-0.000011	0.999968	0.058746	
651	0.999966	0.000023	0.047729	-0.000023	0.999966	-0.005890	
652	0.999963	0.000036	0.032410	-0.000036	0.999963	-0.001221	
653	0.999987	0.000037	-0.007019	-0.000037	0.999987	-0.206696	
654	0.999969	0.000027	0.062683	-0.000027	0.999969	-0.144409	
655	0.999973	0.000039	0.017761	-0.000039	0.999973	-0.143707	
656	0.999993	0.000025	0.028748	-0.000025	0.999993	-0.068665	
657	1.000005	0.000042	-0.050354	-0.000042	1.000005	-0.144379	
658	0.999995	0.000042	-0.041626	-0.000042	0.999995	-0.096985	
659	0.999970	0.000001	-0.004517	-0.000001	0.999970	-0.265961	
660	1.000012	0.000023	0.015137	-0.000023	1.000012	-0.138275	
661	1.000005	-0.000010	-0.039368	0.000010	1.000005	-0.110413	
662	0.999981	0.000034	0.016235	-0.000034	0.999981	-0.131897	
663	0.999987	0.000002	0.007751	-0.000002	0.999987	-0.087738	
664	0.999986	0.000012	-0.000549	-0.000012	0.999986	0.033386	
665	0.999989	0.000004	0.015442	-0.000004	0.999989	0.015106	
666	1.000001	0.000008	-0.033875	-0.000008	1.000001	0.071960	
667	0.999985	-0.000001	-0.004517	0.000001	0.999985	0.084717	
668	0.999985	0.000002	-0.009216	-0.000002	0.999985	0.048950	
669	0.999964	0.000010	-0.004822	-0.000010	0.999964	0.079193	
670	0.999990	0.000003	0.019958	-0.000003	0.999990	0.066986	
671	0.999960	0.000008	0.057312	-0.000008	0.999960	0.180389	
672	0.999952	-0.000003	0.066895	0.000003	0.999952	0.182129	
673	0.999989	0.000047	-0.010864	-0.000047	0.999989	0.270081	
674	0.999969	-0.000001	0.015137	0.000001	0.999969	0.289673	
675	0.999951	0.000016	0.028625	-0.000016	0.999951	0.379822	
676	0.999995	-0.000006	-0.007202	0.000006	0.999995	0.153351	
677	0.999964	0.000006	-0.025391	-0.000006	0.999964	0.181152	
678	1.000000	0.000009	-0.010132	-0.000009	1.000000	0.128723	
679	1.000003	0.000034	-0.074829	-0.000034	1.000003	0.161652	
680	1.000047	0.000051	-0.146912	-0.000051	1.000047	0.121857	
681	1.000002	0.000020	-0.026855	-0.000020	1.000002	0.097748	
682	1.000000	0.000044	-0.057678	-0.000044	1.000000	0.043091	
683	1.000031	0.000074	-0.135986	-0.000074	1.000031	0.147125	
684	1.000004	0.000043	0.000916	-0.000043	1.000004	-0.133331	
685	1.000005	0.000015	-0.014587	-0.000015	1.000005	-0.208038	
686	0.999989	0.000036	-0.029968	-0.000036	0.999989	-0.191254	
687	0.999986	0.000023	0.047791	-0.000023	0.999986	-0.222565	
688	0.999984	0.000023	0.000854	-0.000023	0.999984	-0.198120	
689	0.999981	0.000027	0.036133	-0.000027	0.999981	-0.009644	
690	0.999953	0.000007	0.080750	-0.000007	0.999953	-0.048859	
691	0.999995	0.000004	0.040466	-0.000004	0.999995	-0.125122	
692	0.999987	0.000024	-0.039673	-0.000024	0.999987	-0.146454	
693	1.000010	0.000000	-0.023499	-0.000000	1.000010	-0.113586	
694	0.999983	0.000016	-0.012512	-0.000016	0.999983	0.029114	
695	0.999978	0.000015	-0.004883	-0.000015	0.999978	-0.006775	
696	0.999966	0.000025	0.010498	-0.000025	0.999966	0.006714	
697	0.999957	0.000042	0.055603	-0.000042	0.999957	0.031616	
698	0.999948	0.000053	0.086609	-0.000053	0.999948	-0.036194	
699	0.999967	0.000017	0.013611	-0.000017	0.999967	0.016846	
700	0.999977	0.000025	-0.016113	-0.000025	0.999977	-0.039948	
701	0.999963	0.000012	0.031128	-0.000012	0.999963	-0.061218	
702	0.999994	0.000014	0.020142	-0.000014	0.999994	-0.077881	
703	0.999969	0.000011	0.070679	-0.000011	0.999969	0.002228	
704	0.999948	0.000014	0.096558	-0.000014	0.999948	0.031891	
705	0.999953	0.000024	0.020508	-0.000024	0.999953	0.064941	
706	0.999948	-0.000008	0.076965	0.000008	0.999948	0.041199	
707	0.999945	-0.000008	0.041199	0.000008	0.999945	0.004944	
708	0.999976	0.000013	0.021912	-0.000013	0.999976	-0.023163	
709	0.999972	0.000014	0.022949	-0.000014	0.999972	0.066742	
710	0.999975	0.000022	0.024231	-0.000022	0.999975	-0.037872	
711	0.999965	0.000030	0.077820	-0.000030	0.999965	0.074493	
712	0.999947	0.000047	0.068542	-0.000047	0.999947	0.067352	
713	0.999957	0.000023	0.029785	-0.000023	0.999957	0.042114	
714	0.999981	0.000026	0.058105	-0.000026	0.999981	0.037903	
715	0.999977	0.000052	0.004211	-0.000052	0.999977	0.058319	
716	0.999955	0.000060	0.033752	-0.000060	0.999955	0.098785	
717	0.999948	0.000065	0.014832	-0.000065	0.999948	0.071320	
718	0.999964	0.000043	0.069214	-0.000043	0.999964	0.100128	
719	0.999959	0.000022	0.036560	-0.000022	0.999959	0.074280	
720	0.999970	0.000035	0.041199	-0.000035	0.999970	0.096191	
721	0.999940	0.000023	0.064758	-0.000023	0.999940	0.014191	
722	0.999990	0.000033	-0.008118	-0.000033	0.999990	0.022186	
723	0.999985	-0.000000	0.019592	0.000000	0.999985	-0.002716	
724	0.999953	0.000014	0.082520	-0.000014	0.999953	0.030823	
725	0.999966	-0.000003	0.008179	0.000003	0.999966	0.005402	
726	0.999947	-0.000001	0.062683	0.000001	0.999947	0.030121	
727	0.999944	0.000005	0.033752	-0.000005	0.999944	0.001892	
728	0.999971	-0.000007	0.033875	0.000007	0.999971	-0.020569	
729	0.999988	0.000033	0.006531	-0.000033	0.999988	0.057526	
730	0.999986	0.000013	-0.018982	-0.000013	0.999986	-0.011536	
731	0.999979	0.000007	0.028931	-0.000007	0.999979	-0.015259	
732	0.999971	-0.000011	0.040649	0.000011	0.999971	0.007385	
733	0.999974	0.000006	0.014771	-0.000006	0.999974	0.018188	
734	0.999965	0.000020	0.005432	-0.000020	0.999965	0.058533	
735	0.999978	0.000002	-0.009155	-0.000002	0.999978	-0.004486	
736	1.000001	-0.000011	0.014099	0.000011	1.000001	0.032623	
737	0.999990	-0.000001	-0.009949	0.000001	0.999990	-0.027527	
738	0.999987	-0.000003	-0.008667	0.000003	0.999987	-0.009918	
739	0.999975	0.000006	0.007080	-0.000006	0.999975	-0.004456	
740	0.999982	-0.000003	0.053284	0.000003	0.999982	0.027740	
741	1.000003	0.000029	-0.005432	-0.000029	1.000003	0.059479	
742	0.999980	0.000009	0.014221	-0.000009	0.999980	0.026703	
743	0.999984	0.000017	0.059448	-0.000017	0.999984	0.011566	
744	0.999960	0.000010	0.051880	-0.000010	0.999960	0.058258	
745	0.999973	0.000002	0.053467	-0.000002	0.999973	-0.027588	
746	0.999990	-0.000004	0.021790	0.000004	0.999990	-0.032715	
747	0.999982	0.000022	0.070251	-0.000022	0.999982	0.051514	
748	1.000012	0.000042	-0.054688	-0.000042	1.000012	0.031433	
749	1.000005	0.000014	0.001038	-0.000014	1.000005	0.031708	
750	1.000014	0.000027	-0.017761	-0.000027	1.000014	0.033661	
751	0.999992	0.000012	0.068054	-0.000012	0.999992	-0.055878	
752	1.000008	0.000029	-0.093140	-0.000029	1.000008	-0.056824	
753	1.000016	0.000031	0.018433	-0.000031	1.000016	0.053894	
754	0.999987	0.000036	-0.012085	-0.000036	0.999987	0.059784	
755	0.999992	0.000012	0.047852	-0.000012	0.999992	-0.047424	
756	0.999957	0.000014	0.060181	-0.000014	0.999957	0.033539	
757	0.999987	-0.000009	-0.010132	0.000009	0.999987	-0.009857	
758	0.999987	-0.000033	0.039673	0.000033	0.999987	-0.048096	
759	0.999985	-0.000017	0.030884	0.000017	0.999985	-0.029022	
760	0.999991	-0.000011	0.025940	0.000011	0.999991	-0.035675	
761	0.999987	-0.000003	0.041748	0.000003	0.999987	0.016815	
762	0.999968	-0.000019	0.065979	0.000019	0.999968	-0.001007	
763	0.999967	0.000006	0.027100	-0.000006	0.999967	-0.036835	
764	0.999937	0.000022	0.088013	-0.000022	0.999937	0.106110	
765	0.999950	0.000032	-0.036560	-0.000032	0.999950	-0.014191	
766	0.999981	0.000054	-0.005859	-0.000054	0.999981	0.116638	
767	0.999969	0.000034	-0.050842	-0.000034	0.999969	-0.027802	
768	1.000002	0.000013	0.013367	-0.000013	1.000002	-0.063080	
769	1.000003	0.000023	-0.022217	-0.000023	1.000003	-0.025604	
770	0.999997	0.000007	-0.023071	-0.000007	0.999997	-0.057373	
771	0.999988	0.000021	-0.017212	-0.000021	0.999988	-0.155121	
772	0.999998	0.000023	0.058899	-0.000023	0.999998	-0.094604	
773	0.999969	0.000004	0.005127	-0.000004	0.999969	-0.036224	
774	0.999942	0.000038	0.081543	-0.000038	0.999942	0.017395	
775	0.999993	0.000025	-0.040283	-0.000025	0.999993	-0.033234	
776	0.999947	0.000017	0.091492	-0.000017	0.999947	0.050171	
777	0.999964	-0.000023	0.038940	0.000023	0.999964	-0.003204	
778	0.999978	-0.000010	0.053833	0.000010	0.999978	-0.073303	
779	0.999969	-0.000051	0.082092	0.000051	0.999969	-0.113159	
780	0.999942	-0.000043	0.088562	0.000043	0.999942	-0.058136	
781	0.999957	-0.000001	0.007996	0.000001	0.999957	0.025635	
782	0.999972	0.000004	0.019592	-0.000004	0.999972	0.026337	
783	0.999951	0.000053	0.040833	-0.000053	0.999951	0.142761	
784	0.999953	0.000064	0.012146	-0.000064	0.999953	0.127167	
785	0.999984	0.000030	0.033447	-0.000030	0.999984	0.106018	
786	0.999993	0.000015	-0.030396	-0.000015	0.999993	0.268951	
787	0.999983	0.000021	-0.041687	-0.000021	0.999983	0.255005	
788	0.999981	0.000015	-0.025696	-0.000015	0.999981	0.248810	
789	0.999991	0.000045	-0.023010	-0.000045	0.999991	0.185211	
790	0.999953	0.000072	-0.018127	-0.000072	0.999953	0.251923	
791	1.000001	0.000100	-0.075500	-0.000100	1.000001	0.159271	
792	0.999971	0.000015	0.029602	-0.000015	0.999971	0.094391	
793	0.999945	0.000019	0.033936	-0.000019	0.999945	0.065826	
794	0.999956	-0.000002	0.041931	0.000002	0.999956	0.015503	
795	0.999957	0.000004	0.078308	-0.000004	0.999957	0.057159	
796	0.999981	0.000005	-0.007874	-0.000005	0.999981	0.029663	
797	0.999956	0.000008	0.053284	-0.000008	0.999956	0.016693	
798	0.999965	0.000009	0.028748	-0.000009	0.999965	-0.005066	
799	0.999969	0.000033	-0.027893	-0.000033	0.999969	0.083649	
800	0.999972	0.000008	0.016357	-0.000008	0.999972	0.060638	
801	0.999964	-0.000004	0.034851	0.000004	0.999964	0.013458	
802	0.999984	0.000022	-0.014832	-0.000022	0.999984	0.051758	
803	0.999985	0.000018	-0.021729	-0.000018	0.999985	0.058807	
804	0.999996	0.000045	-0.006958	-0.000045	0.999996	0.149597	
805	0.999982	0.000081	-0.037903	-0.000081	0.999982	0.145782	
806	0.999985	0.000064	-0.086060	-0.000064	0.999985	0.153229	
807	0.999982	0.000044	0.056763	-0.000044	0.999982	0.069611	
808	1.000000	0.000053	-0.055664	-0.000053	1.000000	0.060211	
809	0.999995	0.000069	-0.029724	-0.000069	0.999995	0.132629	
810	0.999972	0.000042	0.020630	-0.000042	0.999972	0.122589	
811	0.999984	0.000034	0.009033	-0.000034	0.999984	0.030945	
812	0.999986	0.000020	0.000183	-0.000020	0.999986	0.031647	
813	0.999989	0.000035	0.004211	-0.000035	0.999989	0.021484	
814	0.999990	0.000032	-0.011719	-0.000032	0.999990	0.062653	
815	0.999956	-0.000037	0.059204	0.000037	0.999956	-0.036652	
816	0.999992	-0.000002	0.000854	0.000002	0.999992	0.009705	
817	1.000007	0.000015	-0.062012	-0.000015	1.000007	-0.008850	
818	0.999967	0.000052	0.044189	-0.000052	0.999967	0.110504	
819	0.999992	0.000043	0.032227	-0.000043	0.999992	0.079651	
820	0.999986	0.000034	-0.015930	-0.000034	0.999986	0.068085	
821	0.999993	0.000017	0.030151	-0.000017	0.999993	0.040497	
822	1.000015	-0.000003	-0.050659	0.000003	1.000015	-0.034363	
823	1.000002	-0.000018	-0.005798	0.000018	1.000002	-0.019653	
824	1.000033	0.000026	-0.039612	-0.000026	1.000033	-0.000671	
825	1.000001	0.000059	-0.016113	-0.000059	1.000001	0.137207	
826	1.000010	0.000076	-0.038452	-0.000076	1.000010	0.189728	
827	0.999992	0.000026	-0.009399	-0.000026	0.999992	0.068085	
828	0.999990	0.000022	-0.035889	-0.000022	0.999990	0.047760	
829	0.999968	0.000027	0.020569	-0.000027	0.999968	0.086639	
830	0.999990	0.000015	-0.002625	-0.000015	0.999990	0.025146	
831	0.999970	0.000012	0.101929	-0.000012	0.999970	0.027039	
832	0.999954	0.000005	0.025879	-0.000005	0.999954	0.070221	
833	0.999959	0.000005	0.062195	-0.000005	0.999959	0.056549	
834	0.999979	0.000038	0.007812	-0.000038	0.999979	0.081604	
835	0.999965	0.000003	0.039612	-0.000003	0.999965	0.010315	
836	0.999978	0.000008	0.014038	-0.000008	0.999978	0.041107	
837	0.999968	-0.000002	0.043945	0.000002	0.999968	0.027496	
838	1.000000	0.000003	0.009277	-0.000003	1.000000	0.028687	
839	0.999995	-0.000002	-0.015808	0.000002	0.999995	0.017487	
840	0.999983	-0.000013	0.072510	0.000013	0.999983	0.019592	
841	1.000001	-0.000002	0.001953	0.000002	1.000001	0.003662	
842	0.999996	0.000020	0.041443	-0.000020	0.999996	0.075104	
843	1.000001	0.000033	-0.030090	-0.000033	1.000001	0.039490	
844	0.999983	0.000084	-0.046326	-0.000084	0.999983	0.141144	
845	0.999996	0.000010	-0.028442	-0.000010	0.999996	0.041962	
846	0.999980	0.000018	0.029968	-0.000018	0.999980	0.014221	
847	0.999966	0.000000	0.005920	-0.000000	0.999966	0.042572	
848	0.999967	0.000006	0.113586	-0.000006	0.999967	0.050995	
849	0.999994	0.000013	-0.028809	-0.000013	0.999994	0.004761	
850	0.999979	-0.000011	0.035889	0.000011	0.999979	0.021271	
851	0.999989	0.000016	0.009705	-0.000016	0.999989	0.043823	
852	0.999996	0.000008	0.013184	-0.000008	0.999996	0.035339	
853	1.000010	0.000009	0.001892	-0.000009	1.000010	0.005280	
854	1.000000	-0.000001	0.001526	0.000001	1.000000	0.065918	
855	1.000004	0.000014	0.003418	-0.000014	1.000004	0.024200	
856	1.000018	0.000036	-0.056274	-0.000036	1.000018	0.011078	
857	1.000003	0.000027	-0.021423	-0.000027	1.000003	0.038513	
858	1.000029	-0.000005	-0.004150	0.000005	1.000029	-0.018585	
859	1.000007	0.000005	-0.027710	-0.000005	1.000007	0.013672	
860	0.999978	0.000050	0.022095	-0.000050	0.999978	0.085510	
861	0.999996	0.000016	0.018066	-0.000016	0.999996	0.040741	
862	1.000000	0.000013	0.020813	-0.000013	1.000000	0.025208	
863	0.999996	0.000011	0.050964	-0.000011	0.999996	0.017609	
864	1.000002	0.000015	0.000122	-0.000015	1.000002	0.054626	
865	0.999974	0.000031	0.009827	-0.000031	0.999974	0.052887	
866	0.999984	-0.000003	0.016113	0.000003	0.999984	0.022522	
867	1.000017	0.000032	-0.026794	-0.000032	1.000017	0.012634	
868	1.000000	0.000025	0.000549	-0.000025	1.000000	0.008606	
869	0.999978	0.000003	0.023621	-0.000003	0.999978	-0.000488	
870	0.999980	0.000010	0.044739	-0.000010	0.999980	0.070831	
871	0.999993	0.000016	-0.078918	-0.000016	0.999993	0.020660	
872	1.000018	-0.000018	0.069885	0.000018	1.000018	0.003235	
873	0.999977	0.000058	-0.044250	-0.000058	0.999977	0.106262	
874	0.999994	0.000058	-0.035767	-0.000058	0.999994	0.104980	
875	0.999977	0.000032	-0.008484	-0.000032	0.999977	0.078522	
876	0.999952	0.000047	-0.001160	-0.000047	0.999952	0.053345	
877	0.999975	0.000077	-0.003723	-0.000077	0.999975	0.135895	
878	0.999968	0.000023	0.011841	-0.000023	0.999968	0.058502	
879	0.999975	0.000012	0.033875	-0.000012	0.999975	0.075775	
880	0.999984	0.000098	-0.048523	-0.000098	0.999984	0.223602	
881	0.999976	0.000027	0.033508	-0.000027	0.999976	0.096100	
882	0.999995	0.000057	0.018250	-0.000057	0.999995	0.130371	
883	0.999979	0.000008	0.023499	-0.000008	0.999979	-0.003632	
884	0.999987	0.000013	0.020325	-0.000013	0.999987	0.066925	
885	1.000003	0.000016	-0.019348	-0.000016	1.000003	0.035187	
886	1.000009	-0.000030	0.040161	0.000030	1.000009	0.019470	
887	1.000000	-0.000026	0.032227	0.000026	1.000000	-0.002777	
888	0.999977	-0.000005	-0.010193	0.000005	0.999977	-0.019318	
889	0.999989	-0.000009	0.022461	0.000009	0.999989	0.044800	
890	0.999949	-0.000037	0.032104	0.000037	0.999949	-0.003326	
891	0.999956	-0.000019	0.106567	0.000019	0.999956	0.002045	
892	0.999953	-0.000018	0.063293	0.000018	0.999953	0.062836	
893	0.999963	-0.000017	0.096191	0.000017	0.999963	-0.006805	
894	0.999957	0.000019	0.067810	-0.000019	0.999957	0.054504	
895	0.999965	0.000003	0.075500	-0.000003	0.999965	0.034027	
896	0.999977	0.000012	0.022400	-0.000012	0.999977	0.089905	
897	0.999981	-0.000020	0.069763	0.000020	0.999981	0.026520	
898	1.000003	0.000001	0.046387	-0.000001	1.000003	0.000427	
899	0.999996	0.000029	-0.007019	-0.000029	0.999996	0.063873	
900	1.000012	0.000061	-0.040405	-0.000061	1.000012	0.152557	
901	1.000000	-0.000008	0.031921	0.000008	1.000000	-0.009186	
902	1.000016	0.000009	0.031372	-0.000009	1.000016	0.065704	
903	1.000042	0.000005	-0.043213	-0.000005	1.000042	0.000916	
904	1.000021	0.000021	0.009094	-0.000021	1.000021	0.021698	
905	1.000022	0.000050	-0.073181	-0.000050	1.000022	0.073578	
906	1.000015	0.000017	-0.035645	-0.000017	1.000015	0.022217	
907	1.000019	0.000019	-0.015991	-0.000019	1.000019	0.026978	
908	0.999996	-0.000008	0.017578	0.000008	0.999996	0.006592	
909	1.000024	-0.000003	0.012634	0.000003	1.000024	-0.011505	
910	0.999987	0.000050	-0.042603	-0.000050	0.999987	0.106384	
911	1.000043	0.000034	-0.046448	-0.000034	1.000043	0.081726	
912	0.999998	0.000022	-0.030212	-0.000022	0.999998	0.053162	
913	1.000035	0.000026	-0.026123	-0.000026	1.000035	0.072754	
914	1.000011	0.000023	-0.008545	-0.000023	1.000011	0.025269	
915	1.000029	-0.000014	-0.005981	0.000014	1.000029	0.008331	
916	0.999997	-0.000015	-0.018311	0.000015	0.999997	0.050873	
917	1.000022	0.000036	-0.036316	-0.000036	1.000022	0.033844	
918	1.000026	0.000052	-0.055542	-0.000052	1.000026	0.105682	
919	0.999967	0.000033	0.018188	-0.000033	0.999967	0.064789	
920	1.000000	0.000011	0.017456	-0.000011	1.000000	0.060486	
921	0.999970	0.000036	-0.003906	-0.000036	0.999970	0.032990	
922	0.999990	0.000019	-0.006165	-0.000019	0.999990	0.034058	
923	0.999960	0.000012	0.023560	-0.000012	0.999960	0.055542	
924	0.999971	0.000037	-0.053894	-0.000037	0.999971	0.037109	
925	0.999977	0.000033	-0.041443	-0.000033	0.999977	0.037872	
926	0.999975	0.000033	0.022034	-0.000033	0.999975	0.066162	
927	0.999983	0.000020	-0.016235	-0.000020	0.999983	0.086945	
928	0.999983	0.000005	0.076477	-0.000005	0.999983	0.020477	
929	0.999970	0.000017	0.073547	-0.000017	0.999970	0.066162	
930	0.999966	0.000005	0.009338	-0.000005	0.999966	0.061707	
931	0.999956	0.000003	0.058838	-0.000003	0.999956	0.001343	
932	0.999973	0.000001	0.038574	-0.000001	0.999973	0.082306	
933	0.999951	0.000057	0.048706	-0.000057	0.999951	0.142334	
934	0.999933	0.000067	0.081421	-0.000067	0.999933	0.158600	
935	0.999960	0.000036	0.028015	-0.000036	0.999960	0.066528	
936	0.999956	0.000045	0.070740	-0.000045	0.999956	0.148712	
937	0.999949	0.000048	0.074463	-0.000048	0.999949	0.088959	
938	0.999966	0.000027	0.010376	-0.000027	0.999966	0.047577	
939	1.000007	-0.000000	-0.025330	0.000000	1.000007	0.020142	
940	0.999994	0.000012	-0.001343	-0.000012	0.999994	0.078613	
941	0.999982	0.000039	0.034424	-0.000039	0.999982	0.076111	
942	0.999999	0.000030	0.005371	-0.000030	0.999999	0.074463	
943	0.999984	0.000035	0.017029	-0.000035	0.999984	0.078583	
944	1.000021	0.000074	0.006226	-0.000074	1.000021	0.049500	
945	1.000024	0.000071	-0.079041	-0.000071	1.000024	-0.001862	
946	1.000021	0.000071	-0.088440	-0.000071	1.000021	0.167999	
947	0.999989	0.000091	0.000061	-0.000091	0.999989	0.042786	
948	1.000013	0.000042	-0.087280	-0.000042	1.000013	0.020813	
949	1.000014	0.000027	0.004211	-0.000027	1.000014	0.068054	
950	0.999981	0.000031	-0.022034	-0.000031	0.999981	0.074188	
951	0.999957	0.000077	0.032776	-0.000077	0.999957	0.113403	
952	0.999982	0.000069	0.019958	-0.000069	0.999982	0.177948	
953	0.999977	0.000010	0.022522	-0.000010	0.999977	0.057587	
954	0.999989	0.000012	-0.037354	-0.000012	0.999989	0.028259	
955	1.000023	0.000019	-0.014893	-0.000019	1.000023	0.036774	
956	1.000005	0.000011	-0.035522	-0.000011	1.000005	0.010559	
957	0.999982	-0.000004	0.018677	0.000004	0.999982	0.014648	
958	0.999997	0.000030	0.013000	-0.000030	0.999997	0.046906	
959	0.999994	0.000006	0.028564	-0.000006	0.999994	0.033875	
960	0.999990	-0.000013	0.027283	0.000013	0.999990	-0.046814	
961	1.000006	-0.000013	0.060120	0.000013	1.000006	-0.004517	
962	0.999985	-0.000003	0.041504	0.000003	0.999985	0.035095	
963	0.999988	0.000004	0.005981	-0.000004	0.999988	0.039490	
964	1.000000	-0.000012	0.037170	0.000012	1.000000	-0.027771	
965	0.999986	0.000046	0.004822	-0.000046	0.999986	0.120117	
966	0.999984	0.000094	0.025208	-0.000094	0.999984	0.177155	
967	0.999952	0.000016	0.042969	-0.000016	0.999952	0.068817	
968	1.000000	-0.000006	0.023376	0.000006	1.000000	0.012085	
969	1.000005	0.000045	0.001465	-0.000045	1.000005	0.115845	
970	1.000015	0.000022	-0.021973	-0.000022	1.000015	0.055176	
971	1.000006	-0.000017	0.029297	0.000017	1.000006	0.029846	
972	0.999995	0.000029	0.026917	-0.000029	0.999995	0.032288	
973	1.000021	0.000018	-0.018433	-0.000018	1.000021	0.047791	
974	1.000016	0.000038	-0.004761	-0.000038	1.000016	0.029724	
975	1.000008	-0.000012	0.001465	0.000012	1.000008	0.008789	
976	1.000012	0.000023	-0.015869	-0.000023	1.000012	0.043854	
977	1.000030	0.000060	-0.059204	-0.000060	1.000030	0.064270	
978	0.999984	0.000004	-0.004761	-0.000004	0.999984	0.027313	
979	1.000009	0.000010	-0.008789	-0.000010	1.000009	0.014465	
980	1.000000	0.000024	-0.042419	-0.000024	1.000000	0.034637	
981	1.000008	0.000019	-0.014099	-0.000019	1.000008	0.081390	
982	0.999989	0.000029	-0.013489	-0.000029	0.999989	0.067719	
983	1.000007	0.000037	-0.006958	-0.000037	1.000007	0.096191	
984	1.000004	0.000014	-0.035767	-0.000014	1.000004	0.040985	
985	1.000014	0.000021	-0.012512	-0.000021	1.000014	0.001923	
986	1.000020	-0.000011	-0.018372	0.000011	1.000020	0.038330	
987	1.000078	0.000107	-0.196350	-0.000107	1.000078	0.101837	
988	1.000014	0.000028	-0.038818	-0.000028	1.000014	0.098907	
989	1.000033	0.000028	-0.058411	-0.000028	1.000033	0.028168	
990	1.000026	0.000017	-0.041626	-0.000017	1.000026	0.096161	
991	1.000015	0.000023	0.021729	-0.000023	1.000015	0.028717	
992	1.000012	0.000019	-0.029846	-0.000019	1.000012	-0.003143	
993	0.999954	0.000022	0.088623	-0.000022	0.999954	0.104156	
994	0.999982	0.000016	0.005615	-0.000016	0.999982	-0.007385	
995	0.999985	0.000078	0.011292	-0.000078	0.999985	0.134369	
996	0.999997	0.000027	0.025085	-0.000027	0.999997	0.012207	
997	1.000001	0.000034	-0.031006	-0.000034	1.000001	0.053772	
998	0.999985	0.000041	0.011719	-0.000041	0.999985	0.064728	
999	1.000003	0.000029	-0.038757	-0.000029	1.000003	0.139771	
1000	0.999988	0.000040	-0.049927	-0.000040	0.999988	0.182922	
1001	1.000024	0.000046	-0.069092	-0.000046	1.000024	0.141083	
1002	1.000031	0.000020	-0.039124	-0.000020	1.000031	0.041901	
1003	1.000010	0.000024	-0.012512	-0.000024	1.000010	0.036560	
1004	0.999994	0.000033	-0.017578	-0.000033	0.999994	0.091919	
1005	1.000003	0.000016	0.070679	-0.000016	1.000003	0.100281	
1006	1.000013	0.000037	-0.042908	-0.000037	1.000013	0.161896	
1007	1.000009	0.000015	-0.021179	-0.000015	1.000009	0.047241	
1008	0.999995	0.000006	0.018616	-0.000006	0.999995	0.024048	
1009	1.000024	0.000070	-0.116394	-0.000070	1.000024	0.071503	
1010	0.999999	0.000017	-0.022644	-0.000017	0.999999	0.040741	
1011	1.000015	0.000034	-0.020142	-0.000034	1.000015	0.013885	
1012	1.000009	0.000038	-0.020020	-0.000038	1.000009	0.049072	
1013	1.000005	0.000021	-0.035950	-0.000021	1.000005	0.133209	
1014	0.999997	0.000013	-0.037781	-0.000013	0.999997	0.286591	
1015	1.000028	0.000000	-0.036926	-0.000000	1.000028	0.112885	
1016	1.000030	0.000034	-0.081604	-0.000034	1.000030	0.239532	
1017	1.000020	-0.000005	-0.037415	0.000005	1.000020	0.025665	
1018	1.000017	0.000010	-0.039124	-0.000010	1.000017	0.035950	
1019	1.000003	0.000031	-0.008789	-0.000031	1.000003	-0.018524	
1020	1.000059	0.000009	-0.095581	-0.000009	1.000059	-0.028992	
1021	1.000073	-0.000001	-0.071411	0.000001	1.000073	-0.070526	
1022	1.000022	-0.000001	-0.064636	0.000001	1.000022	0.231873	
1023	1.000017	0.000007	-0.055420	-0.000007	1.000017	0.160248	
1024	0.999998	0.000008	-0.011780	-0.000008	0.999998	0.159668	
1025	1.000026	0.000016	-0.061157	-0.000016	1.000026	0.081390	
1026	0.999999	-0.000017	0.021912	0.000017	0.999999	0.103210	
1027	1.000004	-0.000042	0.043762	0.000042	1.000004	0.056396	
1028	0.999973	0.000004	0.028137	-0.000004	0.999973	0.053406	
1029	0.999966	-0.000018	0.036194	0.000018	0.999966	0.112457	
1030	0.999996	0.000044	-0.026367	-0.000044	0.999996	0.098663	
1031	0.999996	0.000020	-0.042908	-0.000020	0.999996	0.127533	
1032	0.999971	0.000021	0.053284	-0.000021	0.999971	0.155029	
1033	0.999983	-0.000002	0.026367	0.000002	0.999983	0.011353	
1034	1.000023	0.000001	-0.028015	-0.000001	1.000023	0.030304	
1035	1.000009	0.000018	-0.013306	-0.000018	1.000009	0.106659	
1036	1.000025	0.000049	-0.050781	-0.000049	1.000025	0.107086	
1037	1.000047	0.000019	-0.019592	-0.000019	1.000047	0.021667	
1038	1.000037	0.000031	-0.073914	-0.000031	1.000037	0.027435	
1039	1.000008	0.000006	-0.005554	-0.000006	1.000008	0.042450	
1040	0.999939	-0.000015	0.026672	0.000015	0.999939	-0.008057	
1041	0.999976	-0.000010	0.059814	0.000010	0.999976	0.004120	
1042	0.999987	0.000004	0.036804	-0.000004	0.999987	0.049194	
1043	1.000003	-0.000001	0.011414	0.000001	1.000003	-0.005402	
1044	0.999980	-0.000035	0.080383	0.000035	0.999980	-0.018494	
1045	0.999996	-0.000060	0.011292	0.000060	0.999996	-0.005463	
1046	0.999989	-0.000025	0.019104	0.000025	0.999989	0.033569	
1047	0.999995	0.000000	0.000305	-0.000000	0.999995	0.014893	
1048	0.999975	-0.000026	0.088257	0.000026	0.999975	0.044830	
1049	0.999982	0.000004	0.034668	-0.000004	0.999982	0.180939	
