1.000000,1.000000,1363.000000,569.000000,103.000000,241.000000,1.000000,1.000000,0.860140
2.000000,1.000000,1362.000000,568.000000,103.000000,241.000000,1.000000,1.000000,0.861730
3.000000,1.000000,1362.000000,568.000000,103.000000,241.000000,1.000000,1.000000,0.861730
4.000000,1.000000,1362.000000,568.000000,103.000000,241.000000,1.000000,1.000000,0.861730
5.000000,1.000000,1362.000000,568.000000,103.000000,241.000000,1.000000,1.000000,0.861730
6.000000,1.000000,1362.000000,568.000000,103.000000,241.000000,1.000000,1.000000,0.861730
7.000000,1.000000,1362.000000,568.000000,103.000000,241.000000,1.000000,1.000000,0.861730
8.000000,1.000000,1362.000000,568.000000,103.000000,241.000000,1.000000,1.000000,0.861730
1.000000,2.000000,371.000000,410.000000,80.000000,239.000000,1.000000,1.000000,1.000000
2.000000,2.000000,371.000000,408.000000,80.000000,239.000000,1.000000,1.000000,1.000000
3.000000,2.000000,372.000000,407.000000,80.000000,239.000000,1.000000,1.000000,1.000000
4.000000,2.000000,372.000000,406.000000,81.000000,239.000000,1.000000,1.000000,1.000000
5.000000,2.000000,373.000000,405.000000,81.000000,239.000000,1.000000,1.000000,1.000000
6.000000,2.000000,373.000000,404.000000,82.000000,238.000000,1.000000,1.000000,1.000000
7.000000,2.000000,374.000000,403.000000,81.000000,238.000000,1.000000,1.000000,1.000000
8.000000,2.000000,374.000000,402.000000,82.000000,238.000000,1.000000,1.000000,1.000000
1.000000,3.000000,103.000000,549.000000,83.000000,251.000000,1.000000,1.000000,1.000000
2.000000,3.000000,102.000000,549.000000,83.000000,250.000000,1.000000,1.000000,1.000000
3.000000,3.000000,102.000000,549.000000,83.000000,250.000000,1.000000,1.000000,1.000000
4.000000,3.000000,102.000000,549.000000,83.000000,250.000000,1.000000,1.000000,1.000000
5.000000,3.000000,102.000000,549.000000,83.000000,250.000000,1.000000,1.000000,1.000000
6.000000,3.000000,102.000000,549.000000,83.000000,250.000000,1.000000,1.000000,1.000000
7.000000,3.000000,102.000000,549.000000,83.000000,250.000000,1.000000,1.000000,1.000000
8.000000,3.000000,102.000000,549.000000,83.000000,250.000000,1.000000,1.000000,1.000000
1.000000,4.000000,1734.000000,457.000000,76.000000,213.000000,1.000000,1.000000,0.983860
2.000000,4.000000,1733.000000,457.000000,76.000000,212.000000,1.000000,1.000000,0.975860
3.000000,4.000000,1732.000000,457.000000,76.000000,212.000000,1.000000,1.000000,0.967810
4.000000,4.000000,1731.000000,457.000000,76.000000,212.000000,1.000000,1.000000,0.959760
5.000000,4.000000,1730.000000,457.000000,76.000000,211.000000,1.000000,1.000000,0.951850
6.000000,4.000000,1730.000000,457.000000,75.000000,211.000000,1.000000,1.000000,0.951220
7.000000,4.000000,1729.000000,457.000000,75.000000,211.000000,1.000000,1.000000,0.943090
8.000000,4.000000,1728.000000,457.000000,75.000000,210.000000,1.000000,1.000000,0.935150
1.000000,5.000000,1098.000000,980.000000,78.000000,208.000000,1.000000,1.000000,0.483250
2.000000,5.000000,1101.000000,979.000000,78.000000,209.000000,1.000000,1.000000,0.485710
3.000000,5.000000,1104.000000,978.000000,78.000000,210.000000,1.000000,1.000000,0.488150
4.000000,5.000000,1107.000000,977.000000,78.000000,211.000000,1.000000,1.000000,0.490570
5.000000,5.000000,1111.000000,977.000000,77.000000,211.000000,1.000000,1.000000,0.490570
6.000000,5.000000,1114.000000,976.000000,78.000000,212.000000,1.000000,1.000000,0.492960
7.000000,5.000000,1117.000000,975.000000,78.000000,213.000000,1.000000,1.000000,0.495330
8.000000,5.000000,1121.000000,975.000000,77.000000,213.000000,1.000000,1.000000,0.495330
1.000000,6.000000,632.000000,761.000000,100.000000,251.000000,1.000000,1.000000,0.319030
2.000000,6.000000,631.000000,761.000000,100.000000,251.000000,1.000000,1.000000,0.319030
3.000000,6.000000,631.000000,761.000000,100.000000,251.000000,1.000000,1.000000,0.319030
4.000000,6.000000,631.000000,761.000000,100.000000,251.000000,1.000000,1.000000,0.319030
5.000000,6.000000,631.000000,761.000000,100.000000,251.000000,1.000000,1.000000,0.319030
6.000000,6.000000,631.000000,761.000000,100.000000,251.000000,1.000000,1.000000,0.319030
7.000000,6.000000,631.000000,761.000000,100.000000,251.000000,1.000000,1.000000,0.319030
8.000000,6.000000,631.000000,761.000000,100.000000,251.000000,1.000000,1.000000,0.319030
1.000000,7.000000,623.000000,901.000000,144.000000,123.000000,0.000000,11.000000,1.000000
2.000000,7.000000,623.000000,901.000000,144.000000,123.000000,0.000000,11.000000,1.000000
3.000000,7.000000,623.000000,901.000000,144.000000,123.000000,0.000000,11.000000,1.000000
4.000000,7.000000,623.000000,901.000000,144.000000,123.000000,0.000000,11.000000,1.000000
5.000000,7.000000,623.000000,901.000000,144.000000,123.000000,0.000000,11.000000,1.000000
6.000000,7.000000,623.000000,901.000000,144.000000,123.000000,0.000000,11.000000,1.000000
7.000000,7.000000,623.000000,901.000000,144.000000,123.000000,0.000000,11.000000,1.000000
8.000000,7.000000,623.000000,901.000000,144.000000,123.000000,0.000000,11.000000,1.000000
1.000000,8.000000,671.000000,427.000000,42.000000,652.000000,0.000000,10.000000,0.800630
2.000000,8.000000,671.000000,427.000000,42.000000,652.000000,0.000000,10.000000,0.800630
3.000000,8.000000,671.000000,427.000000,42.000000,652.000000,0.000000,10.000000,0.800630
4.000000,8.000000,671.000000,427.000000,42.000000,652.000000,0.000000,10.000000,0.800630
5.000000,8.000000,671.000000,427.000000,42.000000,652.000000,0.000000,10.000000,0.800630
6.000000,8.000000,671.000000,427.000000,42.000000,652.000000,0.000000,10.000000,0.800630
7.000000,8.000000,671.000000,427.000000,42.000000,652.000000,0.000000,10.000000,0.800630
8.000000,8.000000,671.000000,427.000000,42.000000,652.000000,0.000000,10.000000,0.800630
1.000000,9.000000,1516.000000,126.000000,100.000000,73.000000,0.000000,11.000000,1.000000
2.000000,9.000000,1516.000000,126.000000,100.000000,73.000000,0.000000,11.000000,1.000000
3.000000,9.000000,1516.000000,126.000000,100.000000,73.000000,0.000000,11.000000,1.000000
4.000000,9.000000,1516.000000,126.000000,100.000000,73.000000,0.000000,11.000000,1.000000
5.000000,9.000000,1516.000000,126.000000,100.000000,73.000000,0.000000,11.000000,1.000000
6.000000,9.000000,1516.000000,126.000000,100.000000,73.000000,0.000000,11.000000,1.000000
7.000000,9.000000,1516.000000,126.000000,100.000000,73.000000,0.000000,11.000000,1.000000
8.000000,9.000000,1516.000000,126.000000,100.000000,73.000000,0.000000,11.000000,1.000000
1.000000,10.000000,1556.000000,-1.000000,25.000000,129.000000,0.000000,11.000000,1.000000
2.000000,10.000000,1556.000000,-1.000000,25.000000,129.000000,0.000000,11.000000,1.000000
3.000000,10.000000,1556.000000,-1.000000,25.000000,129.000000,0.000000,11.000000,1.000000
4.000000,10.000000,1556.000000,-1.000000,25.000000,129.000000,0.000000,11.000000,1.000000
5.000000,10.000000,1556.000000,-1.000000,25.000000,129.000000,0.000000,11.000000,1.000000
6.000000,10.000000,1556.000000,-1.000000,25.000000,129.000000,0.000000,11.000000,1.000000
7.000000,10.000000,1556.000000,-1.000000,25.000000,129.000000,0.000000,11.000000,1.000000
8.000000,10.000000,1556.000000,-1.000000,25.000000,129.000000,0.000000,11.000000,1.000000
1.000000,11.000000,1545.000000,196.000000,28.000000,81.000000,0.000000,10.000000,0.719090
2.000000,11.000000,1545.000000,196.000000,28.000000,81.000000,0.000000,10.000000,0.701010
3.000000,11.000000,1545.000000,196.000000,28.000000,81.000000,0.000000,10.000000,0.687130
4.000000,11.000000,1545.000000,196.000000,28.000000,81.000000,0.000000,10.000000,0.672410
5.000000,11.000000,1545.000000,196.000000,28.000000,81.000000,0.000000,10.000000,0.659800
6.000000,11.000000,1545.000000,196.000000,28.000000,81.000000,0.000000,10.000000,0.643400
7.000000,11.000000,1545.000000,196.000000,28.000000,81.000000,0.000000,10.000000,0.626160
8.000000,11.000000,1545.000000,196.000000,28.000000,81.000000,0.000000,10.000000,0.611860
1.000000,12.000000,1513.000000,266.000000,95.000000,80.000000,0.000000,11.000000,1.000000
2.000000,12.000000,1513.000000,266.000000,95.000000,80.000000,0.000000,11.000000,1.000000
3.000000,12.000000,1513.000000,266.000000,95.000000,80.000000,0.000000,11.000000,1.000000
4.000000,12.000000,1513.000000,266.000000,95.000000,80.000000,0.000000,11.000000,1.000000
5.000000,12.000000,1513.000000,266.000000,95.000000,80.000000,0.000000,11.000000,1.000000
6.000000,12.000000,1513.000000,266.000000,95.000000,80.000000,0.000000,11.000000,1.000000
7.000000,12.000000,1513.000000,266.000000,95.000000,80.000000,0.000000,11.000000,1.000000
8.000000,12.000000,1513.000000,266.000000,95.000000,80.000000,0.000000,11.000000,1.000000
1.000000,13.000000,1537.000000,342.000000,29.000000,197.000000,0.000000,10.000000,0.171210
2.000000,13.000000,1537.000000,342.000000,29.000000,197.000000,0.000000,10.000000,0.171210
3.000000,13.000000,1537.000000,342.000000,29.000000,197.000000,0.000000,10.000000,0.171210
4.000000,13.000000,1537.000000,342.000000,29.000000,197.000000,0.000000,10.000000,0.171210
5.000000,13.000000,1537.000000,342.000000,29.000000,197.000000,0.000000,10.000000,0.171210
6.000000,13.000000,1537.000000,342.000000,29.000000,197.000000,0.000000,10.000000,0.171210
7.000000,13.000000,1537.000000,342.000000,29.000000,197.000000,0.000000,10.000000,0.171210
8.000000,13.000000,1537.000000,342.000000,29.000000,197.000000,0.000000,10.000000,0.171210
1.000000,14.000000,1537.000000,381.000000,94.000000,212.000000,0.000000,10.000000,0.443540
2.000000,14.000000,1537.000000,381.000000,93.000000,212.000000,0.000000,10.000000,0.440420
3.000000,14.000000,1537.000000,381.000000,93.000000,212.000000,0.000000,10.000000,0.440420
4.000000,14.000000,1537.000000,381.000000,93.000000,212.000000,0.000000,10.000000,0.440420
5.000000,14.000000,1537.000000,381.000000,93.000000,212.000000,0.000000,10.000000,0.440420
6.000000,14.000000,1537.000000,381.000000,93.000000,212.000000,0.000000,10.000000,0.440420
7.000000,14.000000,1537.000000,381.000000,93.000000,212.000000,0.000000,10.000000,0.440420
8.000000,14.000000,1537.000000,381.000000,93.000000,212.000000,0.000000,10.000000,0.440420
1.000000,15.000000,1299.000000,74.000000,76.000000,92.000000,0.000000,10.000000,0.803240
2.000000,15.000000,1299.000000,74.000000,76.000000,92.000000,0.000000,10.000000,0.803520
3.000000,15.000000,1299.000000,74.000000,76.000000,92.000000,0.000000,10.000000,0.803520
4.000000,15.000000,1299.000000,74.000000,76.000000,92.000000,0.000000,10.000000,0.803520
5.000000,15.000000,1299.000000,74.000000,76.000000,92.000000,0.000000,10.000000,0.803520
6.000000,15.000000,1299.000000,74.000000,76.000000,92.000000,0.000000,10.000000,0.803520
7.000000,15.000000,1299.000000,74.000000,76.000000,92.000000,0.000000,10.000000,0.803520
8.000000,15.000000,1299.000000,74.000000,76.000000,92.000000,0.000000,10.000000,0.803520
1.000000,16.000000,1311.000000,2.000000,49.000000,73.000000,0.000000,11.000000,1.000000
2.000000,16.000000,1311.000000,1.000000,48.000000,74.000000,0.000000,11.000000,1.000000
3.000000,16.000000,1311.000000,1.000000,48.000000,74.000000,0.000000,11.000000,1.000000
4.000000,16.000000,1311.000000,1.000000,48.000000,74.000000,0.000000,11.000000,1.000000
5.000000,16.000000,1311.000000,1.000000,48.000000,74.000000,0.000000,11.000000,1.000000
6.000000,16.000000,1311.000000,1.000000,48.000000,74.000000,0.000000,11.000000,1.000000
7.000000,16.000000,1311.000000,1.000000,48.000000,74.000000,0.000000,11.000000,1.000000
8.000000,16.000000,1311.000000,1.000000,48.000000,74.000000,0.000000,11.000000,1.000000
1.000000,17.000000,1564.000000,380.000000,53.000000,110.000000,0.000000,11.000000,1.000000
2.000000,17.000000,1564.000000,380.000000,53.000000,110.000000,0.000000,11.000000,1.000000
3.000000,17.000000,1564.000000,380.000000,53.000000,110.000000,0.000000,11.000000,1.000000
4.000000,17.000000,1564.000000,380.000000,53.000000,110.000000,0.000000,11.000000,1.000000
5.000000,17.000000,1564.000000,380.000000,53.000000,110.000000,0.000000,11.000000,1.000000
6.000000,17.000000,1564.000000,380.000000,53.000000,110.000000,0.000000,11.000000,1.000000
7.000000,17.000000,1564.000000,380.000000,53.000000,110.000000,0.000000,11.000000,1.000000
8.000000,17.000000,1564.000000,380.000000,53.000000,110.000000,0.000000,11.000000,1.000000
1.000000,18.000000,1842.000000,581.000000,80.000000,78.000000,0.000000,11.000000,1.000000
2.000000,18.000000,1842.000000,581.000000,80.000000,78.000000,0.000000,11.000000,1.000000
3.000000,18.000000,1842.000000,581.000000,80.000000,78.000000,0.000000,11.000000,1.000000
4.000000,18.000000,1842.000000,581.000000,80.000000,78.000000,0.000000,11.000000,1.000000
5.000000,18.000000,1842.000000,581.000000,80.000000,78.000000,0.000000,11.000000,1.000000
6.000000,18.000000,1842.000000,581.000000,80.000000,78.000000,0.000000,11.000000,1.000000
7.000000,18.000000,1842.000000,581.000000,80.000000,78.000000,0.000000,11.000000,1.000000
8.000000,18.000000,1842.000000,581.000000,80.000000,78.000000,0.000000,11.000000,1.000000
1.000000,19.000000,1817.000000,918.000000,19.000000,101.000000,0.000000,10.000000,0.741180
2.000000,19.000000,1817.000000,918.000000,19.000000,101.000000,0.000000,10.000000,0.741180
3.000000,19.000000,1817.000000,918.000000,19.000000,101.000000,0.000000,10.000000,0.741180
4.000000,19.000000,1817.000000,918.000000,19.000000,101.000000,0.000000,10.000000,0.741180
5.000000,19.000000,1817.000000,918.000000,19.000000,101.000000,0.000000,10.000000,0.741180
6.000000,19.000000,1817.000000,918.000000,19.000000,101.000000,0.000000,10.000000,0.741180
7.000000,19.000000,1817.000000,918.000000,19.000000,101.000000,0.000000,10.000000,0.741180
8.000000,19.000000,1817.000000,918.000000,19.000000,101.000000,0.000000,10.000000,0.741180
1.000000,20.000000,1860.000000,978.000000,19.000000,106.000000,0.000000,10.000000,0.915890
2.000000,20.000000,1860.000000,978.000000,19.000000,106.000000,0.000000,10.000000,0.915890
3.000000,20.000000,1860.000000,978.000000,19.000000,106.000000,0.000000,10.000000,0.915890
4.000000,20.000000,1860.000000,978.000000,19.000000,106.000000,0.000000,10.000000,0.915890
5.000000,20.000000,1860.000000,978.000000,19.000000,106.000000,0.000000,10.000000,0.915890
6.000000,20.000000,1860.000000,978.000000,19.000000,106.000000,0.000000,10.000000,0.915890
7.000000,20.000000,1860.000000,978.000000,19.000000,106.000000,0.000000,10.000000,0.915890
8.000000,20.000000,1860.000000,978.000000,19.000000,106.000000,0.000000,10.000000,0.915890
1.000000,21.000000,1838.000000,655.000000,15.000000,53.000000,0.000000,10.000000,0.708330
2.000000,21.000000,1837.000000,655.000000,16.000000,52.000000,0.000000,10.000000,0.725860
3.000000,21.000000,1837.000000,655.000000,16.000000,52.000000,0.000000,10.000000,0.725860
4.000000,21.000000,1837.000000,655.000000,16.000000,52.000000,0.000000,10.000000,0.725860
5.000000,21.000000,1837.000000,655.000000,16.000000,52.000000,0.000000,10.000000,0.725860
6.000000,21.000000,1837.000000,655.000000,16.000000,52.000000,0.000000,10.000000,0.725860
7.000000,21.000000,1837.000000,655.000000,16.000000,52.000000,0.000000,10.000000,0.725860
8.000000,21.000000,1837.000000,655.000000,16.000000,52.000000,0.000000,10.000000,0.725860
1.000000,22.000000,1856.000000,724.000000,35.000000,258.000000,0.000000,11.000000,1.000000
2.000000,22.000000,1856.000000,724.000000,35.000000,258.000000,0.000000,11.000000,1.000000
3.000000,22.000000,1856.000000,724.000000,35.000000,258.000000,0.000000,11.000000,1.000000
4.000000,22.000000,1856.000000,724.000000,35.000000,258.000000,0.000000,11.000000,1.000000
5.000000,22.000000,1856.000000,724.000000,35.000000,258.000000,0.000000,11.000000,1.000000
6.000000,22.000000,1856.000000,724.000000,35.000000,258.000000,0.000000,11.000000,1.000000
7.000000,22.000000,1856.000000,724.000000,35.000000,258.000000,0.000000,11.000000,1.000000
8.000000,22.000000,1856.000000,724.000000,35.000000,258.000000,0.000000,11.000000,1.000000
1.000000,23.000000,1826.000000,697.000000,42.000000,268.000000,0.000000,11.000000,1.000000
2.000000,23.000000,1826.000000,697.000000,42.000000,268.000000,0.000000,11.000000,1.000000
3.000000,23.000000,1826.000000,697.000000,42.000000,268.000000,0.000000,11.000000,1.000000
4.000000,23.000000,1826.000000,697.000000,42.000000,268.000000,0.000000,11.000000,1.000000
5.000000,23.000000,1826.000000,697.000000,42.000000,268.000000,0.000000,11.000000,1.000000
6.000000,23.000000,1826.000000,697.000000,42.000000,268.000000,0.000000,11.000000,1.000000
7.000000,23.000000,1826.000000,697.000000,42.000000,268.000000,0.000000,11.000000,1.000000
8.000000,23.000000,1826.000000,697.000000,42.000000,268.000000,0.000000,11.000000,1.000000
1.000000,24.000000,622.000000,274.000000,91.000000,90.000000,0.000000,11.000000,1.000000
2.000000,24.000000,622.000000,274.000000,91.000000,90.000000,0.000000,11.000000,1.000000
3.000000,24.000000,622.000000,274.000000,91.000000,90.000000,0.000000,11.000000,1.000000
4.000000,24.000000,622.000000,274.000000,91.000000,90.000000,0.000000,11.000000,1.000000
5.000000,24.000000,622.000000,274.000000,91.000000,90.000000,0.000000,11.000000,1.000000
6.000000,24.000000,622.000000,274.000000,91.000000,90.000000,0.000000,11.000000,1.000000
7.000000,24.000000,622.000000,274.000000,91.000000,90.000000,0.000000,11.000000,1.000000
8.000000,24.000000,622.000000,274.000000,91.000000,90.000000,0.000000,11.000000,1.000000
1.000000,25.000000,616.000000,129.000000,101.000000,71.000000,0.000000,11.000000,1.000000
2.000000,25.000000,616.000000,129.000000,101.000000,71.000000,0.000000,11.000000,1.000000
3.000000,25.000000,616.000000,129.000000,101.000000,71.000000,0.000000,11.000000,1.000000
4.000000,25.000000,616.000000,129.000000,101.000000,71.000000,0.000000,11.000000,1.000000
5.000000,25.000000,616.000000,129.000000,101.000000,71.000000,0.000000,11.000000,1.000000
6.000000,25.000000,616.000000,129.000000,101.000000,71.000000,0.000000,11.000000,1.000000
7.000000,25.000000,616.000000,129.000000,101.000000,71.000000,0.000000,11.000000,1.000000
8.000000,25.000000,616.000000,129.000000,101.000000,71.000000,0.000000,11.000000,1.000000
1.000000,26.000000,650.000000,1.000000,29.000000,133.000000,0.000000,11.000000,1.000000
2.000000,26.000000,650.000000,1.000000,29.000000,133.000000,0.000000,11.000000,1.000000
3.000000,26.000000,650.000000,1.000000,29.000000,133.000000,0.000000,11.000000,1.000000
4.000000,26.000000,650.000000,1.000000,29.000000,133.000000,0.000000,11.000000,1.000000
5.000000,26.000000,650.000000,1.000000,29.000000,133.000000,0.000000,11.000000,1.000000
6.000000,26.000000,650.000000,1.000000,29.000000,133.000000,0.000000,11.000000,1.000000
7.000000,26.000000,650.000000,1.000000,29.000000,133.000000,0.000000,11.000000,1.000000
8.000000,26.000000,650.000000,1.000000,29.000000,133.000000,0.000000,11.000000,1.000000
1.000000,27.000000,654.000000,194.000000,26.000000,84.000000,0.000000,11.000000,1.000000
2.000000,27.000000,654.000000,194.000000,26.000000,84.000000,0.000000,11.000000,1.000000
3.000000,27.000000,654.000000,194.000000,26.000000,84.000000,0.000000,11.000000,1.000000
4.000000,27.000000,654.000000,194.000000,26.000000,84.000000,0.000000,11.000000,1.000000
5.000000,27.000000,654.000000,194.000000,26.000000,84.000000,0.000000,11.000000,1.000000
6.000000,27.000000,654.000000,194.000000,26.000000,84.000000,0.000000,11.000000,1.000000
7.000000,27.000000,654.000000,194.000000,26.000000,84.000000,0.000000,11.000000,1.000000
8.000000,27.000000,654.000000,194.000000,26.000000,84.000000,0.000000,11.000000,1.000000
1.000000,28.000000,654.000000,363.000000,30.000000,82.000000,0.000000,11.000000,1.000000
2.000000,28.000000,654.000000,363.000000,30.000000,82.000000,0.000000,11.000000,1.000000
3.000000,28.000000,654.000000,363.000000,30.000000,82.000000,0.000000,11.000000,1.000000
4.000000,28.000000,654.000000,363.000000,30.000000,82.000000,0.000000,11.000000,1.000000
5.000000,28.000000,654.000000,363.000000,30.000000,82.000000,0.000000,11.000000,1.000000
6.000000,28.000000,654.000000,363.000000,30.000000,82.000000,0.000000,11.000000,1.000000
7.000000,28.000000,654.000000,363.000000,30.000000,82.000000,0.000000,11.000000,1.000000
8.000000,28.000000,654.000000,363.000000,30.000000,82.000000,0.000000,11.000000,1.000000
1.000000,29.000000,621.000000,437.000000,55.000000,245.000000,0.000000,10.000000,0.881750
2.000000,29.000000,620.000000,437.000000,56.000000,245.000000,0.000000,10.000000,0.883830
3.000000,29.000000,620.000000,437.000000,56.000000,245.000000,0.000000,10.000000,0.883830
4.000000,29.000000,620.000000,437.000000,56.000000,245.000000,0.000000,10.000000,0.883830
5.000000,29.000000,620.000000,437.000000,56.000000,245.000000,0.000000,10.000000,0.883830
6.000000,29.000000,620.000000,437.000000,56.000000,245.000000,0.000000,10.000000,0.883830
7.000000,29.000000,620.000000,437.000000,56.000000,245.000000,0.000000,10.000000,0.883830
8.000000,29.000000,620.000000,437.000000,56.000000,245.000000,0.000000,10.000000,0.883830
1.000000,30.000000,616.000000,-1.000000,40.000000,137.000000,0.000000,10.000000,0.324500
2.000000,30.000000,616.000000,-1.000000,40.000000,137.000000,0.000000,10.000000,0.324500
3.000000,30.000000,616.000000,-1.000000,40.000000,137.000000,0.000000,10.000000,0.324500
4.000000,30.000000,616.000000,-1.000000,40.000000,137.000000,0.000000,10.000000,0.324500
5.000000,30.000000,616.000000,-1.000000,40.000000,137.000000,0.000000,10.000000,0.324500
6.000000,30.000000,616.000000,-1.000000,40.000000,137.000000,0.000000,10.000000,0.324500
7.000000,30.000000,616.000000,-1.000000,40.000000,137.000000,0.000000,10.000000,0.324500
8.000000,30.000000,616.000000,-1.000000,40.000000,137.000000,0.000000,10.000000,0.324500
1.000000,31.000000,1413.000000,723.000000,39.000000,100.000000,0.000000,10.000000,1.000000
2.000000,31.000000,1413.000000,723.000000,39.000000,100.000000,0.000000,10.000000,1.000000
3.000000,31.000000,1413.000000,723.000000,39.000000,100.000000,0.000000,10.000000,1.000000
4.000000,31.000000,1413.000000,723.000000,39.000000,100.000000,0.000000,10.000000,1.000000
5.000000,31.000000,1413.000000,723.000000,39.000000,100.000000,0.000000,10.000000,1.000000
6.000000,31.000000,1413.000000,723.000000,39.000000,100.000000,0.000000,10.000000,1.000000
7.000000,31.000000,1413.000000,723.000000,39.000000,100.000000,0.000000,10.000000,1.000000
8.000000,31.000000,1413.000000,723.000000,39.000000,100.000000,0.000000,10.000000,1.000000
1.000000,32.000000,1468.000000,864.000000,43.000000,102.000000,0.000000,10.000000,1.000000
2.000000,32.000000,1468.000000,864.000000,43.000000,102.000000,0.000000,10.000000,1.000000
3.000000,32.000000,1468.000000,864.000000,43.000000,102.000000,0.000000,10.000000,1.000000
4.000000,32.000000,1468.000000,864.000000,43.000000,102.000000,0.000000,10.000000,1.000000
5.000000,32.000000,1468.000000,864.000000,43.000000,102.000000,0.000000,10.000000,1.000000
6.000000,32.000000,1468.000000,864.000000,43.000000,102.000000,0.000000,10.000000,1.000000
7.000000,32.000000,1468.000000,864.000000,43.000000,102.000000,0.000000,10.000000,1.000000
8.000000,32.000000,1468.000000,864.000000,43.000000,102.000000,0.000000,10.000000,1.000000
1.000000,33.000000,706.000000,590.000000,36.000000,93.000000,0.000000,10.000000,0.783780
2.000000,33.000000,706.000000,590.000000,36.000000,93.000000,0.000000,10.000000,0.783780
3.000000,33.000000,706.000000,590.000000,36.000000,93.000000,0.000000,10.000000,0.783780
4.000000,33.000000,706.000000,590.000000,36.000000,93.000000,0.000000,10.000000,0.783780
5.000000,33.000000,706.000000,590.000000,36.000000,93.000000,0.000000,10.000000,0.783780
6.000000,33.000000,706.000000,590.000000,36.000000,93.000000,0.000000,10.000000,0.783780
7.000000,33.000000,706.000000,590.000000,36.000000,93.000000,0.000000,10.000000,0.783780
8.000000,33.000000,706.000000,590.000000,36.000000,93.000000,0.000000,10.000000,0.783780
1.000000,34.000000,92.000000,0.000000,115.000000,219.000000,0.000000,11.000000,1.000000
2.000000,34.000000,92.000000,0.000000,115.000000,219.000000,0.000000,11.000000,1.000000
3.000000,34.000000,92.000000,0.000000,115.000000,219.000000,0.000000,11.000000,1.000000
4.000000,34.000000,92.000000,0.000000,115.000000,219.000000,0.000000,11.000000,1.000000
5.000000,34.000000,92.000000,0.000000,115.000000,219.000000,0.000000,11.000000,1.000000
6.000000,34.000000,92.000000,0.000000,115.000000,219.000000,0.000000,11.000000,1.000000
7.000000,34.000000,92.000000,0.000000,115.000000,219.000000,0.000000,11.000000,1.000000
8.000000,34.000000,92.000000,0.000000,115.000000,219.000000,0.000000,11.000000,1.000000
1.000000,35.000000,198.000000,33.000000,32.000000,127.000000,0.000000,11.000000,1.000000
2.000000,35.000000,198.000000,33.000000,32.000000,127.000000,0.000000,11.000000,1.000000
3.000000,35.000000,198.000000,33.000000,32.000000,127.000000,0.000000,11.000000,1.000000
4.000000,35.000000,198.000000,33.000000,32.000000,127.000000,0.000000,11.000000,1.000000
5.000000,35.000000,198.000000,33.000000,32.000000,127.000000,0.000000,11.000000,1.000000
6.000000,35.000000,198.000000,33.000000,32.000000,127.000000,0.000000,11.000000,1.000000
7.000000,35.000000,198.000000,33.000000,32.000000,127.000000,0.000000,11.000000,1.000000
8.000000,35.000000,198.000000,33.000000,32.000000,127.000000,0.000000,11.000000,1.000000
1.000000,36.000000,224.000000,42.000000,23.000000,65.000000,0.000000,11.000000,1.000000
2.000000,36.000000,224.000000,42.000000,23.000000,65.000000,0.000000,11.000000,1.000000
3.000000,36.000000,224.000000,42.000000,23.000000,65.000000,0.000000,11.000000,1.000000
4.000000,36.000000,224.000000,42.000000,23.000000,65.000000,0.000000,11.000000,1.000000
5.000000,36.000000,224.000000,42.000000,23.000000,65.000000,0.000000,11.000000,1.000000
6.000000,36.000000,224.000000,42.000000,23.000000,65.000000,0.000000,11.000000,1.000000
7.000000,36.000000,224.000000,42.000000,23.000000,65.000000,0.000000,11.000000,1.000000
8.000000,36.000000,224.000000,42.000000,23.000000,65.000000,0.000000,11.000000,1.000000
1.000000,37.000000,1871.000000,257.000000,26.000000,69.000000,0.000000,10.000000,1.000000
2.000000,37.000000,1871.000000,257.000000,26.000000,69.000000,0.000000,10.000000,1.000000
3.000000,37.000000,1871.000000,257.000000,26.000000,69.000000,0.000000,10.000000,1.000000
4.000000,37.000000,1871.000000,257.000000,26.000000,69.000000,0.000000,10.000000,1.000000
5.000000,37.000000,1871.000000,257.000000,26.000000,69.000000,0.000000,10.000000,1.000000
6.000000,37.000000,1871.000000,257.000000,26.000000,69.000000,0.000000,10.000000,1.000000
7.000000,37.000000,1871.000000,257.000000,26.000000,69.000000,0.000000,10.000000,1.000000
8.000000,37.000000,1871.000000,257.000000,26.000000,69.000000,0.000000,10.000000,1.000000
1.000000,38.000000,1584.000000,777.000000,34.000000,50.000000,0.000000,10.000000,1.000000
2.000000,38.000000,1584.000000,777.000000,34.000000,50.000000,0.000000,10.000000,1.000000
3.000000,38.000000,1584.000000,777.000000,34.000000,50.000000,0.000000,10.000000,1.000000
4.000000,38.000000,1584.000000,777.000000,34.000000,50.000000,0.000000,10.000000,1.000000
5.000000,38.000000,1584.000000,777.000000,34.000000,50.000000,0.000000,10.000000,1.000000
6.000000,38.000000,1584.000000,777.000000,34.000000,50.000000,0.000000,10.000000,1.000000
7.000000,38.000000,1584.000000,777.000000,34.000000,50.000000,0.000000,10.000000,1.000000
8.000000,38.000000,1584.000000,777.000000,34.000000,50.000000,0.000000,10.000000,1.000000
1.000000,39.000000,1658.000000,915.000000,36.000000,56.000000,0.000000,10.000000,1.000000
2.000000,39.000000,1658.000000,915.000000,36.000000,56.000000,0.000000,10.000000,1.000000
3.000000,39.000000,1658.000000,915.000000,36.000000,56.000000,0.000000,10.000000,1.000000
4.000000,39.000000,1658.000000,915.000000,36.000000,56.000000,0.000000,10.000000,1.000000
5.000000,39.000000,1658.000000,915.000000,36.000000,56.000000,0.000000,10.000000,1.000000
6.000000,39.000000,1658.000000,915.000000,36.000000,56.000000,0.000000,10.000000,1.000000
7.000000,39.000000,1658.000000,915.000000,36.000000,56.000000,0.000000,10.000000,1.000000
8.000000,39.000000,1658.000000,915.000000,36.000000,56.000000,0.000000,10.000000,1.000000
1.000000,40.000000,1340.000000,288.000000,28.000000,36.000000,0.000000,10.000000,0.864860
2.000000,40.000000,1340.000000,288.000000,28.000000,36.000000,0.000000,10.000000,0.864860
3.000000,40.000000,1340.000000,288.000000,28.000000,36.000000,0.000000,10.000000,0.864860
4.000000,40.000000,1340.000000,288.000000,28.000000,36.000000,0.000000,10.000000,0.864860
5.000000,40.000000,1340.000000,288.000000,28.000000,36.000000,0.000000,10.000000,0.864860
6.000000,40.000000,1340.000000,288.000000,28.000000,36.000000,0.000000,10.000000,0.864860
7.000000,40.000000,1340.000000,288.000000,28.000000,36.000000,0.000000,10.000000,0.864860
8.000000,40.000000,1340.000000,288.000000,28.000000,36.000000,0.000000,10.000000,0.864860
1.000000,41.000000,1249.000000,111.000000,27.000000,32.000000,0.000000,10.000000,0.178570
2.000000,41.000000,1249.000000,111.000000,27.000000,32.000000,0.000000,10.000000,0.178570
3.000000,41.000000,1249.000000,111.000000,27.000000,32.000000,0.000000,10.000000,0.178570
4.000000,41.000000,1249.000000,111.000000,27.000000,32.000000,0.000000,10.000000,0.178570
5.000000,41.000000,1249.000000,111.000000,27.000000,32.000000,0.000000,10.000000,0.178570
6.000000,41.000000,1249.000000,111.000000,27.000000,32.000000,0.000000,10.000000,0.142860
7.000000,41.000000,1249.000000,111.000000,27.000000,32.000000,0.000000,10.000000,0.142860
8.000000,41.000000,1249.000000,111.000000,27.000000,32.000000,0.000000,10.000000,0.142860
1.000000,42.000000,718.000000,790.000000,30.000000,48.000000,0.000000,10.000000,0.516130
2.000000,42.000000,718.000000,790.000000,30.000000,48.000000,0.000000,10.000000,0.548390
3.000000,42.000000,718.000000,790.000000,30.000000,48.000000,0.000000,10.000000,0.548390
4.000000,42.000000,718.000000,790.000000,30.000000,48.000000,0.000000,10.000000,0.548390
5.000000,42.000000,718.000000,790.000000,30.000000,48.000000,0.000000,10.000000,0.548390
6.000000,42.000000,718.000000,790.000000,30.000000,48.000000,0.000000,10.000000,0.548390
7.000000,42.000000,718.000000,790.000000,30.000000,48.000000,0.000000,10.000000,0.548390
8.000000,42.000000,718.000000,790.000000,30.000000,48.000000,0.000000,10.000000,0.548390
1.000000,43.000000,703.000000,503.000000,30.000000,43.000000,0.000000,10.000000,0.645160
2.000000,43.000000,703.000000,503.000000,30.000000,43.000000,0.000000,10.000000,0.645160
3.000000,43.000000,703.000000,503.000000,30.000000,43.000000,0.000000,10.000000,0.645160
4.000000,43.000000,703.000000,503.000000,30.000000,43.000000,0.000000,10.000000,0.645160
5.000000,43.000000,703.000000,503.000000,30.000000,43.000000,0.000000,10.000000,0.645160
6.000000,43.000000,703.000000,503.000000,30.000000,43.000000,0.000000,10.000000,0.645160
7.000000,43.000000,703.000000,503.000000,30.000000,43.000000,0.000000,10.000000,0.645160
8.000000,43.000000,703.000000,503.000000,30.000000,43.000000,0.000000,10.000000,0.645160
1.000000,44.000000,699.000000,428.000000,30.000000,42.000000,0.000000,10.000000,0.516130
2.000000,44.000000,699.000000,428.000000,30.000000,42.000000,0.000000,10.000000,0.516130
3.000000,44.000000,699.000000,428.000000,30.000000,42.000000,0.000000,10.000000,0.516130
4.000000,44.000000,699.000000,428.000000,30.000000,42.000000,0.000000,10.000000,0.516130
5.000000,44.000000,699.000000,428.000000,30.000000,42.000000,0.000000,10.000000,0.516130
6.000000,44.000000,699.000000,428.000000,30.000000,42.000000,0.000000,10.000000,0.516130
7.000000,44.000000,699.000000,428.000000,30.000000,42.000000,0.000000,10.000000,0.516130
8.000000,44.000000,699.000000,428.000000,30.000000,42.000000,0.000000,10.000000,0.516130
1.000000,45.000000,687.000000,206.000000,77.000000,112.000000,0.000000,7.000000,0.792260
2.000000,45.000000,687.000000,206.000000,77.000000,112.000000,0.000000,7.000000,0.792260
3.000000,45.000000,687.000000,206.000000,77.000000,112.000000,0.000000,7.000000,0.792260
4.000000,45.000000,687.000000,206.000000,77.000000,112.000000,0.000000,7.000000,0.792260
5.000000,45.000000,687.000000,206.000000,77.000000,112.000000,0.000000,7.000000,0.792260
6.000000,45.000000,687.000000,206.000000,77.000000,112.000000,0.000000,7.000000,0.792260
7.000000,45.000000,687.000000,206.000000,77.000000,112.000000,0.000000,7.000000,0.792260
8.000000,45.000000,687.000000,206.000000,77.000000,112.000000,0.000000,7.000000,0.792260
1.000000,46.000000,678.000000,291.000000,57.000000,121.000000,0.000000,7.000000,0.576030
2.000000,46.000000,678.000000,291.000000,57.000000,121.000000,0.000000,7.000000,0.576030
3.000000,46.000000,678.000000,291.000000,57.000000,121.000000,0.000000,7.000000,0.576030
4.000000,46.000000,678.000000,291.000000,57.000000,121.000000,0.000000,7.000000,0.576030
5.000000,46.000000,678.000000,291.000000,57.000000,121.000000,0.000000,7.000000,0.576030
6.000000,46.000000,678.000000,291.000000,57.000000,121.000000,0.000000,7.000000,0.576030
7.000000,46.000000,678.000000,291.000000,57.000000,121.000000,0.000000,7.000000,0.576030
8.000000,46.000000,678.000000,291.000000,57.000000,121.000000,0.000000,7.000000,0.576030
1.000000,47.000000,1543.000000,628.000000,176.000000,116.000000,0.000000,4.000000,1.000000
2.000000,47.000000,1543.000000,628.000000,176.000000,116.000000,0.000000,4.000000,1.000000
3.000000,47.000000,1543.000000,628.000000,176.000000,116.000000,0.000000,4.000000,1.000000
4.000000,47.000000,1543.000000,628.000000,176.000000,116.000000,0.000000,4.000000,1.000000
5.000000,47.000000,1543.000000,628.000000,176.000000,116.000000,0.000000,4.000000,1.000000
6.000000,47.000000,1543.000000,628.000000,176.000000,116.000000,0.000000,4.000000,1.000000
7.000000,47.000000,1543.000000,628.000000,176.000000,116.000000,0.000000,4.000000,1.000000
8.000000,47.000000,1543.000000,628.000000,176.000000,116.000000,0.000000,4.000000,1.000000
1.000000,48.000000,1193.000000,320.000000,270.000000,255.000000,0.000000,3.000000,0.989810
2.000000,48.000000,1193.000000,320.000000,270.000000,255.000000,0.000000,3.000000,0.988240
3.000000,48.000000,1193.000000,320.000000,270.000000,255.000000,0.000000,3.000000,0.988240
4.000000,48.000000,1193.000000,320.000000,270.000000,255.000000,0.000000,3.000000,0.988240
5.000000,48.000000,1193.000000,320.000000,270.000000,255.000000,0.000000,3.000000,0.988240
6.000000,48.000000,1193.000000,320.000000,270.000000,255.000000,0.000000,3.000000,0.988240
7.000000,48.000000,1193.000000,320.000000,270.000000,255.000000,0.000000,3.000000,0.988240
8.000000,48.000000,1193.000000,320.000000,270.000000,255.000000,0.000000,3.000000,0.988240
1.000000,49.000000,1790.000000,94.000000,152.000000,105.000000,0.000000,4.000000,0.856210
2.000000,49.000000,1790.000000,94.000000,152.000000,105.000000,0.000000,4.000000,0.856210
3.000000,49.000000,1790.000000,94.000000,152.000000,105.000000,0.000000,4.000000,0.856210
4.000000,49.000000,1790.000000,94.000000,152.000000,105.000000,0.000000,4.000000,0.856210
5.000000,49.000000,1790.000000,94.000000,152.000000,105.000000,0.000000,4.000000,0.856210
6.000000,49.000000,1790.000000,94.000000,152.000000,105.000000,0.000000,4.000000,0.856210
7.000000,49.000000,1790.000000,94.000000,152.000000,105.000000,0.000000,4.000000,0.856210
8.000000,49.000000,1790.000000,94.000000,152.000000,105.000000,0.000000,4.000000,0.856210
1.000000,50.000000,1483.000000,538.000000,252.000000,181.000000,0.000000,5.000000,0.646350
2.000000,50.000000,1483.000000,538.000000,252.000000,181.000000,0.000000,5.000000,0.646350
3.000000,50.000000,1483.000000,538.000000,252.000000,181.000000,0.000000,5.000000,0.646350
4.000000,50.000000,1483.000000,538.000000,252.000000,181.000000,0.000000,5.000000,0.646350
5.000000,50.000000,1483.000000,538.000000,252.000000,181.000000,0.000000,5.000000,0.646350
6.000000,50.000000,1483.000000,538.000000,252.000000,181.000000,0.000000,5.000000,0.646350
7.000000,50.000000,1483.000000,538.000000,252.000000,181.000000,0.000000,5.000000,0.646350
8.000000,50.000000,1483.000000,538.000000,252.000000,181.000000,0.000000,5.000000,0.646350
1.000000,51.000000,1279.000000,173.000000,129.000000,104.000000,0.000000,4.000000,1.000000
2.000000,51.000000,1279.000000,173.000000,129.000000,104.000000,0.000000,4.000000,1.000000
3.000000,51.000000,1279.000000,173.000000,129.000000,104.000000,0.000000,4.000000,1.000000
4.000000,51.000000,1279.000000,173.000000,129.000000,104.000000,0.000000,4.000000,1.000000
5.000000,51.000000,1279.000000,173.000000,129.000000,104.000000,0.000000,4.000000,1.000000
6.000000,51.000000,1279.000000,173.000000,129.000000,104.000000,0.000000,4.000000,1.000000
7.000000,51.000000,1279.000000,173.000000,129.000000,104.000000,0.000000,4.000000,1.000000
8.000000,51.000000,1279.000000,173.000000,129.000000,104.000000,0.000000,4.000000,1.000000
1.000000,52.000000,1280.000000,153.000000,162.000000,96.000000,0.000000,4.000000,0.126810
2.000000,52.000000,1280.000000,153.000000,162.000000,96.000000,0.000000,4.000000,0.118650
3.000000,52.000000,1280.000000,153.000000,162.000000,96.000000,0.000000,4.000000,0.113660
4.000000,52.000000,1280.000000,153.000000,162.000000,96.000000,0.000000,4.000000,0.106820
5.000000,52.000000,1280.000000,153.000000,162.000000,96.000000,0.000000,4.000000,0.101570
6.000000,52.000000,1280.000000,153.000000,162.000000,96.000000,0.000000,4.000000,0.098096
7.000000,52.000000,1280.000000,153.000000,162.000000,96.000000,0.000000,4.000000,0.089115
8.000000,52.000000,1280.000000,153.000000,162.000000,96.000000,0.000000,4.000000,0.083486
1.000000,53.000000,1249.000000,150.000000,160.000000,99.000000,0.000000,4.000000,0.211990
2.000000,53.000000,1249.000000,150.000000,160.000000,99.000000,0.000000,4.000000,0.211990
3.000000,53.000000,1249.000000,150.000000,160.000000,99.000000,0.000000,4.000000,0.211990
4.000000,53.000000,1249.000000,150.000000,160.000000,99.000000,0.000000,4.000000,0.211990
5.000000,53.000000,1249.000000,150.000000,160.000000,99.000000,0.000000,4.000000,0.211990
6.000000,53.000000,1249.000000,150.000000,160.000000,99.000000,0.000000,4.000000,0.211990
7.000000,53.000000,1249.000000,150.000000,160.000000,99.000000,0.000000,4.000000,0.211990
8.000000,53.000000,1249.000000,150.000000,160.000000,99.000000,0.000000,4.000000,0.211990
1.000000,54.000000,1185.000000,-7.000000,153.000000,95.000000,0.000000,4.000000,0.275910
2.000000,54.000000,1185.000000,-7.000000,153.000000,95.000000,0.000000,4.000000,0.273130
3.000000,54.000000,1185.000000,-7.000000,153.000000,95.000000,0.000000,4.000000,0.270560
4.000000,54.000000,1185.000000,-7.000000,153.000000,95.000000,0.000000,4.000000,0.271370
5.000000,54.000000,1185.000000,-7.000000,153.000000,95.000000,0.000000,4.000000,0.265020
6.000000,54.000000,1185.000000,-7.000000,153.000000,95.000000,0.000000,4.000000,0.265960
7.000000,54.000000,1185.000000,-7.000000,153.000000,95.000000,0.000000,4.000000,0.263460
8.000000,54.000000,1185.000000,-7.000000,153.000000,95.000000,0.000000,4.000000,0.257580
1.000000,55.000000,563.000000,162.000000,166.000000,97.000000,0.000000,4.000000,0.278200
2.000000,55.000000,562.000000,161.000000,166.000000,97.000000,0.000000,4.000000,0.273490
3.000000,55.000000,562.000000,161.000000,166.000000,97.000000,0.000000,4.000000,0.267510
4.000000,55.000000,562.000000,161.000000,166.000000,97.000000,0.000000,4.000000,0.261520
5.000000,55.000000,562.000000,161.000000,166.000000,97.000000,0.000000,4.000000,0.261520
6.000000,55.000000,562.000000,161.000000,166.000000,97.000000,0.000000,4.000000,0.255530
7.000000,55.000000,562.000000,161.000000,166.000000,97.000000,0.000000,4.000000,0.249540
8.000000,55.000000,562.000000,161.000000,166.000000,97.000000,0.000000,4.000000,0.249540
1.000000,56.000000,550.000000,84.000000,172.000000,88.000000,0.000000,4.000000,0.384750
2.000000,56.000000,550.000000,84.000000,172.000000,88.000000,0.000000,4.000000,0.383580
3.000000,56.000000,550.000000,84.000000,172.000000,88.000000,0.000000,4.000000,0.382740
4.000000,56.000000,550.000000,84.000000,172.000000,88.000000,0.000000,4.000000,0.381890
5.000000,56.000000,550.000000,84.000000,172.000000,88.000000,0.000000,4.000000,0.381890
6.000000,56.000000,550.000000,84.000000,172.000000,88.000000,0.000000,4.000000,0.381050
7.000000,56.000000,550.000000,84.000000,172.000000,88.000000,0.000000,4.000000,0.380200
8.000000,56.000000,550.000000,84.000000,172.000000,88.000000,0.000000,4.000000,0.380200
1.000000,57.000000,517.000000,55.000000,170.000000,89.000000,0.000000,4.000000,0.165890
2.000000,57.000000,517.000000,55.000000,170.000000,89.000000,0.000000,4.000000,0.165890
3.000000,57.000000,517.000000,55.000000,170.000000,89.000000,0.000000,4.000000,0.165890
4.000000,57.000000,517.000000,55.000000,170.000000,89.000000,0.000000,4.000000,0.165890
5.000000,57.000000,517.000000,55.000000,170.000000,89.000000,0.000000,4.000000,0.165890
6.000000,57.000000,517.000000,55.000000,170.000000,89.000000,0.000000,4.000000,0.165890
7.000000,57.000000,517.000000,55.000000,170.000000,89.000000,0.000000,4.000000,0.165890
8.000000,57.000000,517.000000,55.000000,170.000000,89.000000,0.000000,4.000000,0.165890
1.000000,58.000000,574.000000,15.000000,139.000000,107.000000,0.000000,4.000000,0.205290
2.000000,58.000000,574.000000,15.000000,139.000000,107.000000,0.000000,4.000000,0.205290
3.000000,58.000000,574.000000,15.000000,139.000000,107.000000,0.000000,4.000000,0.205290
4.000000,58.000000,574.000000,15.000000,139.000000,107.000000,0.000000,4.000000,0.205290
5.000000,58.000000,574.000000,15.000000,139.000000,107.000000,0.000000,4.000000,0.205290
6.000000,58.000000,574.000000,15.000000,139.000000,107.000000,0.000000,4.000000,0.205290
7.000000,58.000000,574.000000,15.000000,139.000000,107.000000,0.000000,4.000000,0.205290
8.000000,58.000000,574.000000,15.000000,139.000000,107.000000,0.000000,4.000000,0.205290
1.000000,59.000000,1725.000000,882.000000,196.000000,134.000000,0.000000,4.000000,0.683290
2.000000,59.000000,1725.000000,882.000000,196.000000,134.000000,0.000000,4.000000,0.683290
3.000000,59.000000,1725.000000,882.000000,196.000000,134.000000,0.000000,4.000000,0.683290
4.000000,59.000000,1725.000000,882.000000,196.000000,134.000000,0.000000,4.000000,0.683290
5.000000,59.000000,1725.000000,882.000000,196.000000,134.000000,0.000000,4.000000,0.683290
6.000000,59.000000,1725.000000,882.000000,196.000000,134.000000,0.000000,4.000000,0.683290
7.000000,59.000000,1725.000000,882.000000,196.000000,134.000000,0.000000,4.000000,0.683290
8.000000,59.000000,1725.000000,882.000000,196.000000,134.000000,0.000000,4.000000,0.683290
1.000000,60.000000,796.000000,149.000000,60.000000,175.000000,1.000000,1.000000,1.000000
2.000000,60.000000,795.000000,149.000000,60.000000,174.000000,1.000000,1.000000,1.000000
3.000000,60.000000,795.000000,149.000000,60.000000,174.000000,1.000000,1.000000,1.000000
4.000000,60.000000,795.000000,149.000000,60.000000,174.000000,1.000000,1.000000,1.000000
5.000000,60.000000,795.000000,149.000000,60.000000,174.000000,1.000000,1.000000,1.000000
6.000000,60.000000,795.000000,149.000000,60.000000,174.000000,1.000000,1.000000,1.000000
7.000000,60.000000,795.000000,149.000000,60.000000,174.000000,1.000000,1.000000,1.000000
8.000000,60.000000,795.000000,149.000000,60.000000,174.000000,1.000000,1.000000,1.000000
1.000000,61.000000,1789.000000,206.000000,65.000000,184.000000,1.000000,1.000000,1.000000
2.000000,61.000000,1790.000000,207.000000,65.000000,183.000000,1.000000,1.000000,1.000000
3.000000,61.000000,1791.000000,208.000000,65.000000,183.000000,1.000000,1.000000,1.000000
4.000000,61.000000,1792.000000,209.000000,65.000000,182.000000,1.000000,1.000000,1.000000
5.000000,61.000000,1794.000000,210.000000,64.000000,182.000000,1.000000,1.000000,1.000000
6.000000,61.000000,1795.000000,211.000000,65.000000,181.000000,1.000000,1.000000,1.000000
7.000000,61.000000,1796.000000,212.000000,65.000000,181.000000,1.000000,1.000000,1.000000
8.000000,61.000000,1798.000000,213.000000,64.000000,180.000000,1.000000,1.000000,1.000000
1.000000,62.000000,1487.000000,71.000000,53.000000,145.000000,1.000000,1.000000,0.765350
2.000000,62.000000,1487.000000,71.000000,53.000000,145.000000,1.000000,1.000000,0.765350
3.000000,62.000000,1487.000000,70.000000,53.000000,146.000000,1.000000,1.000000,0.766940
4.000000,62.000000,1487.000000,70.000000,53.000000,146.000000,1.000000,1.000000,0.766940
5.000000,62.000000,1487.000000,70.000000,53.000000,146.000000,1.000000,1.000000,0.766940
6.000000,62.000000,1487.000000,70.000000,53.000000,146.000000,1.000000,1.000000,0.766940
7.000000,62.000000,1487.000000,70.000000,53.000000,146.000000,1.000000,1.000000,0.766940
8.000000,62.000000,1487.000000,70.000000,53.000000,146.000000,1.000000,1.000000,0.766940
1.000000,63.000000,1636.000000,265.000000,66.000000,181.000000,1.000000,1.000000,1.000000
2.000000,63.000000,1634.000000,264.000000,66.000000,181.000000,1.000000,1.000000,1.000000
3.000000,63.000000,1633.000000,263.000000,65.000000,182.000000,1.000000,1.000000,1.000000
4.000000,63.000000,1632.000000,263.000000,64.000000,182.000000,1.000000,1.000000,1.000000
5.000000,63.000000,1631.000000,262.000000,63.000000,182.000000,1.000000,1.000000,1.000000
6.000000,63.000000,1630.000000,262.000000,63.000000,182.000000,1.000000,1.000000,0.994540
7.000000,63.000000,1629.000000,261.000000,62.000000,183.000000,1.000000,1.000000,0.988960
8.000000,63.000000,1628.000000,260.000000,61.000000,183.000000,1.000000,1.000000,0.983430
1.000000,64.000000,1358.000000,612.000000,42.000000,89.000000,0.000000,10.000000,0.116280
2.000000,64.000000,1358.000000,612.000000,42.000000,89.000000,0.000000,10.000000,0.093023
3.000000,64.000000,1358.000000,612.000000,42.000000,89.000000,0.000000,10.000000,0.093023
4.000000,64.000000,1358.000000,612.000000,42.000000,89.000000,0.000000,10.000000,0.093023
5.000000,64.000000,1358.000000,612.000000,42.000000,89.000000,0.000000,10.000000,0.093023
6.000000,64.000000,1358.000000,612.000000,42.000000,89.000000,0.000000,10.000000,0.093023
7.000000,64.000000,1358.000000,612.000000,42.000000,89.000000,0.000000,10.000000,0.093023
8.000000,64.000000,1358.000000,612.000000,42.000000,89.000000,0.000000,10.000000,0.093023
1.000000,65.000000,1557.000000,254.000000,60.000000,192.000000,1.000000,1.000000,0.267050
2.000000,65.000000,1555.000000,253.000000,60.000000,192.000000,1.000000,1.000000,0.252870
3.000000,65.000000,1554.000000,252.000000,60.000000,192.000000,1.000000,1.000000,0.248360
4.000000,65.000000,1553.000000,251.000000,60.000000,192.000000,1.000000,1.000000,0.243860
5.000000,65.000000,1551.000000,251.000000,60.000000,192.000000,1.000000,1.000000,0.224500
6.000000,65.000000,1550.000000,250.000000,60.000000,192.000000,1.000000,1.000000,0.219990
7.000000,65.000000,1549.000000,249.000000,60.000000,192.000000,1.000000,1.000000,0.215490
8.000000,65.000000,1547.000000,249.000000,60.000000,192.000000,1.000000,1.000000,0.203010
1.000000,66.000000,1104.000000,212.000000,56.000000,181.000000,1.000000,1.000000,1.000000
2.000000,66.000000,1097.000000,211.000000,61.000000,181.000000,1.000000,1.000000,1.000000
3.000000,66.000000,1091.000000,211.000000,66.000000,180.000000,1.000000,1.000000,1.000000
4.000000,66.000000,1085.000000,210.000000,70.000000,180.000000,1.000000,1.000000,1.000000
5.000000,66.000000,1079.000000,210.000000,75.000000,180.000000,1.000000,1.000000,1.000000
6.000000,66.000000,1073.000000,209.000000,79.000000,180.000000,1.000000,1.000000,1.000000
7.000000,66.000000,1067.000000,209.000000,84.000000,179.000000,1.000000,1.000000,1.000000
8.000000,66.000000,1061.000000,208.000000,88.000000,180.000000,1.000000,1.000000,1.000000
1.000000,67.000000,1031.000000,133.000000,80.000000,183.000000,1.000000,1.000000,0.943640
2.000000,67.000000,1031.000000,133.000000,79.000000,183.000000,1.000000,1.000000,0.899180
3.000000,67.000000,1031.000000,134.000000,78.000000,182.000000,1.000000,1.000000,0.860690
4.000000,67.000000,1031.000000,135.000000,77.000000,181.000000,1.000000,1.000000,0.819100
5.000000,67.000000,1031.000000,135.000000,76.000000,181.000000,1.000000,1.000000,0.778580
6.000000,67.000000,1031.000000,136.000000,75.000000,180.000000,1.000000,1.000000,0.733060
7.000000,67.000000,1031.000000,137.000000,74.000000,179.000000,1.000000,1.000000,0.688000
8.000000,67.000000,1031.000000,137.000000,73.000000,179.000000,1.000000,1.000000,0.639940
1.000000,68.000000,228.000000,401.000000,63.000000,203.000000,1.000000,1.000000,1.000000
2.000000,68.000000,226.000000,399.000000,63.000000,202.000000,1.000000,1.000000,1.000000
3.000000,68.000000,224.000000,398.000000,64.000000,201.000000,1.000000,1.000000,1.000000
4.000000,68.000000,223.000000,397.000000,63.000000,200.000000,1.000000,1.000000,1.000000
5.000000,68.000000,221.000000,395.000000,64.000000,200.000000,1.000000,1.000000,1.000000
6.000000,68.000000,220.000000,394.000000,64.000000,199.000000,1.000000,1.000000,1.000000
7.000000,68.000000,218.000000,393.000000,64.000000,197.000000,1.000000,1.000000,1.000000
8.000000,68.000000,216.000000,391.000000,65.000000,197.000000,1.000000,1.000000,1.000000
1.000000,69.000000,264.000000,365.000000,60.000000,221.000000,1.000000,1.000000,0.615420
2.000000,69.000000,262.000000,363.000000,60.000000,221.000000,1.000000,1.000000,0.615420
3.000000,69.000000,260.000000,362.000000,60.000000,220.000000,1.000000,1.000000,0.602030
4.000000,69.000000,259.000000,361.000000,59.000000,219.000000,1.000000,1.000000,0.609700
5.000000,69.000000,257.000000,360.000000,59.000000,218.000000,1.000000,1.000000,0.593910
6.000000,69.000000,256.000000,359.000000,58.000000,217.000000,1.000000,1.000000,0.587390
7.000000,69.000000,254.000000,357.000000,58.000000,217.000000,1.000000,1.000000,0.589640
8.000000,69.000000,252.000000,356.000000,58.000000,216.000000,1.000000,1.000000,0.573540
1.000000,70.000000,872.000000,122.000000,58.000000,180.000000,1.000000,1.000000,1.000000
2.000000,70.000000,872.000000,122.000000,59.000000,180.000000,1.000000,1.000000,1.000000
3.000000,70.000000,873.000000,123.000000,59.000000,180.000000,1.000000,1.000000,1.000000
4.000000,70.000000,874.000000,124.000000,59.000000,179.000000,1.000000,1.000000,1.000000
5.000000,70.000000,874.000000,124.000000,60.000000,180.000000,1.000000,1.000000,1.000000
6.000000,70.000000,875.000000,125.000000,60.000000,179.000000,1.000000,1.000000,1.000000
7.000000,70.000000,876.000000,126.000000,60.000000,179.000000,1.000000,1.000000,1.000000
8.000000,70.000000,876.000000,126.000000,61.000000,179.000000,1.000000,1.000000,1.000000
1.000000,71.000000,912.000000,129.000000,48.000000,161.000000,1.000000,1.000000,0.612240
2.000000,71.000000,912.000000,130.000000,48.000000,161.000000,1.000000,1.000000,0.591840
3.000000,71.000000,912.000000,131.000000,49.000000,161.000000,1.000000,1.000000,0.580000
4.000000,71.000000,912.000000,132.000000,49.000000,161.000000,1.000000,1.000000,0.560000
5.000000,71.000000,913.000000,134.000000,49.000000,160.000000,1.000000,1.000000,0.560000
6.000000,71.000000,913.000000,135.000000,50.000000,160.000000,1.000000,1.000000,0.549020
7.000000,71.000000,913.000000,136.000000,50.000000,160.000000,1.000000,1.000000,0.529410
8.000000,71.000000,914.000000,138.000000,50.000000,159.000000,1.000000,1.000000,0.529410
1.000000,72.000000,1040.000000,-39.000000,46.000000,123.000000,1.000000,1.000000,0.677420
2.000000,72.000000,1039.000000,-40.000000,46.000000,123.000000,1.000000,1.000000,0.669350
3.000000,72.000000,1039.000000,-40.000000,46.000000,122.000000,1.000000,1.000000,0.666670
4.000000,72.000000,1039.000000,-41.000000,46.000000,123.000000,1.000000,1.000000,0.661290
5.000000,72.000000,1039.000000,-41.000000,46.000000,122.000000,1.000000,1.000000,0.658540
6.000000,72.000000,1039.000000,-42.000000,46.000000,123.000000,1.000000,1.000000,0.653230
7.000000,72.000000,1039.000000,-42.000000,46.000000,122.000000,1.000000,1.000000,0.650410
8.000000,72.000000,1039.000000,-43.000000,46.000000,122.000000,1.000000,1.000000,0.642280
1.000000,73.000000,996.000000,-41.000000,47.000000,121.000000,1.000000,1.000000,0.601090
2.000000,73.000000,996.000000,-41.000000,47.000000,121.000000,1.000000,1.000000,0.587430
3.000000,73.000000,996.000000,-42.000000,47.000000,121.000000,1.000000,1.000000,0.580090
4.000000,73.000000,997.000000,-43.000000,47.000000,121.000000,1.000000,1.000000,0.559430
5.000000,73.000000,997.000000,-43.000000,47.000000,120.000000,1.000000,1.000000,0.556820
6.000000,73.000000,998.000000,-44.000000,47.000000,121.000000,1.000000,1.000000,0.539110
7.000000,73.000000,998.000000,-44.000000,47.000000,120.000000,1.000000,1.000000,0.536500
8.000000,73.000000,999.000000,-45.000000,47.000000,120.000000,1.000000,1.000000,0.516530
1.000000,74.000000,1449.000000,251.000000,55.000000,171.000000,1.000000,1.000000,0.839600
2.000000,74.000000,1448.000000,250.000000,54.000000,170.000000,1.000000,1.000000,0.828180
3.000000,74.000000,1447.000000,249.000000,53.000000,170.000000,1.000000,1.000000,0.815900
4.000000,74.000000,1446.000000,248.000000,53.000000,170.000000,1.000000,1.000000,0.807020
5.000000,74.000000,1445.000000,247.000000,52.000000,170.000000,1.000000,1.000000,0.794550
6.000000,74.000000,1444.000000,246.000000,52.000000,170.000000,1.000000,1.000000,0.785940
7.000000,74.000000,1443.000000,245.000000,51.000000,169.000000,1.000000,1.000000,0.774320
8.000000,74.000000,1442.000000,244.000000,50.000000,169.000000,1.000000,1.000000,0.761480
1.000000,75.000000,1420.000000,198.000000,46.000000,171.000000,1.000000,1.000000,0.555670
2.000000,75.000000,1418.000000,197.000000,46.000000,171.000000,1.000000,1.000000,0.567910
3.000000,75.000000,1417.000000,196.000000,46.000000,171.000000,1.000000,1.000000,0.571620
4.000000,75.000000,1415.000000,196.000000,46.000000,171.000000,1.000000,1.000000,0.578430
5.000000,75.000000,1414.000000,195.000000,46.000000,171.000000,1.000000,1.000000,0.582260
6.000000,75.000000,1413.000000,195.000000,46.000000,171.000000,1.000000,1.000000,0.580280
7.000000,75.000000,1411.000000,194.000000,46.000000,171.000000,1.000000,1.000000,0.593390
8.000000,75.000000,1410.000000,193.000000,46.000000,171.000000,1.000000,1.000000,0.597350
1.000000,76.000000,704.000000,-5.000000,53.000000,163.000000,1.000000,1.000000,0.802510
2.000000,76.000000,704.000000,-5.000000,53.000000,163.000000,1.000000,1.000000,0.802510
3.000000,76.000000,704.000000,-5.000000,53.000000,163.000000,1.000000,1.000000,0.802510
4.000000,76.000000,704.000000,-5.000000,53.000000,163.000000,1.000000,1.000000,0.802510
5.000000,76.000000,704.000000,-5.000000,53.000000,163.000000,1.000000,1.000000,0.802510
6.000000,76.000000,704.000000,-5.000000,53.000000,163.000000,1.000000,1.000000,0.802510
7.000000,76.000000,704.000000,-5.000000,53.000000,163.000000,1.000000,1.000000,0.802510
8.000000,76.000000,704.000000,-5.000000,53.000000,163.000000,1.000000,1.000000,0.802510
1.000000,77.000000,759.000000,-59.000000,40.000000,110.000000,1.000000,1.000000,0.459460
2.000000,77.000000,758.000000,-60.000000,40.000000,110.000000,1.000000,1.000000,0.450450
3.000000,77.000000,758.000000,-61.000000,40.000000,110.000000,1.000000,1.000000,0.441440
4.000000,77.000000,757.000000,-62.000000,40.000000,110.000000,1.000000,1.000000,0.421890
5.000000,77.000000,757.000000,-62.000000,40.000000,109.000000,1.000000,1.000000,0.416850
6.000000,77.000000,756.000000,-63.000000,40.000000,110.000000,1.000000,1.000000,0.402770
7.000000,77.000000,756.000000,-64.000000,40.000000,110.000000,1.000000,1.000000,0.394200
8.000000,77.000000,755.000000,-64.000000,40.000000,109.000000,1.000000,1.000000,0.379160
1.000000,78.000000,551.000000,-43.000000,37.000000,132.000000,1.000000,1.000000,0.287300
2.000000,78.000000,551.000000,-43.000000,37.000000,131.000000,1.000000,1.000000,0.289470
3.000000,78.000000,551.000000,-43.000000,37.000000,131.000000,1.000000,1.000000,0.289470
4.000000,78.000000,551.000000,-43.000000,37.000000,131.000000,1.000000,1.000000,0.289470
5.000000,78.000000,551.000000,-43.000000,37.000000,131.000000,1.000000,1.000000,0.289470
6.000000,78.000000,551.000000,-43.000000,38.000000,131.000000,1.000000,1.000000,0.284770
7.000000,78.000000,551.000000,-43.000000,38.000000,131.000000,1.000000,1.000000,0.284770
8.000000,78.000000,551.000000,-43.000000,38.000000,131.000000,1.000000,1.000000,0.284770
1.000000,79.000000,598.000000,-7.000000,61.000000,77.000000,0.000000,7.000000,0.052109
2.000000,79.000000,598.000000,-7.000000,61.000000,77.000000,0.000000,7.000000,0.052109
3.000000,79.000000,598.000000,-7.000000,61.000000,77.000000,0.000000,7.000000,0.052109
4.000000,79.000000,598.000000,-7.000000,61.000000,77.000000,0.000000,7.000000,0.052109
5.000000,79.000000,598.000000,-7.000000,61.000000,77.000000,0.000000,7.000000,0.052109
6.000000,79.000000,598.000000,-7.000000,61.000000,77.000000,0.000000,7.000000,0.052109
7.000000,79.000000,598.000000,-7.000000,61.000000,77.000000,0.000000,7.000000,0.052109
8.000000,79.000000,598.000000,-7.000000,61.000000,77.000000,0.000000,7.000000,0.052109
1.000000,80.000000,-30.000000,877.000000,72.000000,241.000000,1.000000,1.000000,0.485000
2.000000,80.000000,-30.000000,875.000000,72.000000,243.000000,1.000000,1.000000,0.485740
3.000000,80.000000,-30.000000,874.000000,72.000000,244.000000,1.000000,1.000000,0.486110
4.000000,80.000000,-30.000000,872.000000,72.000000,246.000000,1.000000,1.000000,0.486830
5.000000,80.000000,-30.000000,871.000000,72.000000,247.000000,1.000000,1.000000,0.487190
6.000000,80.000000,-29.000000,869.000000,72.000000,249.000000,1.000000,1.000000,0.499510
7.000000,80.000000,-29.000000,868.000000,72.000000,250.000000,1.000000,1.000000,0.499860
8.000000,80.000000,-29.000000,866.000000,72.000000,252.000000,1.000000,1.000000,0.500570
1.000000,81.000000,1195.000000,40.000000,76.000000,112.000000,0.000000,7.000000,0.992070
2.000000,81.000000,1195.000000,39.000000,76.000000,112.000000,0.000000,7.000000,0.994710
3.000000,81.000000,1195.000000,39.000000,76.000000,112.000000,0.000000,7.000000,0.994710
4.000000,81.000000,1196.000000,39.000000,75.000000,112.000000,0.000000,7.000000,0.994640
5.000000,81.000000,1196.000000,38.000000,75.000000,113.000000,0.000000,7.000000,0.994690
6.000000,81.000000,1197.000000,38.000000,75.000000,113.000000,0.000000,7.000000,0.994460
7.000000,81.000000,1197.000000,38.000000,75.000000,112.000000,0.000000,7.000000,0.997210
8.000000,81.000000,1197.000000,37.000000,75.000000,113.000000,0.000000,7.000000,0.997230
1.000000,82.000000,506.000000,133.000000,55.000000,174.000000,1.000000,1.000000,0.216330
2.000000,82.000000,505.000000,134.000000,55.000000,173.000000,1.000000,1.000000,0.211820
3.000000,82.000000,505.000000,135.000000,55.000000,173.000000,1.000000,1.000000,0.190370
4.000000,82.000000,505.000000,136.000000,55.000000,173.000000,1.000000,1.000000,0.168720
5.000000,82.000000,504.000000,137.000000,55.000000,173.000000,1.000000,1.000000,0.163590
6.000000,82.000000,504.000000,138.000000,55.000000,173.000000,1.000000,1.000000,0.141630
7.000000,82.000000,504.000000,139.000000,55.000000,173.000000,1.000000,1.000000,0.119460
8.000000,82.000000,503.000000,140.000000,55.000000,173.000000,1.000000,1.000000,0.114120
1.000000,83.000000,514.000000,148.000000,88.000000,180.000000,1.000000,1.000000,1.000000
2.000000,83.000000,513.000000,148.000000,89.000000,181.000000,1.000000,1.000000,1.000000
3.000000,83.000000,512.000000,148.000000,91.000000,182.000000,1.000000,1.000000,1.000000
4.000000,83.000000,511.000000,148.000000,93.000000,183.000000,1.000000,1.000000,1.000000
5.000000,83.000000,510.000000,148.000000,94.000000,184.000000,1.000000,1.000000,1.000000
6.000000,83.000000,509.000000,148.000000,96.000000,186.000000,1.000000,1.000000,1.000000
7.000000,83.000000,508.000000,148.000000,98.000000,187.000000,1.000000,1.000000,1.000000
8.000000,83.000000,507.000000,148.000000,99.000000,188.000000,1.000000,1.000000,1.000000
1.000000,84.000000,463.000000,85.000000,52.000000,173.000000,1.000000,1.000000,0.683370
2.000000,84.000000,463.000000,83.000000,51.000000,173.000000,1.000000,1.000000,0.699930
3.000000,84.000000,463.000000,82.000000,51.000000,173.000000,1.000000,1.000000,0.702140
4.000000,84.000000,463.000000,81.000000,51.000000,173.000000,1.000000,1.000000,0.705350
5.000000,84.000000,463.000000,80.000000,51.000000,172.000000,1.000000,1.000000,0.695090
6.000000,84.000000,463.000000,79.000000,51.000000,172.000000,1.000000,1.000000,0.698530
7.000000,84.000000,463.000000,77.000000,50.000000,173.000000,1.000000,1.000000,0.727740
8.000000,84.000000,463.000000,76.000000,50.000000,172.000000,1.000000,1.000000,0.718120
1.000000,85.000000,417.000000,93.000000,55.000000,167.000000,1.000000,1.000000,1.000000
2.000000,85.000000,417.000000,92.000000,54.000000,167.000000,1.000000,1.000000,1.000000
3.000000,85.000000,417.000000,91.000000,54.000000,168.000000,1.000000,1.000000,1.000000
4.000000,85.000000,417.000000,91.000000,54.000000,168.000000,1.000000,1.000000,1.000000
5.000000,85.000000,417.000000,90.000000,54.000000,169.000000,1.000000,1.000000,1.000000
6.000000,85.000000,417.000000,90.000000,54.000000,169.000000,1.000000,1.000000,1.000000
7.000000,85.000000,417.000000,89.000000,53.000000,169.000000,1.000000,1.000000,1.000000
8.000000,85.000000,417.000000,88.000000,53.000000,170.000000,1.000000,1.000000,1.000000
1.000000,86.000000,541.000000,64.000000,41.000000,167.000000,1.000000,1.000000,0.455360
2.000000,86.000000,540.000000,64.000000,42.000000,167.000000,1.000000,1.000000,0.459300
3.000000,86.000000,540.000000,64.000000,42.000000,167.000000,1.000000,1.000000,0.462210
4.000000,86.000000,540.000000,64.000000,42.000000,167.000000,1.000000,1.000000,0.465120
5.000000,86.000000,540.000000,64.000000,42.000000,167.000000,1.000000,1.000000,0.469550
6.000000,86.000000,540.000000,64.000000,42.000000,167.000000,1.000000,1.000000,0.472310
7.000000,86.000000,540.000000,64.000000,42.000000,167.000000,1.000000,1.000000,0.475080
8.000000,86.000000,540.000000,64.000000,42.000000,167.000000,1.000000,1.000000,0.478960
1.000000,87.000000,491.000000,42.000000,49.000000,161.000000,1.000000,1.000000,0.413580
2.000000,87.000000,490.000000,42.000000,50.000000,160.000000,1.000000,1.000000,0.407620
3.000000,87.000000,490.000000,42.000000,50.000000,160.000000,1.000000,1.000000,0.407620
4.000000,87.000000,490.000000,42.000000,50.000000,160.000000,1.000000,1.000000,0.407620
5.000000,87.000000,490.000000,42.000000,50.000000,160.000000,1.000000,1.000000,0.407620
6.000000,87.000000,490.000000,42.000000,50.000000,160.000000,1.000000,1.000000,0.407620
7.000000,87.000000,490.000000,42.000000,50.000000,160.000000,1.000000,1.000000,0.412130
8.000000,87.000000,490.000000,42.000000,50.000000,160.000000,1.000000,1.000000,0.412370
1.000000,88.000000,356.000000,105.000000,52.000000,179.000000,1.000000,1.000000,1.000000
2.000000,88.000000,356.000000,105.000000,52.000000,178.000000,1.000000,1.000000,1.000000
3.000000,88.000000,356.000000,105.000000,52.000000,178.000000,1.000000,1.000000,1.000000
4.000000,88.000000,356.000000,105.000000,52.000000,178.000000,1.000000,1.000000,1.000000
5.000000,88.000000,356.000000,105.000000,52.000000,178.000000,1.000000,1.000000,1.000000
6.000000,88.000000,356.000000,105.000000,52.000000,178.000000,1.000000,1.000000,1.000000
7.000000,88.000000,356.000000,105.000000,52.000000,178.000000,1.000000,1.000000,1.000000
8.000000,88.000000,356.000000,105.000000,52.000000,178.000000,1.000000,1.000000,1.000000
1.000000,89.000000,373.000000,77.000000,47.000000,155.000000,1.000000,1.000000,0.274310
2.000000,89.000000,372.000000,77.000000,47.000000,154.000000,1.000000,1.000000,0.276210
3.000000,89.000000,372.000000,77.000000,47.000000,154.000000,1.000000,1.000000,0.275810
4.000000,89.000000,371.000000,77.000000,47.000000,154.000000,1.000000,1.000000,0.275130
5.000000,89.000000,371.000000,77.000000,47.000000,154.000000,1.000000,1.000000,0.274870
6.000000,89.000000,371.000000,77.000000,47.000000,154.000000,1.000000,1.000000,0.274870
7.000000,89.000000,370.000000,77.000000,47.000000,154.000000,1.000000,1.000000,0.274190
8.000000,89.000000,370.000000,77.000000,47.000000,154.000000,1.000000,1.000000,0.274060
1.000000,90.000000,287.000000,124.000000,53.000000,170.000000,1.000000,1.000000,1.000000
2.000000,90.000000,286.000000,123.000000,53.000000,170.000000,1.000000,1.000000,1.000000
3.000000,90.000000,286.000000,123.000000,53.000000,170.000000,1.000000,1.000000,1.000000
4.000000,90.000000,286.000000,123.000000,53.000000,170.000000,1.000000,1.000000,1.000000
5.000000,90.000000,286.000000,123.000000,53.000000,170.000000,1.000000,1.000000,1.000000
6.000000,90.000000,286.000000,123.000000,53.000000,170.000000,1.000000,1.000000,1.000000
7.000000,90.000000,286.000000,123.000000,53.000000,170.000000,1.000000,1.000000,1.000000
8.000000,90.000000,286.000000,123.000000,53.000000,170.000000,1.000000,1.000000,1.000000
1.000000,91.000000,337.000000,86.000000,49.000000,175.000000,1.000000,1.000000,0.384200
2.000000,91.000000,336.000000,86.000000,49.000000,174.000000,1.000000,1.000000,0.402060
3.000000,91.000000,336.000000,86.000000,49.000000,174.000000,1.000000,1.000000,0.402060
4.000000,91.000000,336.000000,86.000000,49.000000,174.000000,1.000000,1.000000,0.402060
5.000000,91.000000,336.000000,86.000000,49.000000,174.000000,1.000000,1.000000,0.402060
6.000000,91.000000,336.000000,86.000000,49.000000,174.000000,1.000000,1.000000,0.402060
7.000000,91.000000,336.000000,86.000000,49.000000,174.000000,1.000000,1.000000,0.402060
8.000000,91.000000,336.000000,86.000000,49.000000,174.000000,1.000000,1.000000,0.402060
1.000000,92.000000,223.000000,129.000000,46.000000,164.000000,1.000000,1.000000,0.966990
2.000000,92.000000,222.000000,128.000000,46.000000,165.000000,1.000000,1.000000,0.961930
3.000000,92.000000,222.000000,128.000000,45.000000,165.000000,1.000000,1.000000,0.961110
4.000000,92.000000,221.000000,128.000000,46.000000,165.000000,1.000000,1.000000,0.957700
5.000000,92.000000,221.000000,128.000000,45.000000,165.000000,1.000000,1.000000,0.956780
6.000000,92.000000,220.000000,128.000000,46.000000,165.000000,1.000000,1.000000,0.953470
7.000000,92.000000,220.000000,128.000000,45.000000,165.000000,1.000000,1.000000,0.952460
8.000000,92.000000,219.000000,128.000000,45.000000,165.000000,1.000000,1.000000,0.948140
1.000000,93.000000,266.000000,92.000000,56.000000,180.000000,1.000000,1.000000,0.424250
2.000000,93.000000,265.000000,92.000000,56.000000,180.000000,1.000000,1.000000,0.420370
3.000000,93.000000,264.000000,92.000000,56.000000,180.000000,1.000000,1.000000,0.434910
4.000000,93.000000,263.000000,92.000000,57.000000,180.000000,1.000000,1.000000,0.430840
5.000000,93.000000,262.000000,93.000000,57.000000,180.000000,1.000000,1.000000,0.441420
6.000000,93.000000,261.000000,93.000000,58.000000,180.000000,1.000000,1.000000,0.437210
7.000000,93.000000,260.000000,93.000000,58.000000,180.000000,1.000000,1.000000,0.451350
8.000000,93.000000,259.000000,94.000000,58.000000,180.000000,1.000000,1.000000,0.461930
1.000000,94.000000,242.000000,85.000000,58.000000,170.000000,1.000000,1.000000,0.089305
2.000000,94.000000,242.000000,85.000000,58.000000,169.000000,1.000000,1.000000,0.088136
3.000000,94.000000,242.000000,85.000000,58.000000,169.000000,1.000000,1.000000,0.084546
4.000000,94.000000,242.000000,85.000000,58.000000,169.000000,1.000000,1.000000,0.081256
5.000000,94.000000,242.000000,85.000000,58.000000,169.000000,1.000000,1.000000,0.081555
6.000000,94.000000,242.000000,85.000000,58.000000,169.000000,1.000000,1.000000,0.078066
7.000000,94.000000,242.000000,85.000000,58.000000,169.000000,1.000000,1.000000,0.074875
8.000000,94.000000,242.000000,85.000000,58.000000,169.000000,1.000000,1.000000,0.075573
1.000000,95.000000,264.000000,71.000000,54.000000,167.000000,1.000000,1.000000,0.096970
2.000000,95.000000,264.000000,71.000000,54.000000,166.000000,1.000000,1.000000,0.097550
3.000000,95.000000,264.000000,71.000000,54.000000,166.000000,1.000000,1.000000,0.097550
4.000000,95.000000,264.000000,71.000000,54.000000,166.000000,1.000000,1.000000,0.097550
5.000000,95.000000,264.000000,71.000000,54.000000,166.000000,1.000000,1.000000,0.099510
6.000000,95.000000,264.000000,71.000000,54.000000,166.000000,1.000000,1.000000,0.099510
7.000000,95.000000,264.000000,71.000000,54.000000,166.000000,1.000000,1.000000,0.099510
8.000000,95.000000,264.000000,71.000000,54.000000,166.000000,1.000000,1.000000,0.104630
1.000000,96.000000,209.000000,95.000000,42.000000,180.000000,1.000000,1.000000,0.270200
2.000000,96.000000,209.000000,95.000000,41.000000,179.000000,1.000000,1.000000,0.254100
3.000000,96.000000,209.000000,95.000000,41.000000,179.000000,1.000000,1.000000,0.254100
4.000000,96.000000,209.000000,96.000000,41.000000,178.000000,1.000000,1.000000,0.239960
5.000000,96.000000,209.000000,96.000000,41.000000,178.000000,1.000000,1.000000,0.239960
6.000000,96.000000,209.000000,96.000000,41.000000,178.000000,1.000000,1.000000,0.224790
7.000000,96.000000,209.000000,97.000000,41.000000,177.000000,1.000000,1.000000,0.225660
8.000000,96.000000,209.000000,97.000000,41.000000,177.000000,1.000000,1.000000,0.210410
1.000000,97.000000,914.000000,-107.000000,38.000000,115.000000,1.000000,1.000000,0.068966
2.000000,97.000000,914.000000,-107.000000,38.000000,115.000000,1.000000,1.000000,0.068966
3.000000,97.000000,914.000000,-107.000000,38.000000,115.000000,1.000000,1.000000,0.068966
4.000000,97.000000,914.000000,-107.000000,38.000000,115.000000,1.000000,1.000000,0.068966
5.000000,97.000000,914.000000,-107.000000,38.000000,115.000000,1.000000,1.000000,0.068966
6.000000,97.000000,914.000000,-107.000000,38.000000,115.000000,1.000000,1.000000,0.068966
7.000000,97.000000,914.000000,-107.000000,38.000000,115.000000,1.000000,1.000000,0.068966
8.000000,97.000000,914.000000,-107.000000,38.000000,115.000000,1.000000,1.000000,0.068966
1.000000,116.000000,1220.000000,-14.000000,63.000000,148.000000,1.000000,1.000000,0.368710
2.000000,116.000000,1218.000000,-14.000000,64.000000,147.000000,1.000000,1.000000,0.353430
3.000000,116.000000,1217.000000,-14.000000,65.000000,147.000000,1.000000,1.000000,0.351970
4.000000,116.000000,1216.000000,-14.000000,66.000000,147.000000,1.000000,1.000000,0.350540
5.000000,116.000000,1214.000000,-14.000000,68.000000,147.000000,1.000000,1.000000,0.342150
6.000000,116.000000,1213.000000,-14.000000,69.000000,147.000000,1.000000,1.000000,0.333780
7.000000,116.000000,1212.000000,-14.000000,70.000000,146.000000,1.000000,1.000000,0.334290
8.000000,116.000000,1210.000000,-14.000000,72.000000,146.000000,1.000000,1.000000,0.326160
1.000000,137.000000,39.000000,309.000000,115.000000,117.000000,0.000000,11.000000,1.000000
2.000000,137.000000,39.000000,309.000000,115.000000,117.000000,0.000000,11.000000,1.000000
3.000000,137.000000,39.000000,309.000000,115.000000,117.000000,0.000000,11.000000,1.000000
4.000000,137.000000,39.000000,309.000000,115.000000,117.000000,0.000000,11.000000,1.000000
5.000000,137.000000,39.000000,309.000000,115.000000,117.000000,0.000000,11.000000,1.000000
6.000000,137.000000,39.000000,309.000000,115.000000,117.000000,0.000000,11.000000,1.000000
7.000000,137.000000,39.000000,309.000000,115.000000,117.000000,0.000000,11.000000,1.000000
8.000000,137.000000,39.000000,309.000000,115.000000,117.000000,0.000000,11.000000,1.000000
